0 1252.85 319.141 295595
2 846.362 54.3758 183861
4 753.415 21.3025 125726
6 714.414 14.8404 96258
8 691.622 12.7539 78124
10 676.137 11.7639 63529
12 664.408 11.3526 57923
14 655.065 11.0534 49636
16 647.734 10.8493 42832
18 641.441 10.6995 39885
20 636.239 10.5402 33741
22 631.394 10.5261 35904
24 627.154 10.4256 30634
26 623.449 10.3448 26923
28 620.407 10.3333 26346
30 617.162 10.2952 27138
32 614.409 10.2036 22171
34 611.952 10.1718 21288
36 609.718 10.1655 20773
38 607.568 10.1402 20123
40 605.505 10.1149 19496
42 603.625 10.1159 18828
44 601.813 10.0992 18151
46 600.225 9.95377 15020
48 598.613 10.0632 17089
50 597.342 9.95811 12926
52 595.834 10.0129 17445
54 594.618 9.95763 12540
56 593.247 10.0265 15931
58 592.021 9.89912 13269
60 591.023 9.90779 10800
62 589.873 10.0054 14821
64 588.744 9.87025 12243
66 587.806 9.873 12053
68 586.889 9.87078 10881
70 586.016 9.88088 10000
72 585.229 9.87295 10003
74 584.446 9.86451 10000
76 583.674 9.85653 10000
78 582.911 9.84877 10000
80 582.156 9.841 10000
82 581.41 9.83332 9999
84 580.672 9.82591 9998
86 579.946 9.81893 10000
88 579.226 9.81177 10000
90 578.514 9.80465 10000
92 577.779 9.83174 8441
94 577.361 9.88131 7626
96 576.979 9.54922 3945
98 576.432 9.78511 9988
100 575.751 9.77765 10000
102 575.08 9.80866 9281
104 574.582 9.88363 6050
106 574.309 9.53508 4669
108 573.764 9.75851 10000
110 573.105 9.76254 8836
112 572.539 9.849 1351
114 572.557 9.72695 9813
116 571.848 9.74054 10000
118 571.31 9.95293 4448
120 571.157 9.55659 5552
122 570.61 9.72888 10000
126 570.004 9.72844 9972
128 569.367 9.75136 8516
130 569.608 9.52428 1484
132 568.811 9.71263 10000
134 568.306 9.91411 4493
136 568.161 9.53554 5507
138 567.586 9.7368 8016
140 567.906 9.55906 1984
142 567.08 9.69695 10000
146 566.518 9.69186 10000
150 565.961 9.68667 9997
152 564.709 9.70722 2026
154 565.596 9.66824 7974
156 564.95 9.90109 4570
158 564.816 9.48591 5430
160 564.415 9.89134 4612
162 564.285 9.48238 5388
164 563.183 9.73815 2848
166 564.073 9.62998 7152
170 563.299 9.6637 9997
174 562.791 9.66002 10000
178 562.288 9.65574 10000
182 561.748 9.6858 7706
184 561.938 9.53804 2294
188 561.479 9.6493 9012
192 560.82 9.64412 10000
196 560.417 9.76746 6211
198 560.228 9.42818 3789
202 559.877 9.6366 10000
206 559.508 9.81531 5616
208 559.298 9.39361 4384
212 558.961 9.62918 10000
218 558.511 9.62542 9997
222 558.202 9.84856 4913
224 557.734 9.48391 5249
228 557.602 9.73483 7274
230 557.42 9.55137 3251
234 557.16 9.66955 8895
236 557.106 9.81538 2009
240 556.763 9.65555 9506
242 556.391 9.73422 1883
246 556.242 9.6312 9406
248 555.631 9.37437 3337
250 554.773 9.28622 1315
252 555.827 9.61145 8591
254 555.502 9.48245 6627
256 555.01 9.51485 2667
258 555.414 9.73747 6773
260 555.246 9.69656 10459
262 554.778 9.87147 4070
264 554.622 9.85602 3123
266 554.463 9.76378 16933
268 553.571 9.84947 7065
270 553.44 9.8476 5337
272 554.426 9.83787 16125
274 554.245 10.1481 11371
276 554.054 10.159 7985
278 553.937 10.0195 8421
280 554.328 9.86392 22106
282 554.12 9.96213 11933
284 553.989 9.96623 9272
286 553.839 9.73764 21928
288 553.388 9.73837 19105
290 553.29 9.76857 13946
292 553.209 9.79341 11214
294 553.186 9.51287 29758
296 552.878 9.45085 19518
298 552.802 9.49208 15280
300 552.976 9.52962 18873
302 552.954 9.39346 31414
304 552.826 9.39078 21480
306 552.689 9.44154 17648
308 552.969 9.50092 25980
310 552.918 9.3591 31460
312 552.769 9.36715 23068
314 552.627 9.41727 19043
316 552.521 9.49146 30945
318 552.392 9.52526 32678
320 552.289 9.49632 25387
322 552.176 9.5147 21041
324 552.059 9.63388 31436
326 551.958 9.69773 33993
328 551.836 9.66302 26318
330 551.756 9.67676 22457
332 551.78 9.56956 29794
334 551.711 9.49273 35828
336 551.592 9.5068 27661
338 551.513 9.54205 23663
340 551.491 9.56816 25343
342 551.382 9.57225 36008
344 551.256 9.56833 28561
346 551.207 9.55293 23249
348 551.085 9.559 20874
350 551.396 9.51952 34310
352 551.283 9.52855 27428
354 551.152 9.55115 23503
356 551.007 9.54865 20500
358 550.907 9.45282 26160
360 550.755 9.36643 26750
362 550.666 9.43071 22771
364 550.608 9.41671 19692
366 550.537 9.44286 18489
368 550.403 9.54706 26582
370 550.266 9.4913 22047
372 550.242 9.49914 19146
374 550.194 9.51309 17445
376 550.069 9.4829 19067
378 550.046 9.61728 21226
380 549.951 9.55964 17516
382 549.881 9.57179 17311
384 549.839 9.55833 15368
386 549.97 9.623 17757
388 549.914 9.72176 17097
390 549.776 9.67696 14850
392 549.704 9.60271 14382
394 549.645 9.62209 13502
396 549.691 9.46727 15331
398 549.551 9.52735 14879
400 549.485 9.51268 12948
402 549.423 9.50724 12343
404 549.324 9.53119 12174
406 549.705 9.45534 13047
408 549.525 9.52659 12609
410 549.406 9.49819 10423
412 549.169 9.47956 11475
414 549.204 9.50085 10667
416 549.149 9.50227 10569
418 549.058 9.55632 10478
420 548.966 9.41842 8588
422 548.879 9.54593 10787
424 548.922 9.55703 8829
426 548.537 9.57086 9112
428 548.609 9.68929 8707
430 548.537 9.60767 9442
432 548.458 9.58768 8721
434 548.446 9.58278 6730
436 548.36 9.56024 8637
438 548.442 9.66996 8045
440 548.242 9.60965 8998
442 548.209 9.58864 6241
444 548.195 9.56427 8576
446 548.127 9.64617 6963
448 548.096 9.54632 7175
450 548.138 9.55868 6265
452 547.94 9.55238 7290
454 548.02 9.48012 7090
456 547.906 9.60695 5372
458 547.901 9.46456 7367
460 547.709 9.65197 6016
462 547.795 9.52581 6784
464 547.553 9.53896 4943
466 547.72 9.54794 6948
468 547.638 9.43538 4386
470 547.555 9.61985 6710
472 547.549 9.54137 5088
474 547.478 9.55055 6887
476 547.429 9.53436 4070
478 547.365 9.49992 6748
480 547.307 9.64808 3595
482 547.497 9.53142 6418
484 547.067 9.5038 4576
486 547.315 9.57494 6376
488 547.07 9.49118 3927
490 547.057 9.56149 5972
492 547.379 9.48749 3344
494 546.971 9.55361 6039
496 547.123 9.54638 4416
498 546.99 9.50381 5622
500 546.894 9.47027 3896
502 546.918 9.60074 5402
504 546.866 9.41327 3283
506 546.817 9.55129 5817
508 546.869 9.55325 4067
510 546.86 9.49236 3845
512 546.456 9.61333 4311
514 546.745 9.51881 4407
516 546.706 9.51141 4740
518 546.492 9.61103 3987
520 546.756 9.45636 4454
522 546.262 9.55286 2869
524 546.5 9.48134 5254
526 546.481 9.64608 3948
528 546.393 9.44031 4292
530 546.438 9.41757 2413
532 546.414 9.66218 5630
534 546.105 9.41491 3642
536 546.217 9.52263 2918
538 546.348 9.60119 4162
540 546.093 9.50702 3852
542 546.258 9.51554 4093
544 546.064 9.65896 2618
546 546.039 9.43148 4752
548 546.222 9.60382 3381
550 545.98 9.36195 3105
552 546.323 9.67825 2149
554 545.8 9.61171 1761
556 546.205 9.37618 2335
560 545.772 9.43027 1631
