Display period: 400
Display period: 400
Display period: 400
Display period: 400
Display period: 400
Display period: 400
Display period: 400
Display period: 400
Display period: 400
Display period: 400
Display period: 400
Display period: 400
Display period: 400
Display period: 400
Display period: 400
Display period: 400
Display period: 400
Display period: 400
Display period: 400
Display period: 400
0 1473.03
0.5 1034.68
1 892.069
1.5 816.739
2 777.528
2.5 748.902
3 725.207
3.5 706.595
4 694.002
4.5 684.407
5 676.467
5.5 670.584
6 657.723
6.5 659.83
7 650.113
7.5 645.21
8 639.584
8.5 639.362
9 631.305
9.5 625.543
10 627.278
10.5 627.984
11 617.991
11.5 624.567
12 611.106
12.5 623.054
13 607.531
13.5 607.718
14 609.469
14.5 613.3
15 605.182
15.5 595.993
16 601.912
16.5 600.571
17 599.249
17.5 597.945
18 596.662
18.5 595.395
19 594.144
19.5 592.909
20 591.692
20.5 590.487
21 589.299
21.5 601.586
22 574.63
22.5 586.861
23 585.823
23.5 584.692
24 598.426
24.5 555.998
25 582.473
25.5 581.381
26 593.259
26.5 564.462
27 579.233
27.5 580.751
28 529.304
28.5 577.137
29 583.191
29.5 535.955
30 575.086
30.5 593.486
31 561.141
31.5 573.084
32.5 572.098
33 594.629
33.5 558.468
34 574.254
34.5 533.33
35 569.21
36 568.268
37 567.337
38 566.417
39 565.508
40 564.606
41 563.715
42 562.834
43 575.312
43.5 537.177
44 574.008
44.5 560.424
45.5 560.251
46.5 573.458
47 526.624
48 558.572
49 557.748
50.5 556.931
51.5 573.768
52 544.364
53 555.326
54.5 554.537
56 553.761
57.5 552.989
58.5 565.092
59 551.548
60.5 551.471
62 550.728
63.5 549.991
65 551.525
65.5 506.276
66.5 561.372
67 547.869
68.5 547.831
70 559.918
70.5 546.455
72 546.434
74 545.746
76 545.065
78 544.395
80 543.733
82 543.076
84 542.429
86 543.976
86.5 500.195
88.5 541.155
90.5 540.532
93 539.913
95 551.997
95.5 538.634
97.5 554.735
98 528.012
100 554.083
100.5 527.451
102.5 540.701
103 537.161
105.5 536.928
108 536.356
111 535.783
113.5 545.483
114 522.693
116.5 534.662
119.5 534.126
122.5 533.564
125.5 543.966
126 517.61
126.5 507.294
127 507.216
127.5 507.143
128 507.076
128.5 507.01
129 524.918
129.5 496.229
130 497.046
130.5 497.59
131 496.219
131.5 498.245
132 527.28
132.5 512.848
133 497.63
133.5 497.568
134 497.501
134.5 495.245
135 498.842
135.5 528.47
136 495.06
136.5 498.648
137 496.148
137.5 500.966
138 496.04
138.5 498.405
139 529.029
139.5 498.282
140 495.792
140.5 500.594
141 495.66
141.5 498.033
142 497.984
142.5 528.529
143 497.859
143.5 497.807
144 497.753
144.5 497.698
145 497.642
145.5 497.585
146 529.932
146.5 495.028
147 490.097
147.5 504.659
148 497.315
148.5 497.252
149 497.187
149.5 497.12
150 530.755
150.5 497.021
151 496.952
151.5 489.61
152 504.152
152.5 496.809
153 496.736
153.5 530.274
154 503.915
154.5 496.586
155 489.268
155.5 496.473
156.5 496.395
157 496.315
157.5 527.857
158 501.227
158.5 502.601
159 500.947
159.5 500.352
160 502.442
160.5 499.827
161 499.605
161.5 527.443
162 498.823
162.5 502.4
163 497.59
163.5 502.304
164 497.494
164.5 502.279
165 497.405
165.5 528.172
166 497.309
166.5 498.595
167 501.741
167.5 497.431
168 501.652
168.5 501.874
169 494.749
169.5 520.734
170 520.295
170.5 509.549
171 506.484
171.5 508.578
172 506.992
172.5 508.969
173 506.017
173.5 508.2
174 525.836
174.5 511.562
175 513.371
175.5 512.069
176 511.326
176.5 511.319
177 512.869
177.5 510.886
178 510.221
178.5 527.122
179 522.577
179.5 522.666
180 522.639
180.5 519.59
181 522.447
181.5 521.199
182 520.345
182.5 521.135
183 526.065
183.5 517.568
184 523.535
184.5 516.639
185 521.324
185.5 517.687
186 516.666
186.5 519.442
187 521.677
187.5 526.718
188 515.796
188.5 517.427
189 512.761
189.5 517.761
190 517.254
190.5 513.31
191 517.148
191.5 514.67
192 518.648
192.5 523.851
193 516.5
193.5 517.344
194 511.448
194.5 517.194
195 516.903
195.5 512.972
196 514.982
196.5 514.49
197 526.855
197.5 512.731
198 501.964
198.5 502.935
199 503.031
199.5 504.287
200 506.842
200.5 504.89
201 504.159
201.5 502.675
202 521.714
202.5 512.992
203 507.716
203.5 503.926
204 507.432
204.5 507.81
205 504.915
205.5 506.096
206 508.383
206.5 504.983
207 508.306
207.5 521.892
208 506.13
208.5 505.593
209 508.248
209.5 503.97
210 511.337
210.5 503.49
211 508.475
211.5 510.225
212 501.535
212.5 527.281
213 508.158
213.5 515.104
214 511.43
214.5 511.411
215 510.304
215.5 511.128
216 511.529
216.5 509.728
217 509.987
217.5 509.363
218 531.026
218.5 510.721
219 509.38
219.5 506.935
220 507.163
220.5 513.182
221 507.265
221.5 511.649
222 504.797
222.5 511.396
223 511.261
223.5 530.749
224 505.748
224.5 510.729
225 512.953
225.5 506.488
226 512.069
226.5 506.841
227 505.962
227.5 513.09
228 502.055
228.5 508.306
229 532.164
229.5 502.563
230 513.83
230.5 504.471
231 510.345
231.5 506.794
232 504.378
232.5 522.37
233 506.514
233.5 505.41
234 507.58
234.5 513.069
235 534.789
235.5 514.867
236 506.039
236.5 506.25
237 506.496
237.5 511.436
238 504.437
238.5 530.306
239 502.933
239.5 495.259
240 511.667
240.5 508.6
241 539.888
241.5 509.818
242 505.995
242.5 499.97
243 508.301
243.5 511.799
244 504.22
244.5 507.574
245 510.68
245.5 501.951
246 514.43
246.5 503.529
247 544.195
247.5 503.198
248 503.891
248.5 513.178
249 497.388
249.5 508.65
250 507.114
250.5 510.605
251 507.989
251.5 501.269
252 533.041
252.5 508.561
253 544.735
253.5 509.979
254 513.211
254.5 502.932
255 497.62
255.5 513.069
256 511.836
256.5 504.126
257.5 489.69
258 513.797
258.5 493.746
259 500.254
259.5 537.69
260 514.357
260.5 505.115
261 496.099
261.5 511.697
262 532.489
262.5 505.517
263 505.612
263.5 507.32
264 501.417
264.5 509.265
265 504.211
265.5 501.294
266 554.247
266.5 551.204
267 539.28
267.5 525.492
268 531.056
268.5 547.19
269 530.198
269.5 532.362
270 534.59
270.5 540.907
271 524.662
271.5 517.284
272 554.867
272.5 532.677
273 533.972
273.5 529.829
274 529.339
274.5 525.89
275 513.661
275.5 535.024
276 517.919
276.5 540.707
277 510.938
277.5 534.785
278 511.577
278.5 525.35
279 512.146
279.5 547.254
280 521.506
280.5 516.986
281 519.037
281.5 554.308
282 517.744
282.5 516.748
283 512.617
283.5 515.152
284 517.555
284.5 534.48
285 524.318
285.5 518.635
286 518.067
286.5 526.612
287 529.439
287.5 524.188
288 518.507
288.5 506.033
289 533.16
289.5 513.853
290 514.349
290.5 510.033
291 495.11
291.5 553.751
292 523.756
292.5 487.372
293 511.342
293.5 532.921
294 551.903
294.5 516.192
295 514.13
295.5 501.679
296 553.512
296.5 518.429
297.5 509.705
298 519.765
298.5 509.901
299 553.335
299.5 503.373
300 506.43
300.5 514.08
301 523.544
301.5 551.527
302 519.548
302.5 494.933
303 514.822
303.5 493.616
304 518.619
305 517.247
305.5 495.884
306 532.348
307 520.527
307.5 503.933
308 517.587
308.5 499.801
309 551.406
309.5 511.584
310 523.891
310.5 511.887
311 487.766
311.5 552.712
312 494.906
312.5 533.119
313 502.478
314 518.401
315 519.739
315.5 513.453
316 497.436
316.5 528.443
317 529.949
317.5 526.465
318 503.73
319 511.623
319.5 503.024
320 496.53
320.5 532.774
321 509.058
321.5 496.613
322 528.237
323 506.466
323.5 501.965
324 511.064
324.5 539.993
325 500.331
326 506.55
326.5 504.595
327 498.829
327.5 510.931
328 518.461
328.5 491.01
329 512.953
329.5 516.699
330 504.467
331 505.814
331.5 501.72
332 517.039
332.5 516.567
333 528.042
333.5 516.78
334 517.647
334.5 515.514
335 516.804
335.5 514.177
336 514.753
336.5 514.109
337 529.6
337.5 525.039
338 530.216
338.5 541.604
339 541.584
339.5 517.055
340 531.494
340.5 525.135
341 532.086
341.5 531.118
342 536.79
342.5 535.757
343 535.295
343.5 530.17
344 527.966
344.5 528.002
345 528.202
345.5 537.99
346 535.614
346.5 535.494
347 521.961
347.5 536.827
348 525.233
348.5 525.517
349 530.538
349.5 545.064
350 567.608
350.5 565.747
351 558.652
351.5 563.926
352 549.254
352.5 517.484
353 526.015
353.5 521.08
354 527.127
354.5 522.341
355 523.82
355.5 535.363
356 539.736
356.5 561.616
357 536.027
357.5 540.484
358 557.989
358.5 532.593
359 556.728
359.5 534.988
360 549.831
360.5 562.167
361 556.642
361.5 529.421
362 528.627
362.5 563.365
363 535.404
363.5 535.352
364 549.683
364.5 547.929
365 549.639
365.5 589.981
366 531.576
366.5 541.611
367 520.825
367.5 552.458
368 531.12
368.5 549.652
369 589.83
369.5 549.479
370 532.087
370.5 540.372
371 531.715
371.5 523.616
372 522.297
372.5 549.368
373 589.653
373.5 549.331
374 530.744
374.5 549.3
375 539.961
375.5 521.786
376 525.531
376.5 529.021
377 536.417
378 541.608
378.5 589.415
379 535.715
379.5 569.596
380 512.473
380.5 525.36
381 536.841
381.5 524.698
382 535.755
382.5 519.4
383 548.999
383.5 589.207
384 533.314
384.5 543.991
385 492.342
385.5 545.482
386 511.327
386.5 530.029
387 539.927
387.5 531.187
388.5 559.463
389 533.164
389.5 523.822
390 520.586
390.5 588.932
391 515.212
391.5 548.847
392 509.03
392.5 539.886
393 521.171
394 551.6
394.5 504.006
395 546.854
395.5 525.594
396 549.679
396.5 511.054
397 532.914
397.5 545.717
398 519.962
398.5 535.35
399 508.288
399.5 508.455
400 522.264
400.5 511.047
401 525.271
401.5 546.065
402 510.907
402.5 588.465
403 528.418
404 588.412
404.5 507.45
405 529.783
405.5 545.312
406 535.993
406.5 539.345
407 588.306
407.5 516.207
408 532.587
408.5 558.79
409 508.604
409.5 514.295
410 533.771
410.5 506.054
411 502.128
411.5 551.036
412 548.716
412.5 539.181
413 544.964
413.5 510.635
414.5 536.499
415 507.931
415.5 548.6
416 542.389
416.5 529.324
417 518.35
418 587.904
418.5 539.008
419 530.922
419.5 518.553
420 523.383
420.5 479.103
421 527.927
421.5 587.778
422.5 501.862
423 522.868
423.5 542.056
425 525.238
425.5 523.734
426.5 510.537
427 524.097
427.5 567.917
428 538.762
428.5 501.725
429 487.938
429.5 550.497
430 490.047
430.5 497.604
431 489.951
431.5 513.645
432 478.856
433 538.635
433.5 547.716
434 531.866
434.5 501.594
435.5 557.963
436 490.317
436.5 497.602
437 491.643
437.5 541.808
438 525.159
439 531.743
440 547.66
440.5 519.943
441.5 524.375
442.5 587.088
443 497.249
443.5 538.362
444 513.95
444.5 523.465
445 587.012
446.5 527.292
447 501.328
447.5 548.288
448.5 541.5
449 523.854
450 586.859
450.5 478.489
451 515.217
452 533.659
452.5 586.779
453 509.513
453.5 518.782
454.5 529.849
455 552.54
455.5 497.014
456.5 478.371
457.5 549.724
458 515.083
458.5 542.707
459.5 525.315
460 501.053
460.5 539.115
461.5 510.583
463 537.327
463.5 531.136
464.5 537.853
465 514.951
465.5 509.269
466 586.368
467 521.009
468 521.283
468.5 500.692
469 586.283
470 513.37
471 540.932
471.5 537.698
472 540.269
472.5 509.449
473 529.43
473.5 539.724
474 500.789
475 509.561
475.5 586.105
476.5 530.843
477 478.018
478.5 544.873
479.5 520.037
480 526.561
480.5 525.351
481.5 543.27
482 496.52
482.5 537.461
483 523.894
483.5 530.691
484 512.341
485 547.359
486 537.381
487 530.613
487.5 526.054
488 530.85
488.5 543.133
