0.05	0.000000
0.1	0.000000
0.122831	50.714026
0.133755	49.792587
0.146021	49.370342
0.177509	48.906746
0.237509	47.752115
0.298592	45.705233
0.330839	43.860555
0.348618	42.989319
0.368976	42.534952
0.416507	42.031508
0.478007	40.906348
0.537439	39.573610
0.583994	38.414999
0.6248	37.589347
0.675399	36.915483
0.738436	36.131293
0.80305	35.225984
0.869279	34.376329
0.937163	33.576965
1.00674	32.822811
1.07807	32.109483
1.15117	31.432988
1.2261	30.790011
1.30291	30.177198
1.38163	29.591765
1.46233	29.031351
1.54504	28.493942
1.62981	27.977751
1.71671	27.480962
1.80578	27.002400
1.89708	26.540782
1.99066	26.095115
2.08658	25.664227
2.1849	25.246993
2.28567	24.842678
2.38896	24.450794
2.49484	24.070668
2.60336	23.701919
2.7146	23.344105
2.82862	22.996762
2.94549	22.659500
3.06528	22.331871
3.18806	22.013795
3.31392	21.705253
3.44292	21.405626
3.57514	21.114444
3.71067	20.831608
3.84959	20.556684
3.99198	20.289613
4.13794	20.030227
4.28754	19.778268
4.44088	19.533478
4.59805	19.295488
4.75916	19.064181
4.92429	18.839323
5.09355	18.620895
5.26704	18.408649
5.44487	18.202368
5.62714	18.001776
5.81397	17.806740
6.00547	17.617138
6.20176	17.432835
6.40296	17.253702
6.60919	17.079564
6.82057	16.910242
7.03724	16.745686
7.25932	16.585594
7.48695	16.430049
7.72028	16.278681
7.95944	16.131518
8.20458	15.988257
8.45585	15.848955
8.71339	15.713521
8.97738	15.582001
9.24797	15.454500
9.52532	15.330676
9.80961	15.210639
10.101	15.093885
10.3997	14.980246
10.7058	14.869889
11.0196	14.762806
11.3413	14.659106
11.6709	14.558235
12.0089	14.460193
12.3552	14.365148
12.7103	14.273243
13.0742	14.184192
13.4472	14.097809
13.8295	14.013799
14.2214	13.932303
14.6231	13.853639
15.0348	13.777094
15.4569	13.702690
15.8894	13.631262
16.3328	13.561996
16.7873	13.494232
17.2531	13.428523
17.7306	13.365115
18.22	13.304014
18.7217	13.245103
19.2359	13.188064
19.7629	13.132733
20.3032	13.078992
20.8569	13.027270
21.4245	12.977412
22.0062	12.929231
22.6025	12.883277
23.2137	12.839009
23.8402	12.796128
24.4824	12.755298
25.1406	12.716203
25.8153	12.678013
26.5068	12.641334
27.2156	12.606120
27.9422	12.572891
28.6869	12.541436
29.4502	12.510820
30.2326	12.481091
31.0346	12.452653
31.8566	12.426337
32.6992	12.401099
33.5628	12.376407
34.448	12.352003
35.3554	12.329196
36.2854	12.307186
37.2387	12.285526
38.2158	12.264720
39.2174	12.244272
40.244	12.225645
41.2962	12.208057
42.3748	12.191982
43.4803	12.176085
44.6135	12.159690
45.7749	12.144154
46.9655	12.129432
48.1858	12.115836
49.4366	12.103148
50.7186	12.089976
52.0327	12.077688
53.3797	12.065397
54.7604	12.054994
56.1755	12.045707
57.6261	12.035472
59.1129	12.025487
60.6368	12.015705
62.1989	12.006158
63.8	11.997261
65.4412	11.988255
67.1234	11.979814
68.8476	11.971438
70.615	11.964746
72.4265	11.959058
74.2833	11.954106
76.1865	11.949121
78.1373	11.944155
80.1369	11.939728
82.1865	11.935631
84.2873	11.932222
86.4407	11.929847
88.6478	11.927498
90.9102	11.925545
93.2291	11.923769
95.606	11.922709
98.0423	11.921297
100.539	11.920543
103.099	11.920228
105.723	11.919742
108.412	11.919895
111.168	11.920045
113.994	11.919592
116.89	11.920016
119.858	11.921110
122.901	11.923045
126.019	11.924104
129.216	11.925490
132.493	11.927372
135.851	11.928947
139.294	11.929689
142.822	11.932401
146.439	11.934205
150.146	11.936467
153.946	11.937364
157.84	11.939271
161.833	11.941809
165.925	11.945962
170.119	11.949833
174.418	11.953808
178.825	11.957989
183.341	11.961820
187.971	11.964782
192.716	11.969316
197.581	11.972837
202.566	11.979583
207.677	11.983307
212.915	11.989526
218.284	11.994177
223.787	12.004622
223.837	12.007928
223.897	12.007931
223.958	12.007941
224.021	12.007959
224.086	12.007983
224.152	12.008013
224.22	12.008050
224.29	12.008095
224.361	12.008148
224.434	12.008208
224.509	12.008275
224.586	12.008345
224.665	12.008421
224.745	12.008503
224.828	12.008591
224.913	12.008687
225	12.008789
225.089	12.008898
225.18	12.009013
225.274	12.009134
225.37	12.009262
225.468	12.009395
225.569	12.009535
225.672	12.009680
225.778	12.009831
225.886	12.009978
225.998	12.010132
226.112	12.010291
226.228	12.010455
226.348	12.010622
226.471	12.010790
226.597	12.010962
226.726	12.011139
226.858	12.011323
226.994	12.011511
227.133	12.011705
227.275	12.011903
227.421	12.012101
227.57	12.012303
227.724	12.012500
227.881	12.012712
228.042	12.012941
228.207	12.013177
228.376	12.013420
228.55	12.013668
228.728	12.013909
228.91	12.014149
229.097	12.014389
229.288	12.014638
229.485	12.014883
229.686	12.015133
229.892	12.015390
230.103	12.015647
230.32	12.015896
230.542	12.016145
230.77	12.016395
231.003	12.016661
231.242	12.016936
231.488	12.017215
231.739	12.017503
231.996	12.017802
232.26	12.018111
232.531	12.018432
232.808	12.018763
233.093	12.019107
233.384	12.019478
233.683	12.019851
233.989	12.020221
234.303	12.020596
234.624	12.020987
234.954	12.021398
235.292	12.021820
235.638	12.022257
235.993	12.022711
236.357	12.023182
236.73	12.023655
237.112	12.024139
237.504	12.024625
237.906	12.025139
238.318	12.025667
238.74	12.026213
239.172	12.026775
239.616	12.027345
240.07	12.027922
240.536	12.028510
241.014	12.029115
241.503	12.029726
242.005	12.030341
242.519	12.030958
243.046	12.031564
243.586	12.032184
244.14	12.032807
244.707	12.033464
245.289	12.034145
245.885	12.034858
246.497	12.035542
247.123	12.036222
247.765	12.036911
248.424	12.037630
249.098	12.038390
249.79	12.039183
250.499	12.039999
251.225	12.040805
251.97	12.041589
252.733	12.042367
253.516	12.043172
254.318	12.044014
255.14	12.044896
255.982	12.045836
256.846	12.046856
257.731	12.047961
258.638	12.049118
259.568	12.050314
260.522	12.051508
261.499	12.052754
262.5	12.054016
263.527	12.055325
264.579	12.056688
265.658	12.058077
266.763	12.059492
267.896	12.060807
269.058	12.062089
270.248	12.063389
271.469	12.064712
272.719	12.065944
274.002	12.067312
275.316	12.068757
276.663	12.070222
278.043	12.071665
279.458	12.073008
280.909	12.074347
282.396	12.075802
283.92	12.077337
285.482	12.078807
287.083	12.080359
288.724	12.081932
290.406	12.083578
292.131	12.085207
293.898	12.086878
295.709	12.088512
297.566	12.089921
299.469	12.091255
301.42	12.092835
303.42	12.094451
305.469	12.096072
307.57	12.097732
309.724	12.099152
311.931	12.100819
314.193	12.102571
316.512	12.104474
318.889	12.106550
321.325	12.108789
323.822	12.111073
326.382	12.113441
329.006	12.115813
331.695	12.118164
334.451	12.120618
337.277	12.123167
340.173	12.125763
343.141	12.128593
346.184	12.131166
349.302	12.133638
352.499	12.135940
355.776	12.138262
359.134	12.140708
362.576	12.143145
366.105	12.146015
369.722	12.149101
373.429	12.152123
377.229	12.154924
381.123	12.157765
385.116	12.160558
389.208	12.163294
393.402	12.165969
397.701	12.168752
402.108	12.171617
406.624	12.174075
411.254	12.176172
415.999	12.178667
420.863	12.181462
425.849	12.184576
430.959	12.187636
436.197	12.190343
441.567	12.193594
447.07	12.196976
452.711	12.200148
458.492	12.203039
464.419	12.206060
470.493	12.208357
476.72	12.210995
483.102	12.214393
489.643	12.217984
496.349	12.221125
503.221	12.224583
510.266	12.227934
517.487	12.231645
524.888	12.234818
532.474	12.238522
540.25	12.242128
548.221	12.246099
556.39	12.249724
