0 67.315 8.66413 93452
2 57.5886 6.73942 86056
4 51.1349 8.54556 66604
6 52.4027 14.7122 81581
8 55.1226 16.0148 115799
10 50.3001 14.8271 111039
12 42.0035 12.2777 85710
14 35.6546 9.65254 69136
16 30.7024 7.47622 59119
18 27.3276 5.97799 50665
20 24.8042 4.9875 44863
22 22.9427 4.33248 39973
24 21.4492 3.86754 36457
26 20.2327 3.53855 33739
28 19.2557 3.2832 31218
30 18.4648 3.09805 28060
32 17.778 2.93725 26233
34 17.123 2.79737 25875
36 16.629 2.70054 23575
38 16.1731 2.6098 22183
40 15.8094 2.53955 20204
42 15.4277 2.45498 20273
44 15.1205 2.39381 19277
46 14.8411 2.34079 18408
48 14.5965 2.29766 17174
50 14.3669 2.24139 16839
52 14.1775 2.21809 15921
54 13.9865 2.15996 15519
56 13.8291 2.13402 14751
58 13.6854 2.10941 13872
60 13.542 2.06641 14315
62 13.4278 2.0526 13391
64 13.3149 2.01766 13030
66 13.2186 1.99952 12123
68 13.1044 1.96987 11734
70 13.0189 1.94747 11390
72 12.982 1.92587 12222
74 12.9041 1.91665 11372
76 12.823 1.88632 10926
78 12.7547 1.87906 10591
80 12.7005 1.85698 10208
82 12.6588 1.84119 9787
84 12.5916 1.82728 8950
86 12.5754 1.81232 9900
88 12.5477 1.80315 9732
90 12.5087 1.78952 9494
92 12.4768 1.77329 9414
94 12.4271 1.75231 8596
96 12.3806 1.74367 8234
98 12.3125 1.72056 7300
100 12.3646 1.73261 8989
102 12.3695 1.72674 8660
104 12.3051 1.70434 7735
106 12.1816 1.65966 6214
108 12.2991 1.69125 8648
110 12.2997 1.69291 8272
112 12.1987 1.65994 6692
114 12.1587 1.63992 6539
116 12.2733 1.65869 8118
118 12.1919 1.64903 6688
120 12.0821 1.60478 5987
122 12.2552 1.64032 7809
124 12.1452 1.6182 6216
126 12.0703 1.59524 6089
128 12.247 1.62362 7459
130 11.9585 1.54604 4334
132 12.1583 1.59967 7664
134 12.1835 1.59498 6042
136 12.0203 1.56343 5618
138 12.1818 1.59656 6993
140 11.8934 1.53847 4359
142 12.1238 1.58703 7241
144 11.8863 1.53645 3860
146 12.0912 1.57391 7727
148 11.9971 1.56947 5019
150 11.9517 1.57232 6575
152 11.9168 1.58482 5520
154 11.8561 1.55281 6286
156 11.8849 1.60321 5839
158 11.6746 1.53645 6493
160 11.8227 1.59554 6107
162 11.6689 1.50309 6610
164 11.7318 1.5615 6353
166 11.6268 1.48351 7415
168 11.5868 1.5137 6461
170 11.5968 1.47536 8441
172 11.2674 1.33878 5469
174 11.6438 1.48939 10919
176 11.1595 1.29003 6486
178 11.6137 1.47532 11312
180 11.115 1.22093 7584
182 11.5755 1.46971 11095
184 11.1244 1.17216 8461
186 11.4159 1.39155 9987
188 11.3079 1.28856 11423
190 11.1514 1.21429 9402
192 11.509 1.36654 13640
194 11.1805 1.16042 10636
196 11.4834 1.35649 13223
198 11.271 1.16463 12991
200 11.2429 1.19032 11484
202 11.4921 1.31467 15778
204 11.2664 1.14661 13117
206 11.4806 1.27902 15167
208 11.3579 1.14488 15984
210 11.3168 1.1358 14084
212 11.5459 1.25875 17231
214 11.3878 1.11573 15188
216 11.451 1.18509 14492
218 11.5649 1.22944 17878
220 11.4433 1.13174 15991
222 11.5683 1.2233 16461
224 11.5361 1.16311 18770
226 11.481 1.12149 17094
228 11.6168 1.21087 18436
230 11.5139 1.10447 18432
232 11.4864 1.09219 16874
234 11.6624 1.2084 19435
236 11.5522 1.09078 19616
238 11.5091 1.08976 17530
240 11.6935 1.20451 19875
242 11.6178 1.10069 19025
244 11.5793 1.07616 16790
246 11.7843 1.20556 19395
248 11.6862 1.12303 19301
250 11.6352 1.09352 16935
252 11.7818 1.20708 18471
254 11.7422 1.13302 20080
256 11.6899 1.08915 17619
258 11.7864 1.16822 17573
260 11.841 1.15262 20147
262 11.7485 1.09705 17709
264 11.7368 1.10183 15669
266 11.9667 1.21641 20966
268 11.8455 1.12246 18766
270 11.7981 1.11828 15949
272 11.9938 1.22901 19183
274 11.9188 1.15481 19492
276 11.8487 1.12449 16510
278 11.9521 1.18735 16816
280 12.0109 1.19369 20047
282 11.9188 1.12965 17374
284 11.9167 1.13366 14982
286 12.0891 1.22901 18418
288 12.0127 1.14944 17976
290 11.9496 1.13208 15282
292 12.0116 1.17233 15075
294 12.1074 1.20218 18493
296 12.0108 1.13879 16356
298 11.9893 1.14015 14298
300 12.1227 1.22808 15703
302 12.1284 1.21546 16969
304 12.0395 1.17007 14525
306 12.0329 1.17463 13265
308 12.2321 1.27 15726
310 12.1709 1.19501 16127
312 12.1125 1.18255 13901
314 12.1225 1.20034 12860
316 12.2683 1.26467 15561
318 12.1734 1.19794 15195
320 12.114 1.18476 13220
322 12.1733 1.22575 12549
324 12.3105 1.2775 15443
326 12.1972 1.18632 14902
328 12.1728 1.19003 12936
330 12.2111 1.20817 12573
332 12.3749 1.28841 14851
334 12.3181 1.23832 14479
336 12.2603 1.23537 12599
338 12.2616 1.23575 11906
340 12.3665 1.28915 13655
342 12.3436 1.25267 13801
344 12.2691 1.24131 11955
346 12.2877 1.25131 11093
348 12.3606 1.2828 12515
350 12.4232 1.28748 13666
352 12.3113 1.24873 11885
354 12.2899 1.25169 11007
356 12.3173 1.2728 10924
358 12.4513 1.30828 12560
360 12.3572 1.23141 11726
362 12.3058 1.23862 10564
364 12.3161 1.25001 9878
366 12.3689 1.30616 11352
368 12.4339 1.27494 11752
370 12.3405 1.24545 10551
372 12.3294 1.24524 9852
374 12.3338 1.26006 9597
376 12.4696 1.3501 11103
378 12.4249 1.30358 10635
380 12.3077 1.31927 9846
382 12.351 1.3333 9485
384 12.3964 1.33104 9897
386 12.4756 1.34202 10360
388 12.3769 1.25431 9330
390 12.3307 1.26723 8706
392 12.3489 1.32598 8654
394 12.4068 1.35306 9496
396 12.532 1.38651 9924
398 12.4167 1.32162 9346
400 12.3422 1.34752 8816
402 12.3673 1.36583 8521
404 12.414 1.37724 9265
406 12.5584 1.42151 9460
408 12.4556 1.35939 8766
410 12.3512 1.37581 8303
412 12.362 1.37436 7996
414 12.4016 1.36888 8673
416 12.4794 1.42849 9146
418 12.3989 1.40794 8154
420 12.3699 1.38038 7802
422 12.4383 1.385 7842
424 12.448 1.42083 7991
426 12.5442 1.4588 8454
428 12.5315 1.407 7510
430 12.4049 1.40998 7561
432 12.4101 1.40655 7320
434 12.4871 1.41261 6886
436 12.4359 1.39509 7871
438 12.5229 1.43681 7461
440 12.4452 1.40872 7324
442 12.4092 1.40149 6833
444 12.5021 1.41752 6754
446 12.5423 1.40675 7001
448 12.628 1.46752 7659
450 12.5484 1.41959 6959
452 12.4914 1.38153 7097
454 12.4613 1.36734 6866
456 12.5342 1.41948 6646
458 12.5142 1.42042 7368
460 12.538 1.46207 7177
462 12.5665 1.41971 6405
464 12.4512 1.37426 6399
466 12.4844 1.41742 6500
468 12.5361 1.42078 5720
470 12.5022 1.43243 6771
472 12.5468 1.40604 5993
474 12.4858 1.41301 5967
476 12.393 1.37511 5732
478 12.5184 1.40506 6043
480 12.5391 1.40035 5379
482 12.5099 1.39975 6457
484 12.5565 1.3722 5761
486 12.5434 1.36577 5578
488 12.4687 1.37654 5401
490 12.5579 1.37979 5584
492 12.568 1.40697 5069
494 12.5814 1.4137 5881
496 12.6577 1.46779 5220
498 12.629 1.4388 4797
500 12.5533 1.38798 5187
502 12.5922 1.42858 5281
504 12.5514 1.43281 4498
506 12.5975 1.37904 5303
508 12.6525 1.43649 4702
510 12.6056 1.42965 4321
512 12.5471 1.35985 4850
514 12.5479 1.38438 4891
516 12.6442 1.48717 4566
518 12.6301 1.4064 4672
520 12.6488 1.474 5146
522 12.657 1.43147 4129
524 12.692 1.41485 4433
526 12.569 1.38946 4571
528 12.6864 1.39783 4294
530 12.7277 1.45749 3669
532 12.5293 1.40391 5165
534 12.6283 1.44261 4447
536 12.7604 1.40974 3434
538 12.627 1.37654 4181
540 12.6289 1.3982 4249
542 12.778 1.3873 3593
544 12.7092 1.35347 3462
546 12.7264 1.40421 4103
548 12.7613 1.47778 3708
550 12.8162 1.36622 3389
552 12.706 1.38042 3777
554 12.8061 1.44767 3361
556 12.8162 1.48613 3085
558 12.7754 1.41997 3331
560 12.8659 1.55436 3927
562 12.9366 1.5629 3184
564 12.9564 1.49586 2868
566 12.8103 1.43658 3451
568 12.7832 1.48352 3406
570 12.8882 1.50135 2923
572 12.854 1.4191 2976
574 12.9243 1.50332 3233
576 12.907 1.5249 2911
578 12.9774 1.48805 2580
580 12.8879 1.45369 3100
582 12.9466 1.47861 2857
584 12.9701 1.43971 2647
586 12.9571 1.42768 2270
588 12.9205 1.42105 3011
590 12.9546 1.39754 2546
592 13.0111 1.42247 2048
594 12.9227 1.38825 2531
596 12.8463 1.41452 2770
598 13.0777 1.50889 2113
600 13.0731 1.51153 1799
602 12.9138 1.43466 2705
604 13.1028 1.47387 2469
606 13.1636 1.52231 1872
608 13.1304 1.44621 1955
610 12.995 1.41859 2309
612 13.1496 1.47543 1943
614 13.1902 1.45892 1776
616 13.155 1.4481 1664
618 13.1778 1.50686 2206
620 13.3085 1.67256 1777
622 13.4261 1.62068 1446
624 13.2105 1.54051 1825
626 13.1685 1.50185 1904
628 13.3165 1.56374 1502
630 13.3168 1.54094 1355
632 13.1625 1.45337 1615
634 13.2984 1.57625 1629
636 13.3159 1.54682 1477
638 13.389 1.56168 1161
640 13.3219 1.54398 1297
642 13.3038 1.4711 1214
644 13.4252 1.54135 1046
