0.05, 0.00765991
0.1, 0.00769043
0.102611, 0.00772095
0.150255, 0.00772095
0.200255, 0.00772095
0.260255, 0.00772095
0.321755, 0.00775146
0.384793, 0.00778198
0.449406, 0.0078125
0.515635, 0.00778198
0.583519, 0.00778198
0.653101, 0.00778198
0.724422, 0.00778198
0.797526, 0.0078125
0.872458, 0.00784302
0.949263, 0.00784302
1.02799, 0.00784302
1.10868, 0.00787354
1.19139, 0.00787354
1.27617, 0.00787354
1.36307, 0.00787354
1.45214, 0.00796509
1.54344, 0.00802612
1.63702, 0.00805664
1.73293, 0.00814819
1.83125, 0.00820923
1.93203, 0.00830078
2.03532, 0.00830078
2.1412, 0.0083313
2.24972, 0.0083313
2.36096, 0.00842285
2.47498, 0.00845337
2.59184, 0.0085144
2.71163, 0.0085144
2.83442, 0.00854492
2.96027, 0.00860596
3.08927, 0.00869751
3.2215, 0.00872803
3.35703, 0.00875854
3.49595, 0.00878906
3.63834, 0.00881958
3.78429, 0.0088501
3.93389, 0.00894165
4.08723, 0.00894165
4.24441, 0.00897217
4.40551, 0.00897217
4.57064, 0.0090332
4.7399, 0.00906372
4.91339, 0.00909424
5.09122, 0.00915527
5.2735, 0.00918579
5.46033, 0.00930786
5.65183, 0.0093689
5.84812, 0.00939941
6.04932, 0.00946045
6.25554, 0.00952148
6.46692, 0.009552
6.68359, 0.00958252
6.90568, 0.00976562
7.13331, 0.00979614
7.36664, 0.00997925
7.6058, 0.0100403
7.85093, 0.0101624
8.1022, 0.0101929
8.35975, 0.0102539
8.62374, 0.0103455
8.89433, 0.010437
9.17168, 0.0105286
9.45596, 0.010498
9.74736, 0.0105286
10.046, 0.0105896
10.3522, 0.0108337
10.666, 0.0108948
10.9876, 0.0108948
11.3173, 0.0110474
11.6552, 0.011261
12.0016, 0.0114441
12.3566, 0.0117188
12.7205, 0.0119629
13.0936, 0.0123291
13.4759, 0.0128174
13.8678, 0.0132141
14.2695, 0.0135498
14.6812, 0.0140991
15.1032, 0.0147705
15.5358, 0.0150452
15.9792, 0.015625
16.4337, 0.0159912
16.8995, 0.0163879
17.377, 0.0165405
17.8664, 0.0172119
18.368, 0.0176697
18.8822, 0.0180054
19.4093, 0.0185852
19.9495, 0.0189819
20.5032, 0.0195007
21.0708, 0.02005
21.6526, 0.0202637
22.2489, 0.0205688
22.8601, 0.0211487
23.4866, 0.0213318
24.1288, 0.0218506
24.787, 0.0219421
25.4616, 0.0224304
26.1532, 0.0227051
26.862, 0.0227661
27.5885, 0.0230713
28.3332, 0.0232544
29.0966, 0.023407
29.879, 0.0236816
30.6809, 0.0241089
31.503, 0.0241699
32.3455, 0.024231
33.2092, 0.0245361
34.0944, 0.0247192
35.0017, 0.0251465
35.9318, 0.0254211
36.8851, 0.0254517
37.8622, 0.0255432
38.8637, 0.0259399
39.8903, 0.0264587
40.9426, 0.0267639
42.0211, 0.0270081
43.1267, 0.0273743
44.2598, 0.0278931
45.4213, 0.0282593
46.6118, 0.0286255
47.8321, 0.0289307
49.0829, 0.0291443
50.365, 0.0295105
51.6791, 0.0299377
53.0261, 0.0301514
54.4067, 0.0307007
55.8219, 0.0311279
57.2724, 0.0315552
58.7592, 0.0318909
60.2832, 0.032074
61.8453, 0.0325317
63.4464, 0.0329285
65.0876, 0.0334473
66.7697, 0.033783
68.494, 0.0341492
70.2613, 0.0343933
72.0728, 0.0347595
73.9297, 0.0351562
75.8329, 0.0353699
77.7837, 0.035675
79.7833, 0.0359497
81.8329, 0.0360413
83.9337, 0.036377
86.087, 0.0366516
88.2942, 0.0366821
90.5565, 0.0371094
92.8754, 0.0373535
95.2523, 0.0375671
97.6886, 0.0375977
100.186, 0.0379639
102.745, 0.0381775
105.369, 0.0384827
108.058, 0.0384521
110.815, 0.0385132
113.64, 0.0387878
116.536, 0.0389709
119.505, 0.0389404
122.547, 0.0390015
125.666, 0.0391541
128.862, 0.0392456
132.139, 0.0392151
135.497, 0.0393677
138.94, 0.0392151
142.468, 0.0389404
146.085, 0.0389099
149.792, 0.0389404
153.592, 0.0387268
157.487, 0.0387268
161.479, 0.0386658
165.571, 0.0387573
169.765, 0.0386353
174.064, 0.0384521
178.471, 0.0383911
182.988, 0.0383301
187.617, 0.038269
192.363, 0.0380859
197.227, 0.0379944
202.213, 0.0377502
207.323, 0.0374451
212.561, 0.0371704
217.93, 0.0369873
223.433, 0.0365601
229.074, 0.0364075
234.856, 0.0363159
240.782, 0.0362854
246.857, 0.0359192
253.083, 0.0357971
259.465, 0.0357056
266.007, 0.0356445
272.712, 0.0351868
279.585, 0.0350342
286.629, 0.0346985
293.85, 0.0345154
301.251, 0.0343018
308.838, 0.0342102
316.614, 0.0341187
324.584, 0.0339355
332.754, 0.0338135
341.127, 0.0335999
349.711, 0.0333252
358.508, 0.0332031
367.526, 0.0328369
376.769, 0.0327148
386.243, 0.0323792
395.955, 0.0322571
405.908, 0.0320435
416.111, 0.0321045
426.569, 0.0319214
437.288, 0.0315247
448.275, 0.0314026
459.537, 0.0311584
471.081, 0.0309448
482.913, 0.0308533
495.04, 0.0305786
507.471, 0.0304565
520.213, 0.0302124
533.273, 0.0300598
546.66, 0.0299072
560.382, 0.0297241
574.446, 0.0293884
588.863, 0.0293274
603.639, 0.0291138
603.689, 0.0291138
603.749, 0.0291138
603.811, 0.0291138
603.874, 0.0291138
603.938, 0.0291138
604.004, 0.0291138
604.072, 0.0291138
604.142, 0.0291138
604.213, 0.0291138
604.286, 0.0291138
604.361, 0.0290833
604.438, 0.0290833
604.517, 0.0290833
604.597, 0.0290833
604.68, 0.0290833
604.765, 0.0290833
604.852, 0.0290833
604.941, 0.0290833
605.032, 0.0290527
605.126, 0.0290527
605.222, 0.0290527
605.32, 0.0290527
605.421, 0.0290527
605.524, 0.0290527
605.63, 0.0290527
605.739, 0.0290527
605.85, 0.0290527
605.964, 0.0290527
606.081, 0.0290527
606.2, 0.0290527
606.323, 0.0290527
606.449, 0.0290833
606.578, 0.0291138
606.71, 0.0291138
606.846, 0.0291138
606.985, 0.0291138
607.127, 0.0291138
607.273, 0.0291138
607.423, 0.0291138
607.576, 0.0291138
607.733, 0.0291138
607.894, 0.0291138
608.059, 0.0291138
608.229, 0.0290833
608.402, 0.0290833
608.58, 0.0290833
608.762, 0.0290833
608.949, 0.0290833
609.141, 0.0290833
609.337, 0.0290833
609.538, 0.0290833
609.744, 0.0290833
609.956, 0.0290833
610.172, 0.0290833
610.394, 0.0290833
610.622, 0.0290833
610.855, 0.0290833
611.095, 0.0290833
611.34, 0.0290833
611.591, 0.0290833
611.849, 0.0290833
612.113, 0.0290833
612.383, 0.0290833
612.66, 0.0290833
612.945, 0.0290833
613.236, 0.0290833
613.535, 0.0290833
613.841, 0.0290833
614.155, 0.0290833
614.476, 0.0290833
614.806, 0.0291138
615.144, 0.0291138
615.49, 0.0291138
615.845, 0.0291138
616.209, 0.0290833
616.582, 0.0290833
616.965, 0.0290527
617.357, 0.0290527
617.758, 0.0290527
618.17, 0.0290527
618.592, 0.0290527
619.025, 0.0290527
619.468, 0.0290527
619.922, 0.0290222
620.388, 0.0289917
620.866, 0.0290222
621.355, 0.0290222
621.857, 0.0290527
622.371, 0.0290527
622.898, 0.0290527
623.438, 0.0290527
623.992, 0.0290527
624.56, 0.0290527
625.141, 0.0290527
625.738, 0.0290527
626.349, 0.0290527
626.975, 0.0290222
627.618, 0.0289917
628.276, 0.0289612
628.95, 0.0289612
629.642, 0.0289612
630.351, 0.0289612
631.077, 0.0289612
631.822, 0.0289612
632.585, 0.0289612
633.368, 0.0289307
634.17, 0.0289307
634.992, 0.0289307
635.834, 0.0289307
636.698, 0.0289307
637.583, 0.0289001
638.491, 0.0289001
639.421, 0.0288696
640.374, 0.0289001
641.351, 0.0287781
642.353, 0.0287781
643.379, 0.0287781
644.431, 0.028717
645.51, 0.028717
646.615, 0.028717
647.749, 0.028717
648.91, 0.028717
650.101, 0.028717
651.321, 0.0287476
652.572, 0.0287476
653.854, 0.028717
655.168, 0.0286865
656.515, 0.028656
657.896, 0.0286255
659.311, 0.0285645
660.761, 0.0285645
662.248, 0.0285034
663.772, 0.0284729
665.334, 0.0284729
666.935, 0.0284424
668.576, 0.0284424
670.259, 0.0284424
671.983, 0.0284424
673.75, 0.0284119
675.562, 0.0284119
677.418, 0.0284119
679.322, 0.0283813
681.273, 0.0283508
683.272, 0.0283203
685.322, 0.0282898
687.422, 0.0282898
689.576, 0.0282898
691.783, 0.0282593
694.045, 0.0281982
696.364, 0.0281372
698.741, 0.0281372
701.177, 0.0281067
703.675, 0.0280457
706.234, 0.0280151
708.858, 0.0280151
711.547, 0.0279236
714.304, 0.0278625
717.129, 0.0278625
720.025, 0.0278625
722.993, 0.027832
726.036, 0.0278625
729.155, 0.0278625
732.351, 0.0278015
735.628, 0.0278015
738.986, 0.027771
742.429, 0.0277405
745.957, 0.0277405
749.574, 0.02771
753.281, 0.0275879
757.081, 0.0274658
760.976, 0.0274658
764.968, 0.0274353
769.06, 0.0274353
773.254, 0.0274048
777.553, 0.0272522
781.96, 0.0272827
786.477, 0.0272522
791.106, 0.0272217
795.852, 0.0271301
800.716, 0.0270996
805.701, 0.0271301
810.812, 0.0270996
816.05, 0.0270691
821.419, 0.0270081
826.922, 0.0269165
832.563, 0.026886
838.345, 0.0268555
844.271, 0.0267029
850.346, 0.0266724
856.572, 0.0266418
862.954, 0.0266418
869.496, 0.0265503
876.201, 0.0265198
883.074, 0.0264893
890.118, 0.0264282
897.339, 0.0264282
904.74, 0.0263672
912.327, 0.0263672
920.102, 0.0262756
928.073, 0.0262451
936.242, 0.0262451
944.616, 0.0262756
953.199, 0.0261841
961.997, 0.0262451
971.015, 0.0262756
980.258, 0.0262146
989.732, 0.0261536
999.443, 0.0260925
1009.4, 0.0259705
1019.6, 0.0259705
1030.06, 0.0259705
1040.78, 0.0258789
1051.76, 0.0258179
1063.03, 0.0256958
1074.57, 0.0257263
1086.4, 0.0256958
1098.53, 0.0256653
1110.96, 0.0256348
1123.7, 0.0255432
1136.76, 0.0254517
1150.15, 0.0254211
1163.87, 0.0253906
1177.94, 0.0253296
1192.35, 0.025238
1207.13, 0.025177
1222.27, 0.0250854
1222.32, 0.0250244
1222.38, 0.0250244
1222.45, 0.0250244
1222.51, 0.0250244
1222.57, 0.0250244
1222.64, 0.0250244
1222.71, 0.0250244
1222.78, 0.0250244
1222.85, 0.0250244
1222.92, 0.0250244
1223, 0.0250244
1223.07, 0.0250244
1223.15, 0.0250244
1223.23, 0.0250244
1223.31, 0.0250244
1223.4, 0.0250244
1223.49, 0.0250244
1223.58, 0.0250244
1223.67, 0.0250244
1223.76, 0.0250244
1223.86, 0.0250244
1223.95, 0.0250244
1224.06, 0.0250244
1224.16, 0.0250244
1224.26, 0.0250244
1224.37, 0.0250244
1224.48, 0.0249939
1224.6, 0.0249939
1224.72, 0.0249939
1224.84, 0.0249939
1224.96, 0.0249939
1225.08, 0.0249939
1225.21, 0.0249939
1225.35, 0.0249939
1225.48, 0.0249939
1225.62, 0.0249939
1225.76, 0.0249939
1225.91, 0.0249939
1226.06, 0.0249939
1226.21, 0.0249939
1226.37, 0.0249939
1226.53, 0.0249939
1226.69, 0.0249939
1226.86, 0.0249939
1227.04, 0.0249939
1227.21, 0.0249939
1227.4, 0.0249939
1227.58, 0.0249939
1227.78, 0.0249939
1227.97, 0.0249939
1228.17, 0.0249939
1228.38, 0.0249939
1228.59, 0.0249939
1228.81, 0.0249939
1229.03, 0.0249939
1229.26, 0.0249939
1229.49, 0.0249939
1229.73, 0.0249939
1229.97, 0.0249939
1230.23, 0.0249939
1230.48, 0.0249939
1230.75, 0.0249939
1231.02, 0.0249939
1231.3, 0.0249939
1231.58, 0.0249939
1231.87, 0.0249939
1232.17, 0.0249939
1232.48, 0.0249939
1232.79, 0.0249939
1233.11, 0.0249939
1233.44, 0.0249939
1233.78, 0.0249939
1234.13, 0.0249939
1234.48, 0.0249939
1234.84, 0.0249939
1235.22, 0.0249939
1235.6, 0.0249634
1235.99, 0.0249634
1236.39, 0.0249634
1236.8, 0.0249634
1237.23, 0.0249634
1237.66, 0.0249634
1238.1, 0.0249634
1238.56, 0.0249634
1239.02, 0.0249634
1239.5, 0.0249634
1239.99, 0.0249634
1240.49, 0.0249634
1241.01, 0.0249634
1241.53, 0.0249634
1242.07, 0.0249634
1242.63, 0.0249634
1243.19, 0.0249634
1243.78, 0.0249634
1244.37, 0.0249634
1244.98, 0.0249634
1245.61, 0.0249634
1246.25, 0.0249634
1246.91, 0.0249634
1247.59, 0.0249634
1248.28, 0.0249634
1248.99, 0.0249634
1249.71, 0.0249634
1250.46, 0.0249634
1251.22, 0.0249634
1252, 0.0249634
1252.8, 0.0249634
1253.63, 0.0249634
1254.47, 0.0249634
1255.33, 0.0249634
1256.22, 0.0249634
1257.13, 0.0249329
1258.06, 0.0249329
1259.01, 0.0249329
1259.99, 0.0249329
1260.99, 0.0249329
1262.01, 0.0249329
1263.07, 0.0249329
1264.14, 0.0249329
1265.25, 0.0249329
1266.38, 0.0249329
1267.54, 0.0249329
1268.74, 0.0249329
1269.96, 0.0249023
1271.21, 0.0249023
1272.49, 0.0248413
1273.8, 0.0248108
1275.15, 0.0248108
1276.53, 0.0247803
1277.95, 0.0247803
1279.4, 0.0247803
1280.88, 0.0247803
1282.41, 0.0247803
1283.97, 0.0247803
1285.57, 0.0247498
1287.21, 0.0246887
1288.89, 0.0246887
1290.62, 0.0246582
1292.38, 0.0246887
1294.2, 0.0246887
1296.05, 0.0246887
1297.96, 0.0246887
1299.91, 0.0246582
1301.91, 0.0246582
1303.96, 0.0246582
1306.06, 0.0246887
1308.21, 0.0247192
1310.42, 0.0246887
1312.68, 0.0246277
1315, 0.0245667
1317.38, 0.0245667
1319.81, 0.0245667
1322.31, 0.0245361
1324.87, 0.0245361
1327.49, 0.0245361
1330.18, 0.0245361
1332.94, 0.0245361
1335.76, 0.0245361
1338.66, 0.0245361
1341.63, 0.0245056
1344.67, 0.0244751
1347.79, 0.0244141
1350.99, 0.0244141
1354.26, 0.0244141
1357.62, 0.0244141
1361.06, 0.0244141
1364.59, 0.024353
1368.21, 0.024353
1371.92, 0.024292
1375.72, 0.024292
1379.61, 0.0242615
1383.6, 0.0242615
1387.69, 0.0242615
1391.89, 0.0242004
1396.19, 0.0242004
1400.59, 0.0241699
1405.11, 0.0241394
1409.74, 0.0241089
1414.49, 0.0241089
1419.35, 0.0240784
1424.34, 0.0240479
1429.45, 0.0240784
1434.68, 0.0240173
1440.05, 0.0240173
1445.56, 0.0239563
1451.2, 0.0239563
1456.98, 0.0239563
1462.91, 0.0239868
1468.98, 0.0239563
1475.21, 0.0238647
1481.59, 0.0238342
1488.13, 0.0238037
1494.84, 0.0238037
1501.71, 0.0237732
1508.75, 0.0237732
1515.97, 0.0237732
1523.38, 0.0238037
1530.96, 0.0238037
1538.74, 0.0237427
1546.71, 0.0236816
1554.88, 0.0236816
1563.25, 0.0236816
1571.83, 0.0236816
1580.63, 0.0236816
1589.65, 0.0236511
1598.89, 0.0236511
1608.37, 0.0236511
1618.08, 0.0236206
1628.03, 0.0236511
1638.23, 0.0236206
1648.69, 0.0236206
1659.41, 0.0235596
1670.4, 0.0235596
1681.66, 0.0235291
1693.2, 0.023468
1705.04, 0.0234985
1717.16, 0.0234985
1729.59, 0.0233459
1742.34, 0.0233459
1755.4, 0.0233154
1768.78, 0.0232849
1782.51, 0.0232544
1796.57, 0.0231323
1810.99, 0.0229797
1825.76, 0.0228882
1840.91, 0.0228577
1856.43, 0.0228882
1872.35, 0.0228271
1888.66, 0.0228271
1905.37, 0.0228271
1922.51, 0.0228271
1940.08, 0.0227356
1958.08, 0.0227051
1976.53, 0.022644
1995.45, 0.0226135
2014.84, 0.022583
2014.89, 0.0226135
2014.95, 0.0226135
2015.01, 0.0226135
2015.07, 0.0226135
2015.14, 0.0226135
2015.2, 0.0226135
2015.27, 0.0226135
2015.34, 0.0226135
2015.41, 0.0226135
2015.48, 0.022583
2015.56, 0.022583
2015.64, 0.022583
2015.71, 0.022583
2015.8, 0.022583
2015.88, 0.022583
2015.96, 0.022583
2016.05, 0.022583
2016.14, 0.022583
2016.23, 0.022583
2016.32, 0.022583
2016.42, 0.022583
2016.52, 0.022583
2016.62, 0.022583
2016.72, 0.022583
2016.83, 0.022583
2016.94, 0.022583
2017.05, 0.022583
2017.16, 0.022583
2017.28, 0.022583
2017.4, 0.022583
2017.52, 0.0225525
2017.65, 0.0225525
2017.78, 0.0225525
2017.91, 0.0225525
2018.04, 0.0225525
2018.18, 0.0225525
2018.32, 0.0225525
2018.47, 0.0225525
2018.62, 0.0225525
2018.77, 0.0225525
2018.93, 0.0225525
2019.09, 0.0225525
2019.26, 0.0225525
2019.43, 0.0225525
2019.6, 0.0225525
2019.78, 0.0225525
2019.96, 0.0225525
2020.15, 0.0225525
2020.34, 0.0225525
2020.53, 0.0225525
2020.74, 0.0225525
2020.94, 0.0225525
2021.15, 0.0225525
2021.37, 0.0225525
2021.59, 0.0225525
2021.82, 0.0225525
2022.05, 0.0225525
2022.29, 0.0225525
2022.54, 0.0225525
2022.79, 0.0225525
2023.05, 0.0225525
2023.31, 0.0225525
2023.58, 0.0225525
2023.86, 0.0225525
2024.14, 0.0225525
2024.43, 0.0225525
2024.73, 0.0225525
2025.04, 0.0225525
2025.35, 0.0225525
2025.67, 0.0225525
2026, 0.0225525
2026.34, 0.022583
2026.69, 0.022583
2027.04, 0.022583
2027.41, 0.022583
2027.78, 0.022583
2028.16, 0.022583
2028.55, 0.022583
2028.96, 0.022583
2029.37, 0.022583
2029.79, 0.022583
2030.22, 0.0225525
2030.67, 0.0225525
2031.12, 0.0225525
2031.59, 0.0225525
2032.06, 0.0225525
2032.55, 0.0225525
2033.05, 0.0225525
2033.57, 0.0225525
2034.1, 0.0225525
2034.64, 0.0225525
2035.19, 0.0225525
2035.76, 0.0225525
2036.34, 0.0225525
2036.94, 0.0225525
2037.55, 0.0225525
2038.17, 0.0225525
2038.82, 0.0225525
2039.47, 0.0225525
2040.15, 0.0225525
2040.84, 0.0225525
2041.55, 0.0225525
2042.28, 0.0225525
2043.02, 0.0225525
2043.78, 0.0225525
2044.57, 0.0225525
2045.37, 0.0225525
2046.19, 0.0225525
2047.03, 0.0225525
2047.9, 0.0225525
2048.78, 0.0225525
2049.69, 0.0225525
2050.62, 0.0225525
2051.57, 0.0225525
2052.55, 0.0225525
2053.55, 0.0225525
2054.58, 0.0225525
2055.63, 0.0225525
2056.71, 0.0225525
2057.81, 0.0225525
2058.95, 0.0225525
2060.11, 0.0225525
2061.3, 0.0225525
2062.52, 0.0225525
2063.77, 0.0225525
2065.05, 0.0225525
2066.37, 0.0225525
2067.71, 0.0225525
2069.09, 0.0225525
2070.51, 0.0225525
2071.96, 0.0225525
2073.45, 0.0225525
2074.97, 0.0225525
2076.53, 0.0225525
2078.13, 0.0225525
2079.77, 0.0225525
2081.46, 0.0225525
2083.18, 0.0225525
2084.95, 0.0225525
2086.76, 0.022522
2088.62, 0.022522
2090.52, 0.022522
2092.47, 0.022522
2094.47, 0.022522
2096.52, 0.022522
2098.62, 0.022522
2100.77, 0.022522
2102.98, 0.022522
2105.24, 0.022522
2107.56, 0.022522
2109.94, 0.022522
2112.38, 0.022522
2114.87, 0.0224915
2117.43, 0.0224915
2120.06, 0.0224304
2122.74, 0.0224304
2125.5, 0.0224609
2128.33, 0.0224609
2131.22, 0.0224609
2134.19, 0.0224609
2137.23, 0.0224609
2140.35, 0.0224609
2143.55, 0.0224609
2146.83, 0.0224609
2150.18, 0.0223999
2153.63, 0.0223999
2157.15, 0.0223999
2160.77, 0.0223999
2164.48, 0.0223999
2168.28, 0.0223999
2172.17, 0.0223999
2176.17, 0.0223999
2180.26, 0.0223999
2184.45, 0.0223999
2188.75, 0.0223999
2193.16, 0.0223999
2197.67, 0.0223999
2202.3, 0.0223999
2207.05, 0.0223999
2211.91, 0.0224304
2216.9, 0.0224304
2222.01, 0.0224304
2227.25, 0.0224609
2232.62, 0.0224609
2238.12, 0.0224609
2243.76, 0.0224304
2249.54, 0.0223999
2255.47, 0.0223694
2261.54, 0.0223694
2267.77, 0.0223389
2274.15, 0.0222473
2280.69, 0.0222168
2287.4, 0.0222168
2294.27, 0.0222168
2301.32, 0.0221558
2308.54, 0.0221863
2315.94, 0.0221863
2323.52, 0.0221863
2331.3, 0.0222168
2339.27, 0.0222168
2347.44, 0.0222168
2355.81, 0.0221558
2364.4, 0.0221252
2373.19, 0.0221252
2382.21, 0.0220947
2391.46, 0.0220642
2400.93, 0.0220947
2410.64, 0.0219727
2420.59, 0.0220032
2430.8, 0.0220337
2441.26, 0.0220642
2451.97, 0.0220947
2462.96, 0.0220947
2474.22, 0.0220642
2485.77, 0.0220642
2497.6, 0.0220337
2509.73, 0.0220032
2522.16, 0.0219421
2534.9, 0.0219116
2547.96, 0.0218811
2561.35, 0.0218506
2575.07, 0.0218506
2589.13, 0.0218506
2603.55, 0.0217896
2618.33, 0.0218201
2633.47, 0.0217896
2649, 0.021759
2664.91, 0.0217285
2681.22, 0.021698
2697.94, 0.021698
2715.07, 0.0216675
2715.12, 0.021637
2715.18, 0.021637
2715.25, 0.021637
2715.31, 0.021637
2715.37, 0.021637
2715.44, 0.021637
2715.51, 0.021637
2715.58, 0.021637
2715.65, 0.021637
2715.72, 0.021637
2715.8, 0.021637
2715.87, 0.021637
2715.95, 0.021637
2716.03, 0.021637
2716.12, 0.021637
2716.2, 0.021637
2716.29, 0.021637
2716.38, 0.0216064
2716.47, 0.0216064
2716.56, 0.021637
2716.66, 0.021637
2716.76, 0.021637
2716.86, 0.021637
2716.96, 0.021637
2717.07, 0.021637
2717.17, 0.021637
2717.28, 0.021637
2717.4, 0.021637
2717.52, 0.0216064
2717.64, 0.0216064
2717.76, 0.0216064
2717.88, 0.0216064
2718.01, 0.0216064
2718.15, 0.0216064
2718.28, 0.0216064
2718.42, 0.0216064
2718.56, 0.0216064
2718.71, 0.0216064
2718.86, 0.0216064
2719.01, 0.0216064
2719.17, 0.0216064
2719.33, 0.0216064
2719.49, 0.0216064
2719.66, 0.0216064
2719.84, 0.0216064
2720.02, 0.0216064
2720.2, 0.0216064
2720.38, 0.0216064
2720.58, 0.0216064
2720.77, 0.0216064
2720.97, 0.0216064
2721.18, 0.0216064
2721.39, 0.0216064
2721.61, 0.0216064
2721.83, 0.0216064
2722.06, 0.0216064
2722.29, 0.0216064
2722.53, 0.0216064
2722.77, 0.0216064
2723.03, 0.0216064
2723.28, 0.0216064
2723.55, 0.0216064
2723.82, 0.0216064
2724.1, 0.0216064
2724.38, 0.0216064
2724.67, 0.0216064
2724.97, 0.0216064
2725.28, 0.0216064
2725.59, 0.0216064
2725.91, 0.0216064
2726.24, 0.0216064
2726.58, 0.0216064
2726.93, 0.0216064
2727.28, 0.0216064
2727.64, 0.0216064
2728.02, 0.0216064
2728.4, 0.0216064
2728.79, 0.0216064
2729.19, 0.0216064
2729.61, 0.0216064
2730.03, 0.0216064
2730.46, 0.0216064
2730.9, 0.0215759
2731.36, 0.0215759
2731.82, 0.0215759
2732.3, 0.0215759
2732.79, 0.0215759
2733.29, 0.0215759
2733.81, 0.0215759
2734.33, 0.0215759
2734.87, 0.0215759
2735.43, 0.0215759
2735.99, 0.0215759
2736.58, 0.0215759
2737.17, 0.0215759
2737.78, 0.0215759
2738.41, 0.0215759
2739.05, 0.0215759
2739.71, 0.0215759
2740.39, 0.0215759
2741.08, 0.0215454
2741.79, 0.0215454
2742.51, 0.0215454
2743.26, 0.0215454
2744.02, 0.0215454
2744.8, 0.0215454
2745.6, 0.0215454
2746.43, 0.0215454
2747.27, 0.0215454
2748.13, 0.0215454
2749.02, 0.0215454
2749.93, 0.0215454
2750.86, 0.0215454
2751.81, 0.0215454
2752.79, 0.0215454
2753.79, 0.0215454
2754.81, 0.0215454
2755.87, 0.0215149
2756.95, 0.0215149
2758.05, 0.0215149
2759.18, 0.0215149
2760.35, 0.0215149
2761.54, 0.0215149
2762.76, 0.0215149
2764.01, 0.0215149
2765.29, 0.0215149
2766.6, 0.0215149
2767.95, 0.0215149
2769.33, 0.0215149
2770.75, 0.0215149
2772.2, 0.0215149
2773.68, 0.0214539
2775.21, 0.0214539
2776.77, 0.0214539
2778.37, 0.0214539
2780.01, 0.0214539
2781.69, 0.0214539
2783.42, 0.0214539
2785.19, 0.0214539
2787, 0.0214539
2788.85, 0.0214539
2790.76, 0.0214539
2792.71, 0.0214539
2794.71, 0.0214539
2796.76, 0.0214539
2798.86, 0.0214539
2801.01, 0.0214539
2803.22, 0.0214539
2805.48, 0.0214539
2807.8, 0.0214539
2810.18, 0.0214539
2812.61, 0.0214539
2815.11, 0.0213928
2817.67, 0.0213623
2820.29, 0.0213623
2822.98, 0.0213928
2825.74, 0.0213928
2828.56, 0.0213928
2831.46, 0.0213928
2834.43, 0.0213623
2837.47, 0.0213623
2840.59, 0.0213318
2843.79, 0.0213318
2847.06, 0.0213318
2850.42, 0.0213318
2853.86, 0.0213013
2857.39, 0.0213013
2861.01, 0.0213013
2864.72, 0.0213013
2868.52, 0.0213013
2872.41, 0.0212708
2876.4, 0.0212708
2880.49, 0.0212708
2884.69, 0.0212708
2888.99, 0.0212402
2893.39, 0.0212402
2897.91, 0.0212097
2902.54, 0.0212097
2907.29, 0.0212097
2912.15, 0.0212097
2917.14, 0.0211792
2922.25, 0.0211487
2927.48, 0.0211487
2932.85, 0.0211487
2938.36, 0.0211182
2944, 0.0210876
2949.78, 0.0210876
2955.71, 0.0210876
2961.78, 0.0210876
2968.01, 0.0210876
2974.39, 0.0210876
2980.93, 0.0210876
2987.64, 0.0210876
2994.51, 0.0210876
3001.55, 0.0210876
3008.77, 0.0210876
3016.18, 0.0210876
3023.76, 0.0210876
3031.54, 0.0211182
3039.51, 0.0211182
3047.68, 0.0211487
3056.05, 0.0211487
3064.63, 0.0211487
3073.43, 0.0210876
3082.45, 0.0210571
3091.69, 0.0210571
3101.17, 0.0210876
3110.88, 0.0210876
3120.83, 0.0210876
3131.03, 0.0210266
3141.49, 0.0210266
3152.21, 0.0210266
3163.2, 0.0210266
3174.46, 0.0210266
3186, 0.0210266
3197.84, 0.0209961
3209.96, 0.0210266
3222.4, 0.0210266
3235.14, 0.0210266
3248.2, 0.0209656
3261.58, 0.0209351
3275.31, 0.0209045
3289.37, 0.0209045
3303.79, 0.020874
3318.56, 0.020813
3333.71, 0.020813
3349.23, 0.020813
3365.15, 0.020752
3381.46, 0.020752
3398.18, 0.0207214
3398.23, 0.0207214
3398.29, 0.0207214
3398.35, 0.0207214
3398.41, 0.0207214
3398.47, 0.0207214
3398.54, 0.0207214
3398.61, 0.0207214
3398.68, 0.0207214
3398.75, 0.0207214
3398.82, 0.0207214
3398.9, 0.0207214
3398.97, 0.0207214
3399.05, 0.0207214
3399.13, 0.0207214
3399.22, 0.0207214
3399.3, 0.0207214
3399.39, 0.0207214
3399.48, 0.0207214
3399.57, 0.0207214
3399.66, 0.0207214
3399.76, 0.0207214
3399.86, 0.0207214
3399.96, 0.0207214
3400.06, 0.0207214
3400.17, 0.0207214
3400.27, 0.0207214
3400.39, 0.0207214
3400.5, 0.0207214
3400.62, 0.0207214
3400.74, 0.0207214
3400.86, 0.0207214
3400.99, 0.0207214
3401.11, 0.0207214
3401.25, 0.0207214
3401.38, 0.0207214
3401.52, 0.0207214
3401.66, 0.0207214
3401.81, 0.0207214
3401.96, 0.0207214
3402.11, 0.0207214
3402.27, 0.0207214
3402.43, 0.0207214
3402.6, 0.0207214
3402.76, 0.0207214
3402.94, 0.0207214
3403.12, 0.0207214
3403.3, 0.0207214
3403.49, 0.0207214
3403.68, 0.0207214
3403.87, 0.0207214
3404.07, 0.0207214
3404.28, 0.0207214
3404.49, 0.0207214
3404.71, 0.0207214
3404.93, 0.0207214
3405.16, 0.0207214
3405.39, 0.0207214
3405.63, 0.0207214
3405.88, 0.0207214
3406.13, 0.0207214
3406.38, 0.0207214
3406.65, 0.0207214
3406.92, 0.0207214
3407.2, 0.0207214
3407.48, 0.0207214
3407.77, 0.0207214
3408.07, 0.0207214
3408.38, 0.0207214
3408.69, 0.0207214
3409.01, 0.0207214
3409.34, 0.0207214
3409.68, 0.0207214
3410.03, 0.0207214
3410.38, 0.0207214
3410.75, 0.0207214
3411.12, 0.0207214
3411.5, 0.0207214
3411.89, 0.0207214
3412.29, 0.0207214
3412.71, 0.0207214
3413.13, 0.0207214
3413.56, 0.0207214
3414, 0.0207214
3414.46, 0.0207214
3414.92, 0.0207214
3415.4, 0.0207214
3415.89, 0.0207214
3416.39, 0.0207214
3416.91, 0.0207214
3417.43, 0.0207214
3417.97, 0.0207214
3418.53, 0.0207214
3419.1, 0.0207214
3419.68, 0.0207214
3420.27, 0.0207214
3420.88, 0.0207214
3421.51, 0.0207214
3422.15, 0.0207214
3422.81, 0.0207214
3423.49, 0.0207214
3424.18, 0.0207214
3424.89, 0.0207214
3425.61, 0.0207214
3426.36, 0.0207214
3427.12, 0.0207214
3427.9, 0.0207214
3428.71, 0.0207214
3429.53, 0.0207214
3430.37, 0.0207214
3431.23, 0.0207214
3432.12, 0.0207214
3433.03, 0.0207214
3433.96, 0.0207214
3434.91, 0.0207214
3435.89, 0.0207214
3436.89, 0.0207214
3437.92, 0.0207214
3438.97, 0.0207214
3440.05, 0.0207214
3441.15, 0.0207214
3442.28, 0.0207214
3443.45, 0.0207214
3444.64, 0.0207214
3445.86, 0.0207214
3447.11, 0.0207214
3448.39, 0.0207214
3449.7, 0.0207214
3451.05, 0.0207214
3452.43, 0.0207214
3453.85, 0.0207214
3455.3, 0.0207214
3456.78, 0.0207214
3458.31, 0.0207214
3459.87, 0.020752
3461.47, 0.020752
3463.11, 0.020752
3464.79, 0.020752
3466.52, 0.020752
3468.29, 0.020752
3470.1, 0.020752
3471.95, 0.020752
3473.86, 0.020752
3475.81, 0.020752
3477.81, 0.020752
3479.86, 0.020752
3481.96, 0.020752
3484.11, 0.020752
3486.32, 0.0207214
3488.58, 0.0206909
3490.9, 0.0206909
3493.28, 0.0206909
3495.71, 0.0206909
3498.21, 0.0206909
3500.77, 0.0206909
3503.39, 0.0206909
3506.08, 0.0206909
3508.84, 0.0206909
3511.67, 0.0206909
3514.56, 0.0206909
3517.53, 0.0206604
3520.57, 0.0206604
3523.69, 0.0206604
3526.89, 0.0206604
3530.16, 0.0206604
3533.52, 0.0206299
3536.96, 0.0206299
3540.49, 0.0206299
3544.11, 0.0206299
3547.82, 0.0206299
3551.62, 0.0205688
3555.51, 0.0205688
3559.5, 0.0205688
3563.6, 0.0205688
3567.79, 0.0205688
3572.09, 0.0205078
3576.5, 0.0204773
3581.01, 0.0204773
3585.64, 0.0204773
3590.39, 0.0204773
3595.25, 0.0204773
3600.24, 0.0204773
3605.35, 0.0204773
3610.59, 0.0204773
3615.95, 0.0204773
3621.46, 0.0204773
3627.1, 0.0204773
3632.88, 0.0204468
3638.81, 0.0204468
3644.88, 0.0204468
3651.11, 0.0204468
3657.49, 0.0204163
3664.03, 0.0204468
3670.74, 0.0204468
3677.61, 0.0204163
3684.65, 0.0204163
3691.88, 0.0204163
3699.28, 0.0204468
3706.86, 0.0204468
3714.64, 0.0204468
3722.61, 0.0204468
3730.78, 0.0204773
3739.15, 0.0204773
3747.74, 0.0204468
3756.53, 0.0204468
3765.55, 0.0204468
3774.79, 0.0204468
3784.27, 0.0204468
3793.98, 0.0204468
3803.93, 0.0204468
3814.14, 0.0204468
3824.59, 0.0204163
3835.31, 0.0204163
3846.3, 0.0204163
3857.56, 0.0204163
3869.11, 0.0204163
3880.94, 0.0204163
3893.07, 0.0203857
3905.5, 0.0203857
3918.24, 0.0203552
3931.3, 0.0203247
3944.69, 0.0203247
3958.41, 0.0203247
3972.47, 0.0202942
3986.89, 0.0202942
4001.66, 0.0202942
4016.81, 0.0203247
4032.33, 0.0203247
4048.25, 0.0203247
4064.56, 0.0203552
4081.28, 0.0203552
4098.41, 0.0203552
4115.98, 0.0204163
4133.98, 0.0204163
4152.43, 0.0204163
4171.35, 0.0204468
4190.74, 0.0204163
4210.61, 0.0204163
4230.98, 0.0204163
4251.86, 0.0204163
4273.26, 0.0203857
4295.2, 0.0203857
4295.25, 0.0203857
4295.31, 0.0203857
4295.37, 0.0203857
4295.43, 0.0203857
4295.5, 0.0203857
4295.56, 0.0203857
4295.63, 0.0203857
4295.7, 0.0203857
4295.77, 0.0203857
4295.84, 0.0203857
4295.92, 0.0203857
4296, 0.0203857
4296.07, 0.0203857
4296.15, 0.0203857
4296.24, 0.0203857
4296.32, 0.0203857
4296.41, 0.0203857
4296.5, 0.0203857
4296.59, 0.0203857
4296.68, 0.0203857
4296.78, 0.0203857
4296.88, 0.0203857
4296.98, 0.0203857
4297.08, 0.0203857
4297.19, 0.0203857
4297.3, 0.0203857
4297.41, 0.0203857
4297.52, 0.0203857
4297.64, 0.0203857
4297.76, 0.0203857
4297.88, 0.0203857
4298.01, 0.0203857
4298.14, 0.0203857
4298.27, 0.0203857
4298.4, 0.0203857
4298.54, 0.0203857
4298.68, 0.0203857
4298.83, 0.0203857
4298.98, 0.0203857
4299.13, 0.0203857
4299.29, 0.0203857
4299.45, 0.0203857
4299.62, 0.0203857
4299.79, 0.0203857
4299.96, 0.0203857
4300.14, 0.0203857
4300.32, 0.0203857
4300.51, 0.0203857
4300.7, 0.0203857
4300.89, 0.0203857
4301.1, 0.0203857
4301.3, 0.0203857
4301.51, 0.0203857
4301.73, 0.0203857
4301.95, 0.0203857
4302.18, 0.0203857
4302.41, 0.0203857
4302.65, 0.0203857
4302.9, 0.0203857
4303.15, 0.0203857
4303.41, 0.0203857
4303.67, 0.0203857
4303.94, 0.0203857
4304.22, 0.0203857
4304.5, 0.0203857
4304.79, 0.0203857
4305.09, 0.0203857
4305.4, 0.0203857
4305.71, 0.0203857
4306.03, 0.0203857
4306.36, 0.0203857
4306.7, 0.0203857
4307.05, 0.0203857
4307.4, 0.0203857
4307.77, 0.0203857
4308.14, 0.0203857
4308.52, 0.0203857
4308.91, 0.0203857
4309.32, 0.0203857
4309.73, 0.0203857
4310.15, 0.0203857
4310.58, 0.0203857
4311.03, 0.0203857
4311.48, 0.0203857
4311.95, 0.0203857
4312.42, 0.0203857
4312.91, 0.0203857
4313.41, 0.0203857
4313.93, 0.0203857
4314.46, 0.0203857
4315, 0.0203857
4315.55, 0.0203857
4316.12, 0.0203857
4316.7, 0.0203857
4317.29, 0.0203857
4317.91, 0.0203552
4318.53, 0.0203552
4319.17, 0.0203552
4319.83, 0.0203552
4320.51, 0.0203552
4321.2, 0.0203552
4321.91, 0.0203552
4322.63, 0.0203552
4323.38, 0.0203552
4324.14, 0.0203552
4324.92, 0.0203552
4325.73, 0.0203552
4326.55, 0.0203552
4327.39, 0.0203552
4328.26, 0.0203552
4329.14, 0.0203552
4330.05, 0.0203552
4330.98, 0.0203552
4331.93, 0.0203552
4332.91, 0.0203552
4333.91, 0.0203552
4334.94, 0.0203552
4335.99, 0.0203552
4337.07, 0.0203247
4338.17, 0.0203247
4339.31, 0.0203247
4340.47, 0.0203247
4341.66, 0.0203247
4342.88, 0.0203247
4344.13, 0.0203247
4345.41, 0.0203247
4346.73, 0.0203247
4348.07, 0.0203247
4349.45, 0.0203247
4350.87, 0.0203247
4352.32, 0.0203247
4353.81, 0.0203247
4355.33, 0.0203247
4356.89, 0.0203247
4358.49, 0.0203247
4360.13, 0.0203247
4361.82, 0.0203247
4363.54, 0.0203552
4365.31, 0.0203552
4367.12, 0.0203552
4368.98, 0.0203552
4370.88, 0.0203552
4372.83, 0.0203552
4374.83, 0.0203552
4376.88, 0.0203552
4378.98, 0.0203552
4381.13, 0.0203552
4383.34, 0.0203552
4385.6, 0.0203552
4387.92, 0.0203552
4390.3, 0.0203552
4392.73, 0.0203552
4395.23, 0.0203552
4397.79, 0.0203552
4400.42, 0.0203552
4403.1, 0.0203857
4405.86, 0.0203857
4408.69, 0.0203857
4411.58, 0.0203857
4414.55, 0.0203857
4417.59, 0.0204163
4420.71, 0.0204163
4423.91, 0.0204163
4427.19, 0.0204163
4430.54, 0.0204163
4433.99, 0.0204163
4437.51, 0.0204163
4441.13, 0.0204163
4444.84, 0.0204163
4448.64, 0.0203857
4452.53, 0.0203857
4456.52, 0.0203857
4460.62, 0.0203857
4464.81, 0.0203857
4469.11, 0.0203857
4473.52, 0.0203857
4478.03, 0.0203857
4482.66, 0.0203857
4487.41, 0.0203552
4492.27, 0.0203247
4497.26, 0.0203247
4502.37, 0.0203247
4507.61, 0.0203247
4512.98, 0.0203247
4518.48, 0.0202942
4524.12, 0.0202942
4529.9, 0.0202942
4535.83, 0.0202942
4541.9, 0.0202942
4548.13, 0.0202942
4554.51, 0.0202637
4561.05, 0.0202637
4567.76, 0.0202332
4574.63, 0.0202332
4581.68, 0.0202332
4588.9, 0.0202332
4596.3, 0.0202332
4603.88, 0.0202332
4611.66, 0.0202332
4619.63, 0.0202332
4627.8, 0.0202332
4636.17, 0.0202332
4644.76, 0.0202332
4653.55, 0.0202332
4662.57, 0.0202332
4671.82, 0.0202332
4681.29, 0.0202332
4691, 0.0202332
4700.95, 0.0202637
4711.16, 0.0202637
4721.61, 0.0202637
4732.33, 0.0202332
4743.32, 0.0202332
4754.58, 0.0202026
4766.13, 0.0201721
4777.96, 0.0201721
4790.09, 0.0201721
4802.52, 0.0201721
4815.26, 0.0201721
4828.32, 0.0201721
4841.71, 0.0201721
4855.43, 0.0202026
4869.49, 0.0201721
4883.91, 0.0201721
4898.69, 0.0201721
4913.83, 0.0201721
4929.36, 0.0201721
4945.27, 0.0201721
4961.58, 0.0201721
4978.3, 0.0201721
4995.43, 0.0201721
5013, 0.0202026
5031, 0.0201721
5049.46, 0.0201721
5068.37, 0.0201721
5087.76, 0.0201721
5107.63, 0.0202026
5128, 0.0201721
5148.88, 0.0201721
5170.28, 0.0202026
5192.22, 0.0202026
5214.7, 0.0202026
5237.75, 0.0202026
5261.37, 0.0202026
5285.58, 0.0202026
5285.63, 0.0202026
5285.69, 0.0202026
5285.76, 0.0202026
5285.82, 0.0202026
5285.88, 0.0202026
5285.95, 0.0202026
5286.02, 0.0202026
5286.09, 0.0202026
5286.16, 0.0202026
5286.23, 0.0202026
5286.31, 0.0202026
5286.38, 0.0202026
5286.46, 0.0202026
5286.54, 0.0202026
5286.62, 0.0202026
5286.71, 0.0202026
5286.8, 0.0202026
5286.89, 0.0202026
5286.98, 0.0202026
5287.07, 0.0202026
5287.17, 0.0202026
5287.26, 0.0202026
5287.37, 0.0202026
5287.47, 0.0202026
5287.57, 0.0202026
5287.68, 0.0202332
5287.79, 0.0202332
5287.91, 0.0202332
5288.03, 0.0202332
5288.15, 0.0202332
5288.27, 0.0202332
5288.39, 0.0202332
5288.52, 0.0202332
5288.65, 0.0202332
5288.79, 0.0202332
5288.93, 0.0202332
5289.07, 0.0202332
5289.22, 0.0202332
5289.37, 0.0202332
5289.52, 0.0202332
5289.68, 0.0202332
5289.84, 0.0202332
5290, 0.0202332
5290.17, 0.0202332
5290.35, 0.0202332
5290.52, 0.0202332
5290.71, 0.0202332
5290.89, 0.0202332
5291.09, 0.0202332
5291.28, 0.0202332
5291.48, 0.0202332
5291.69, 0.0202332
5291.9, 0.0202332
5292.12, 0.0202332
5292.34, 0.0202332
5292.57, 0.0202332
5292.8, 0.0202332
5293.04, 0.0202332
5293.28, 0.0202332
5293.54, 0.0202332
5293.79, 0.0202332
5294.06, 0.0202332
5294.33, 0.0202332
5294.61, 0.0202332
5294.89, 0.0202332
5295.18, 0.0202332
5295.48, 0.0202332
5295.79, 0.0202332
5296.1, 0.0202332
5296.42, 0.0202332
5296.75, 0.0202332
5297.09, 0.0202332
5297.44, 0.0202332
5297.79, 0.0202332
5298.15, 0.0202332
5298.53, 0.0202332
5298.91, 0.0202332
5299.3, 0.0202332
5299.7, 0.0202332
5300.11, 0.0202332
5300.54, 0.0202332
5300.97, 0.0202332
5301.41, 0.0202332
5301.87, 0.0202332
5302.33, 0.0202332
5302.81, 0.0202332
5303.3, 0.0202332
5303.8, 0.0202332
5304.32, 0.0202332
5304.84, 0.0202332
5305.38, 0.0202332
5305.94, 0.0202332
5306.5, 0.0202332
5307.09, 0.0202332
5307.68, 0.0202332
5308.29, 0.0202332
5308.92, 0.0202332
5309.56, 0.0202332
5310.22, 0.0202332
5310.9, 0.0202332
5311.59, 0.0202332
5312.3, 0.0202332
5313.02, 0.0202332
5313.77, 0.0202332
5314.53, 0.0202332
5315.31, 0.0202332
5316.11, 0.0202332
5316.94, 0.0202332
5317.78, 0.0202332
5318.64, 0.0202332
5319.53, 0.0202332
5320.44, 0.0202332
5321.37, 0.0202332
5322.32, 0.0202332
5323.3, 0.0202332
5324.3, 0.0202332
5325.32, 0.0202026
5326.38, 0.0202026
5327.45, 0.0202026
5328.56, 0.0202026
5329.69, 0.0202026
5330.85, 0.0202026
5332.05, 0.0202026
5333.27, 0.0202026
5334.52, 0.0202026
5335.8, 0.0202026
5337.11, 0.0202026
5338.46, 0.0202026
5339.84, 0.0202026
5341.26, 0.0202026
5342.71, 0.0202026
5344.19, 0.0202026
5345.72, 0.0202026
5347.28, 0.0202026
5348.88, 0.0202026
5350.52, 0.0202026
5352.2, 0.0202026
5353.93, 0.0202026
5355.69, 0.0202026
5357.51, 0.0202026
5359.36, 0.0202026
5361.27, 0.0202026
5363.22, 0.0202026
5365.22, 0.0202026
5367.27, 0.0202026
5369.37, 0.0202026
5371.52, 0.0202026
5373.73, 0.0202026
5375.99, 0.0202026
5378.31, 0.0202026
5380.69, 0.0202026
5383.12, 0.0202026
5385.62, 0.0202026
5388.18, 0.0202026
5390.8, 0.0202026
5393.49, 0.0202026
5396.25, 0.0202026
5399.07, 0.0202026
5401.97, 0.0202026
5404.94, 0.0202026
5407.98, 0.0202026
5411.1, 0.0202026
5414.3, 0.0202026
5417.57, 0.0202026
5420.93, 0.0202026
5424.37, 0.0202026
5427.9, 0.0202026
5431.52, 0.0202026
5435.23, 0.0202026
5439.03, 0.0202026
5442.92, 0.0202026
5446.91, 0.0202026
5451, 0.0202026
5455.2, 0.0202026
5459.5, 0.0202026
5463.9, 0.0202026
5468.42, 0.0202026
5473.05, 0.0201721
5477.8, 0.0201721
5482.66, 0.0201721
5487.65, 0.0201721
5492.76, 0.0201721
5497.99, 0.0201721
5503.36, 0.0201721
5508.87, 0.0201721
5514.51, 0.0201721
5520.29, 0.0201721
5526.22, 0.0201721
5532.29, 0.0201416
5538.52, 0.0201416
5544.9, 0.0201416
5551.44, 0.0201416
5558.15, 0.0201416
5565.02, 0.0201416
5572.06, 0.0201416
5579.28, 0.0201416
5586.68, 0.0201416
5594.27, 0.0201416
5602.05, 0.0201416
5610.02, 0.0201416
5618.19, 0.0201416
5626.56, 0.0201416
5635.14, 0.0201416
5643.94, 0.0201416
5652.96, 0.0201416
5662.2, 0.0201416
5671.68, 0.0201416
5681.39, 0.0201416
5691.34, 0.0201111
5701.54, 0.0201111
5712, 0.0201111
5722.72, 0.0201111
5733.71, 0.0201111
5744.97, 0.0201111
5756.51, 0.0201111
5768.35, 0.0200806
5780.47, 0.0200806
5792.9, 0.0200806
5805.65, 0.0200806
5818.71, 0.0200806
5832.09, 0.0200806
5845.82, 0.0200806
5859.88, 0.0200806
5874.3, 0.0200806
5889.07, 0.0200806
5904.22, 0.0200806
5919.74, 0.02005
5935.66, 0.02005
5951.97, 0.02005
5968.68, 0.02005
5985.82, 0.02005
6003.39, 0.02005
6021.39, 0.0200195
6039.84, 0.019989
6058.76, 0.019989
6078.15, 0.019989
6098.02, 0.019989
6118.39, 0.019989
6139.27, 0.0200195
6139.32, 0.0200195
6139.38, 0.0200195
6139.44, 0.0200195
6139.5, 0.0200195
6139.55, 0.0200195
6139.61, 0.0200195
6139.67, 0.0200195
6139.74, 0.0200195
6139.8, 0.0200195
6139.87, 0.0200195
6139.94, 0.0200195
6140.01, 0.0200195
6140.08, 0.0200195
6140.15, 0.0200195
6140.22, 0.0200195
6140.3, 0.0200195
6140.38, 0.0200195
6140.46, 0.0200195
6140.54, 0.0200195
6140.63, 0.0200195
6140.72, 0.0200195
6140.8, 0.0200195
6140.9, 0.0200195
6140.99, 0.0200195
6141.09, 0.0200195
6141.18, 0.0200195
6141.28, 0.0200195
6141.39, 0.0200195
6141.49, 0.0200195
6141.6, 0.0200195
6141.71, 0.0200195
6141.83, 0.0200195
6141.94, 0.0200195
6142.06, 0.0200195
6142.19, 0.0200195
6142.31, 0.0200195
6142.44, 0.0200195
6142.57, 0.0200195
6142.71, 0.0200195
6142.85, 0.0200195
6142.99, 0.0200195
6143.14, 0.0200195
6143.29, 0.0200195
6143.44, 0.0200195
6143.6, 0.0200195
6143.76, 0.0200195
6143.92, 0.0200195
6144.09, 0.0200195
6144.27, 0.0200195
6144.44, 0.0200195
6144.63, 0.0200195
6144.81, 0.0200195
6145, 0.0200195
6145.2, 0.0200195
6145.4, 0.0200195
6145.61, 0.0200195
6145.82, 0.0200195
6146.04, 0.0200195
6146.26, 0.0200195
6146.49, 0.0200195
6146.72, 0.0200195
6146.96, 0.0200195
6147.2, 0.0200195
6147.45, 0.0200195
6147.71, 0.0200195
6147.98, 0.0200195
6148.25, 0.0200195
6148.52, 0.0200195
6148.81, 0.0200195
6149.1, 0.0200195
6149.4, 0.0200195
6149.7, 0.0200195
6150.02, 0.0200195
6150.34, 0.0200195
6150.67, 0.0200195
6151.01, 0.0200195
6151.35, 0.0200195
6151.71, 0.0200195
6152.07, 0.0200195
6152.45, 0.0200195
6152.83, 0.0200195
6153.22, 0.0200195
6153.62, 0.0200195
6154.03, 0.0200195
6154.46, 0.0200195
6154.89, 0.0200195
6155.33, 0.0200195
6155.79, 0.0200195
6156.25, 0.0200195
6156.73, 0.0200195
6157.22, 0.0200195
6157.72, 0.0200195
6158.23, 0.0200195
6158.76, 0.0200195
6159.3, 0.0200195
6159.86, 0.0200195
6160.42, 0.0200195
6161, 0.0200195
6161.6, 0.0200195
6162.21, 0.0200195
6162.84, 0.0200195
6163.48, 0.0200195
6164.14, 0.0200195
6164.81, 0.0200195
6165.51, 0.0200195
6166.21, 0.0200195
6166.94, 0.0200195
6167.69, 0.0200195
6168.45, 0.0200195
6169.23, 0.0200195
6170.03, 0.0200195
6170.86, 0.0200195
6171.7, 0.0200195
6172.56, 0.0200195
6173.45, 0.0200195
6174.35, 0.0200195
6175.28, 0.0200195
6176.24, 0.0200195
6177.21, 0.0200195
6178.22, 0.0200195
6179.24, 0.0200195
6180.29, 0.0200195
6181.37, 0.0200195
6182.48, 0.0200195
6183.61, 0.0200195
6184.77, 0.0200195
6185.96, 0.0200195
6187.18, 0.0200195
6188.44, 0.0200195
6189.72, 0.0200195
6191.03, 0.0200195
6192.38, 0.0200195
6193.76, 0.0200195
6195.17, 0.0200195
6196.62, 0.0200195
6198.11, 0.0200195
6199.64, 0.0200195
6201.2, 0.0200195
6202.8, 0.0200195
6204.44, 0.0200195
6206.12, 0.0200195
6207.85, 0.0200195
6209.61, 0.0200195
6211.43, 0.0200195
6213.28, 0.0200195
6215.19, 0.0200195
6217.14, 0.0200195
6219.14, 0.0200195
6221.19, 0.0200195
6223.29, 0.0200195
6225.44, 0.0200195
6227.65, 0.0200195
6229.91, 0.0200195
6232.23, 0.019989
6234.6, 0.019989
6237.04, 0.019989
6239.54, 0.019989
6242.1, 0.019989
6244.72, 0.019989
6247.41, 0.019989
6250.17, 0.019989
6252.99, 0.019989
6255.89, 0.019989
6258.86, 0.019989
6261.9, 0.019989
6265.02, 0.019989
6268.21, 0.019989
6271.49, 0.019989
6274.85, 0.019989
6278.29, 0.019989
6281.82, 0.019989
6285.44, 0.019989
6289.14, 0.019989
6292.94, 0.019989
6296.84, 0.019989
6300.83, 0.019989
6304.92, 0.019989
6309.12, 0.019989
6313.42, 0.019989
6317.82, 0.019989
6322.34, 0.019989
6326.97, 0.019989
6331.72, 0.019989
6336.58, 0.019989
6341.56, 0.019989
6346.68, 0.019989
6351.91, 0.019989
6357.28, 0.019989
6362.79, 0.0199585
6368.43, 0.0199585
6374.21, 0.0199585
6380.13, 0.0199585
6386.21, 0.019928
6392.44, 0.019928
6398.82, 0.019928
6405.36, 0.019928
6412.06, 0.019928
6418.94, 0.019928
6425.98, 0.019928
6433.2, 0.019928
6440.6, 0.019928
6448.19, 0.019928
6455.97, 0.0198975
6463.94, 0.0198975
6472.11, 0.0198975
6480.48, 0.0198975
6489.06, 0.0198975
6497.86, 0.0198975
6506.88, 0.0198975
6516.12, 0.0198975
6525.6, 0.0198975
6535.31, 0.0198975
6545.26, 0.0198975
6555.46, 0.0198669
6565.92, 0.0198669
6576.64, 0.0198669
6587.63, 0.0198669
6598.89, 0.0198669
6610.43, 0.0198669
6622.26, 0.0198975
6634.39, 0.0198975
6646.82, 0.0198975
6659.57, 0.0198975
6672.63, 0.0198975
6686.01, 0.0198669
6699.73, 0.0198669
6713.8, 0.0198669
6728.21, 0.0198669
6742.99, 0.0198669
6758.14, 0.0198669
6773.66, 0.0198669
6789.57, 0.0198669
6805.89, 0.0198669
6822.6, 0.0198669
6839.74, 0.0198669
6857.3, 0.0198669
6875.31, 0.0198669
6893.76, 0.0198669
6912.68, 0.0198669
6932.07, 0.0198669
6951.94, 0.0198669
6972.31, 0.0198669
6993.19, 0.0198669
7014.59, 0.0198059
7036.52, 0.0198059
7059.01, 0.0198059
7082.05, 0.0198059
7105.68, 0.0198059
7129.89, 0.0198059
7154.71, 0.0197754
7180.15, 0.0197754
7206.22, 0.0197754
7232.95, 0.0197754
7260.34, 0.0197754
7260.39, 0.0197754
7260.45, 0.0197754
7260.52, 0.0197754
7260.58, 0.0197754
7260.64, 0.0197754
7260.69, 0.0197754
7260.75, 0.0197754
7260.81, 0.0197754
7260.86, 0.0197754
7260.91, 0.0197754
7260.97, 0.0197754
7261.04, 0.0197754
7261.1, 0.0197754
7261.16, 0.0197754
7261.23, 0.0197754
7261.28, 0.0197754
7261.33, 0.0197754
7261.39, 0.0197754
7261.45, 0.0197754
7261.51, 0.0197754
7261.56, 0.0197754
7261.62, 0.0197754
7261.69, 0.0197754
7261.74, 0.0197754
7261.8, 0.0197754
7261.86, 0.0197754
7261.92, 0.0197754
7261.99, 0.0197754
7262.05, 0.0197754
7262.12, 0.0197754
7262.19, 0.0197754
7262.26, 0.0197754
7262.33, 0.0197754
7262.41, 0.0197754
7262.48, 0.0197754
7262.56, 0.0197754
7262.64, 0.0197754
7262.73, 0.0197754
7262.81, 0.0197754
7262.9, 0.0197754
7262.99, 0.0197754
7263.08, 0.0197754
7263.17, 0.0197754
7263.27, 0.0197754
7263.37, 0.0197754
7263.47, 0.0197754
7263.57, 0.0197754
7263.68, 0.0197754
7263.79, 0.0197754
7263.9, 0.0197754
7264.01, 0.0197754
7264.13, 0.0197754
7264.25, 0.0197754
7264.37, 0.0197754
7264.5, 0.0197754
7264.62, 0.0197754
7264.76, 0.0197754
7264.89, 0.0197754
7264.94, 0.0197754
7264.99, 0.0197754
7265.05, 0.0197754
7265.11, 0.0197754
7265.16, 0.0197754
7265.22, 0.0197754
7265.29, 0.0197754
7265.34, 0.0197754
7265.4, 0.0197754
7265.46, 0.0197754
7265.52, 0.0197754
7265.58, 0.0197754
7265.65, 0.0197754
7265.72, 0.0197754
7265.79, 0.0197754
7265.86, 0.0197754
7265.93, 0.0197754
7266.01, 0.0197754
7266.08, 0.0197754
7266.16, 0.0197754
7266.21, 0.0197754
7266.26, 0.0197754
7266.32, 0.0197754
7266.38, 0.0197754
7266.45, 0.0197754
7266.51, 0.0197754
7266.58, 0.0197754
7266.63, 0.0197754
7266.69, 0.0197754
7266.75, 0.0197754
7266.81, 0.0197754
7266.88, 0.0197754
7266.93, 0.0197754
7266.99, 0.0197754
7267.05, 0.0197754
7267.11, 0.0197754
7267.18, 0.0197754
7267.24, 0.0197754
7267.31, 0.0197754
7267.38, 0.0197754
7267.45, 0.0197754
7267.53, 0.0197754
7267.6, 0.0197754
7267.68, 0.0197754
7267.76, 0.0197754
7267.84, 0.0197754
7267.92, 0.0197754
7268, 0.0197754
7268.09, 0.0197754
7268.14, 0.0197754
7268.2, 0.0197754
7268.26, 0.0197754
7268.33, 0.0197754
7268.39, 0.0197754
7268.46, 0.0197754
7268.52, 0.0197754
7268.59, 0.0197754
7268.64, 0.0197754
7268.7, 0.0197754
7268.77, 0.0197754
7268.83, 0.0197754
7268.89, 0.0197754
7268.94, 0.0197754
7269, 0.0197754
7269.06, 0.0197754
7269.13, 0.0197754
7269.19, 0.0197754
7269.26, 0.0197754
7269.33, 0.0197754
7269.4, 0.0197754
7269.47, 0.0197754
7269.54, 0.0197754
7269.62, 0.0197754
7269.69, 0.0197754
7269.77, 0.0197754
7269.85, 0.0197754
7269.93, 0.0197754
7270.02, 0.0197754
7270.11, 0.0197754
7270.19, 0.0197754
7270.29, 0.0197754
7270.38, 0.0197754
7270.48, 0.0197754
7270.57, 0.0197754
7270.67, 0.0197754
7270.78, 0.0197754
7270.88, 0.0197754
7270.99, 0.0197754
7271.1, 0.0197754
7271.22, 0.0197754
7271.33, 0.0197754
7271.45, 0.0197754
7271.58, 0.0197754
7271.7, 0.0197754
7271.83, 0.0197754
7271.96, 0.0197754
7272.1, 0.0197754
7272.24, 0.0197754
7272.38, 0.0197754
7272.53, 0.0197754
7272.68, 0.0197754
7272.83, 0.0197754
7272.99, 0.0197754
7273.15, 0.0197754
7273.31, 0.0197754
7273.48, 0.0197754
7273.66, 0.0197754
7273.83, 0.0197754
7274.02, 0.0197754
7274.2, 0.0197754
7274.39, 0.0197754
7274.59, 0.0197754
7274.79, 0.0197754
7275, 0.0197754
7275.21, 0.0197754
7275.43, 0.0197754
7275.65, 0.0197754
7275.88, 0.0197754
7276.11, 0.0197754
7276.35, 0.0197754
7276.59, 0.0197754
7276.84, 0.0197754
7277.1, 0.0197754
7277.37, 0.0197754
7277.64, 0.0197754
7277.91, 0.0197754
7278.2, 0.0197754
7278.49, 0.0197754
7278.79, 0.0197754
7279.09, 0.0197754
7279.41, 0.0197754
7279.73, 0.0197754
7280.06, 0.0197754
7280.4, 0.0197754
7280.74, 0.0197754
7281.1, 0.0197754
7281.46, 0.0197754
7281.84, 0.0197754
7282.22, 0.0197754
7282.61, 0.0197754
7283.01, 0.0197754
7283.42, 0.0197754
7283.85, 0.0197754
7284.28, 0.0197754
7284.72, 0.0197754
7285.18, 0.0197754
7285.64, 0.0197754
7286.12, 0.0197754
7286.61, 0.0197754
7287.11, 0.0197754
7287.62, 0.0197754
7288.15, 0.0197754
7288.69, 0.0197754
7289.25, 0.0197754
7289.81, 0.0197754
7290.4, 0.0197754
7290.99, 0.0197754
7291.6, 0.0197754
7292.23, 0.0197754
7292.87, 0.0197754
7293.53, 0.0197754
7294.2, 0.0197754
7294.9, 0.0197754
7295.6, 0.0197754
7296.33, 0.0197754
7297.08, 0.0197754
7297.84, 0.0197754
7298.62, 0.0197754
7299.42, 0.0197754
7300.25, 0.0197754
7301.09, 0.0197754
7301.95, 0.0197754
7302.84, 0.0197754
7303.74, 0.0197754
7304.67, 0.0197754
7305.63, 0.0197754
7306.6, 0.0197754
7307.61, 0.0197754
7308.63, 0.0197754
7309.69, 0.0197754
7310.76, 0.0197754
7311.87, 0.0197754
7313, 0.0197754
7314.16, 0.0197754
7315.35, 0.0197754
7316.57, 0.0197754
7317.83, 0.0197754
7319.11, 0.0197754
7320.42, 0.0197754
7321.77, 0.0197754
7323.15, 0.0197754
7324.56, 0.0197754
7326.01, 0.0197754
7327.5, 0.0197754
7329.03, 0.0197754
7330.59, 0.0197754
7332.19, 0.0197754
7333.83, 0.0197754
7335.51, 0.0197754
7337.24, 0.0197754
7339, 0.0197754
7340.82, 0.0197754
7342.67, 0.0197754
7344.58, 0.0197754
7346.53, 0.0197754
7348.53, 0.0197754
7350.58, 0.0197754
7352.68, 0.0197754
7354.83, 0.0197754
7357.04, 0.0197754
7359.3, 0.0197754
7361.62, 0.0197754
7363.99, 0.0197449
7366.43, 0.0197449
7368.93, 0.0197449
7371.49, 0.0197449
7374.11, 0.0197449
7376.8, 0.0197449
7379.56, 0.0197449
7382.38, 0.0197449
7385.28, 0.0197449
7388.25, 0.0197449
7391.29, 0.0197449
7394.41, 0.0197449
7397.6, 0.0197449
7400.88, 0.0197449
7404.24, 0.0197449
7407.68, 0.0197449
7411.21, 0.0197449
7414.83, 0.0197449
7418.53, 0.0197449
7422.33, 0.0197449
7426.23, 0.0197449
7430.22, 0.0197449
7434.31, 0.0197449
7438.51, 0.0197449
7442.81, 0.0197449
7447.21, 0.0197449
7451.73, 0.0197449
7456.36, 0.0197449
7461.11, 0.0197449
7465.97, 0.0197449
7470.96, 0.0197449
7476.07, 0.0197449
7481.3, 0.0197449
7486.67, 0.0197449
7492.18, 0.0197449
7497.82, 0.0197449
7503.6, 0.0197449
7509.52, 0.0197449
7515.6, 0.0197449
7521.83, 0.0197449
7528.21, 0.0197449
7534.75, 0.0197449
7541.45, 0.0197144
7548.33, 0.0197144
7555.37, 0.0197144
7562.59, 0.0197144
7569.99, 0.0197144
7577.58, 0.0197144
7585.36, 0.0197144
7593.33, 0.0197144
7601.5, 0.0197144
7609.87, 0.0197144
7618.45, 0.0197144
7627.25, 0.0197144
7636.27, 0.0197144
7645.51, 0.0197144
7654.99, 0.0197144
7664.7, 0.0197144
7674.65, 0.0197144
7684.85, 0.0197144
7695.31, 0.0197144
7706.03, 0.0197144
7717.02, 0.0197144
7728.28, 0.0197144
7739.82, 0.0196838
7751.66, 0.0196838
7763.78, 0.0196838
7776.21, 0.0196838
7788.96, 0.0196838
7802.02, 0.0196838
7815.4, 0.0196838
7829.12, 0.0196838
7843.19, 0.0196838
7857.61, 0.0196838
7872.38, 0.0196838
7887.53, 0.0196838
7903.05, 0.0196838
7918.96, 0.0196838
7935.28, 0.0197144
7951.99, 0.0196838
7969.13, 0.0196838
7986.69, 0.0196838
8004.7, 0.0196838
8023.15, 0.0196533
8042.07, 0.0196228
8061.46, 0.0196228
8061.51, 0.0196228
8061.57, 0.0196228
8061.63, 0.0196228
8061.69, 0.0196228
8061.75, 0.0196228
8061.82, 0.0196228
8061.89, 0.0196228
8061.96, 0.0196228
8062.03, 0.0196228
8062.08, 0.0196228
8062.13, 0.0196228
8062.19, 0.0196228
8062.25, 0.0196228
8062.3, 0.0196228
8062.36, 0.0196228
8062.42, 0.0196228
8062.47, 0.0196228
8062.53, 0.0196228
8062.59, 0.0196228
8062.64, 0.0196228
8062.69, 0.0196228
8062.75, 0.0196228
8062.82, 0.0196228
8062.87, 0.0196228
8062.93, 0.0196228
8062.99, 0.0196228
8063.05, 0.0196228
8063.12, 0.0196228
8063.18, 0.0196228
8063.23, 0.0196228
8063.29, 0.0196228
8063.35, 0.0196228
8063.42, 0.0196228
8063.48, 0.0196228
8063.53, 0.0196228
8063.59, 0.0196228
8063.65, 0.0196228
8063.72, 0.0196228
8063.78, 0.0196228
8063.85, 0.0196228
8063.9, 0.0196228
8063.96, 0.0196228
8064.01, 0.0196228
8064.07, 0.0196228
8064.13, 0.0196228
8064.19, 0.0196228
8064.26, 0.0196228
8064.32, 0.0196228
8064.37, 0.0196228
8064.43, 0.0196228
8064.49, 0.0196228
8064.54, 0.0196228
8064.6, 0.0196228
8064.66, 0.0196228
8064.73, 0.0196228
8064.79, 0.0196228
8064.84, 0.0196228
8064.9, 0.0196228
8064.96, 0.0196228
8065.03, 0.0196228
8065.09, 0.0196228
8065.16, 0.0196228
8065.21, 0.0196228
8065.27, 0.0196228
8065.33, 0.0196228
8065.39, 0.0196228
8065.44, 0.0196228
8065.5, 0.0196228
8065.56, 0.0196228
8065.63, 0.0196228
8065.68, 0.0196228
8065.74, 0.0196228
8065.8, 0.0196228
8065.86, 0.0196228
8065.91, 0.0196228
8065.97, 0.0196228
8066.03, 0.0196228
8066.1, 0.0196228
8066.16, 0.0196228
8066.23, 0.0196228
8066.28, 0.0196228
8066.34, 0.0196228
8066.4, 0.0196228
8066.46, 0.0196228
8066.51, 0.0196228
8066.56, 0.0196228
8066.62, 0.0196228
8066.68, 0.0196228
8066.73, 0.0196228
8066.79, 0.0196228
8066.84, 0.0196228
8066.9, 0.0196228
8066.96, 0.0196228
8067.03, 0.0196228
8067.09, 0.0196228
8067.16, 0.0196228
8067.23, 0.0196228
8067.3, 0.0196228
8067.37, 0.0196228
8067.44, 0.0196228
8067.49, 0.0196228
8067.55, 0.0196228
8067.61, 0.0196228
8067.66, 0.0196228
8067.72, 0.0196228
8067.78, 0.0196228
8067.85, 0.0196228
8067.91, 0.0196228
8067.96, 0.0196228
8068.01, 0.0196228
8068.07, 0.0196228
8068.12, 0.0196228
8068.18, 0.0196228
8068.24, 0.0196228
8068.29, 0.0196228
8068.35, 0.0196228
8068.41, 0.0196228
8068.48, 0.0196228
8068.54, 0.0196228
8068.61, 0.0196228
8068.68, 0.0196228
8068.74, 0.0196228
8068.79, 0.0196228
8068.85, 0.0196228
8068.92, 0.0196228
8068.97, 0.0196228
8069.03, 0.0196228
8069.09, 0.0196228
8069.15, 0.0196228
8069.2, 0.0196228
8069.26, 0.0196228
8069.32, 0.0196228
8069.39, 0.0196228
8069.45, 0.0196228
8069.52, 0.0196228
8069.58, 0.0196228
8069.63, 0.0196228
8069.69, 0.0196228
8069.76, 0.0196228
8069.82, 0.0196228
8069.88, 0.0196228
8069.93, 0.0196228
8069.99, 0.0196228
8070.05, 0.0196228
8070.12, 0.0196228
8070.18, 0.0196228
8070.25, 0.0196228
8070.32, 0.0196228
8070.39, 0.0196228
8070.44, 0.0196228
8070.49, 0.0196228
8070.55, 0.0196228
8070.6, 0.0196228
8070.66, 0.0196228
8070.72, 0.0196228
8070.78, 0.0196228
8070.85, 0.0196228
8070.91, 0.0196228
8070.96, 0.0196228
8071.02, 0.0196228
8071.08, 0.0196228
8071.15, 0.0196228
8071.2, 0.0196228
8071.25, 0.0196228
8071.31, 0.0196228
8071.37, 0.0196228
8071.42, 0.0196228
8071.48, 0.0196228
8071.54, 0.0196228
8071.6, 0.0196228
8071.67, 0.0196228
8071.72, 0.0196228
8071.77, 0.0196228
8071.83, 0.0196228
8071.89, 0.0196228
8071.95, 0.0196228
8072, 0.0196228
8072.06, 0.0196228
8072.12, 0.0196228
8072.19, 0.0196228
8072.25, 0.0196228
8072.32, 0.0196228
8072.38, 0.0196228
8072.45, 0.0196228
8072.53, 0.0196228
8072.6, 0.0196228
8072.65, 0.0196228
8072.71, 0.0196228
8072.76, 0.0196228
8072.82, 0.0196228
8072.88, 0.0196228
8072.94, 0.0196228
8073.01, 0.0196228
8073.06, 0.0196228
8073.12, 0.0196228
8073.18, 0.0196228
8073.24, 0.0196228
8073.29, 0.0196228
8073.35, 0.0196228
8073.41, 0.0196228
8073.48, 0.0196228
8073.54, 0.0196228
8073.61, 0.0196228
8073.68, 0.0196228
8073.73, 0.0196228
8073.79, 0.0196228
8073.85, 0.0196228
8073.91, 0.0196228
8073.96, 0.0196228
8074.02, 0.0196228
8074.08, 0.0196228
8074.14, 0.0196228
8074.19, 0.0196228
8074.25, 0.0196228
8074.32, 0.0196228
8074.38, 0.0196228
8074.44, 0.0196228
8074.51, 0.0196228
8074.58, 0.0196228
8074.65, 0.0196228
8074.72, 0.0196228
8074.79, 0.0196228
8074.87, 0.0196228
8074.94, 0.0196228
8075.02, 0.0196228
8075.1, 0.0196228
8075.15, 0.0196228
8075.21, 0.0196228
8075.27, 0.0196228
8075.32, 0.0196228
8075.37, 0.0196228
8075.43, 0.0196228
8075.5, 0.0196228
8075.56, 0.0196228
8075.62, 0.0196228
8075.69, 0.0196228
8075.76, 0.0196228
8075.81, 0.0196228
8075.87, 0.0196228
8075.93, 0.0196228
8075.98, 0.0196228
8076.04, 0.0196228
8076.1, 0.0196228
8076.16, 0.0196228
8076.23, 0.0196228
8076.28, 0.0196228
8076.34, 0.0196228
8076.4, 0.0196228
8076.46, 0.0196228
8076.53, 0.0196228
8076.59, 0.0196228
8076.66, 0.0196228
8076.73, 0.0196228
8076.78, 0.0196228
8076.84, 0.0196228
8076.9, 0.0196228
8076.97, 0.0196228
8077.03, 0.0196228
8077.1, 0.0196228
8077.15, 0.0196228
8077.21, 0.0196228
8077.26, 0.0196228
8077.32, 0.0196228
8077.38, 0.0196228
8077.44, 0.0196228
8077.51, 0.0196228
8077.56, 0.0196228
8077.62, 0.0196228
8077.67, 0.0196228
8077.73, 0.0196228
8077.79, 0.0196228
8077.85, 0.0196228
8077.91, 0.0196228
8077.98, 0.0196228
8078.05, 0.0196228
8078.12, 0.0196228
8078.19, 0.0196228
8078.26, 0.0196228
8078.34, 0.0196228
8078.41, 0.0196228
8078.49, 0.0196228
8078.54, 0.0196228
8078.6, 0.0196228
8078.65, 0.0196228
8078.71, 0.0196228
8078.76, 0.0196228
8078.82, 0.0196228
8078.88, 0.0196228
8078.95, 0.0196228
8079, 0.0196228
8079.06, 0.0196228
8079.12, 0.0196228
8079.17, 0.0196228
8079.23, 0.0196228
8079.28, 0.0196228
8079.34, 0.0196228
8079.4, 0.0196228
8079.45, 0.0196228
8079.51, 0.0196228
8079.57, 0.0196228
8079.62, 0.0196228
8079.68, 0.0196228
8079.73, 0.0196228
8079.79, 0.0196228
8079.85, 0.0196228
8079.92, 0.0196228
8079.98, 0.0196228
8080.03, 0.0196228
8080.09, 0.0196228
8080.14, 0.0196228
8080.2, 0.0196228
8080.26, 0.0196228
8080.33, 0.0196228
8080.39, 0.0196228
8080.46, 0.0196228
8080.52, 0.0196228
8080.57, 0.0196228
8080.63, 0.0196228
8080.7, 0.0196228
8080.76, 0.0196228
8080.81, 0.0196228
8080.87, 0.0196228
8080.92, 0.0196228
8080.98, 0.0196228
8081.04, 0.0196228
8081.1, 0.0196228
8081.17, 0.0196228
8081.23, 0.0196228
8081.3, 0.0196228
8081.35, 0.0196228
8081.41, 0.0196228
8081.47, 0.0196228
8081.52, 0.0196228
8081.58, 0.0196228
8081.65, 0.0196228
8081.7, 0.0196228
8081.76, 0.0196228
8081.81, 0.0196228
8081.87, 0.0196228
8081.93, 0.0196228
8081.99, 0.0196228
8082.05, 0.0196228
8082.12, 0.0196228
8082.19, 0.0196228
8082.24, 0.0196228
8082.3, 0.0196228
8082.36, 0.0196228
8082.42, 0.0196228
8082.49, 0.0196228
8082.54, 0.0196228
8082.6, 0.0196228
8082.66, 0.0196228
8082.72, 0.0196228
8082.79, 0.0196228
8082.84, 0.0196228
8082.89, 0.0196228
8082.95, 0.0196228
8083, 0.0196228
8083.06, 0.0196228
8083.11, 0.0196228
8083.17, 0.0196228
8083.22, 0.0196228
8083.27, 0.0196228
8083.33, 0.0196228
8083.39, 0.0196228
8083.44, 0.0196228
8083.5, 0.0196228
8083.56, 0.0196228
8083.61, 0.0196228
8083.67, 0.0196228
8083.73, 0.0196228
8083.79, 0.0196228
8083.84, 0.0196228
8083.9, 0.0196228
8083.97, 0.0196228
8084.03, 0.0196228
8084.09, 0.0196228
8084.16, 0.0196228
8084.21, 0.0196228
8084.27, 0.0196228
8084.32, 0.0196228
8084.38, 0.0196228
8084.44, 0.0196228
8084.5, 0.0196228
8084.55, 0.0196228
8084.61, 0.0196228
8084.66, 0.0196228
8084.72, 0.0196228
8084.79, 0.0196228
8084.84, 0.0196228
8084.9, 0.0196228
8084.95, 0.0196228
8085.01, 0.0196228
8085.06, 0.0196228
8085.12, 0.0196228
8085.18, 0.0196228
8085.23, 0.0196228
8085.29, 0.0196228
8085.35, 0.0196228
8085.4, 0.0196228
8085.46, 0.0196228
8085.51, 0.0196228
8085.57, 0.0196228
8085.63, 0.0196228
8085.69, 0.0196228
8085.76, 0.0196228
8085.82, 0.0196228
8085.87, 0.0196228
8085.93, 0.0196228
8085.98, 0.0196228
8086.03, 0.0196228
8086.09, 0.0196228
8086.16, 0.0196228
8086.21, 0.0196228
8086.27, 0.0196228
8086.33, 0.0196228
8086.38, 0.0196228
8086.44, 0.0196228
8086.49, 0.0196228
8086.55, 0.0196228
8086.61, 0.0196228
8086.67, 0.0196228
8086.74, 0.0196228
8086.8, 0.0196228
8086.87, 0.0196228
8086.92, 0.0196228
8086.98, 0.0196228
8087.04, 0.0196228
8087.11, 0.0196228
8087.17, 0.0196228
8087.24, 0.0196228
8087.29, 0.0196228
8087.35, 0.0196228
8087.41, 0.0196228
8087.47, 0.0196228
8087.54, 0.0196228
8087.59, 0.0196228
8087.65, 0.0196228
8087.7, 0.0196228
8087.75, 0.0196228
8087.81, 0.0196228
8087.87, 0.0196228
8087.93, 0.0196228
8087.99, 0.0196228
8088.06, 0.0196228
8088.13, 0.0196228
8088.2, 0.0196228
8088.27, 0.0196228
8088.34, 0.0196228
8088.42, 0.0196228
8088.49, 0.0196228
8088.54, 0.0196228
8088.6, 0.0196228
8088.65, 0.0196228
8088.71, 0.0196228
8088.78, 0.0196228
8088.84, 0.0196228
8088.9, 0.0196228
8088.97, 0.0196228
8089.04, 0.0196228
8089.11, 0.0196228
8089.18, 0.0196228
8089.25, 0.0196228
8089.33, 0.0196228
8089.38, 0.0196228
8089.44, 0.0196228
8089.49, 0.0196228
8089.55, 0.0196228
8089.61, 0.0196228
8089.67, 0.0196228
8089.74, 0.0196228
8089.8, 0.0196228
8089.87, 0.0196228
8089.94, 0.0196228
8090.01, 0.0196228
8090.08, 0.0196228
8090.13, 0.0196228
8090.19, 0.0196228
8090.26, 0.0196228
8090.31, 0.0196228
8090.36, 0.0196228
8090.42, 0.0196228
8090.47, 0.0196228
8090.52, 0.0196228
8090.58, 0.0196228
8090.64, 0.0196228
8090.7, 0.0196228
8090.76, 0.0196228
8090.83, 0.0196228
8090.9, 0.0196228
8090.97, 0.0196228
8091.04, 0.0196228
8091.11, 0.0196228
8091.19, 0.0196228
8091.26, 0.0196228
8091.34, 0.0196228
8091.42, 0.0196228
8091.51, 0.0196228
8091.59, 0.0196228
8091.68, 0.0196228
8091.77, 0.0196228
8091.86, 0.0196228
8091.91, 0.0196228
8091.97, 0.0196228
8092.03, 0.0196228
8092.09, 0.0196228
8092.16, 0.0196228
8092.22, 0.0196228
8092.27, 0.0196228
8092.33, 0.0196228
8092.4, 0.0196228
8092.45, 0.0196228
8092.51, 0.0196228
8092.57, 0.0196228
8092.63, 0.0196228
8092.68, 0.0196228
8092.74, 0.0196228
8092.8, 0.0196228
8092.86, 0.0196228
8092.93, 0.0196228
8093, 0.0196228
8093.06, 0.0196228
8093.13, 0.0196228
8093.2, 0.0196228
8093.28, 0.0196228
8093.35, 0.0196228
8093.43, 0.0196228
8093.51, 0.0196228
8093.59, 0.0196228
8093.67, 0.0196228
8093.76, 0.0196228
8093.81, 0.0196228
8093.87, 0.0196228
8093.93, 0.0196228
8093.99, 0.0196228
8094.04, 0.0196228
8094.1, 0.0196228
8094.15, 0.0196228
8094.21, 0.0196228
8094.26, 0.0196228
8094.32, 0.0196228
8094.38, 0.0196228
8094.43, 0.0196228
8094.49, 0.0196228
8094.55, 0.0196228
8094.62, 0.0196228
8094.68, 0.0196228
8094.75, 0.0196228
8094.82, 0.0196228
8094.88, 0.0196228
8094.96, 0.0196228
8095.03, 0.0196228
8095.08, 0.0196228
8095.14, 0.0196228
8095.2, 0.0196228
8095.25, 0.0196228
8095.31, 0.0196228
8095.37, 0.0196228
8095.44, 0.0196228
8095.5, 0.0196228
8095.57, 0.0196228
8095.63, 0.0196228
8095.7, 0.0196228
8095.77, 0.0196228
8095.85, 0.0196228
8095.92, 0.0196228
8096, 0.0196228
8096.08, 0.0196228
8096.16, 0.0196228
8096.24, 0.0196228
8096.33, 0.0196228
8096.38, 0.0196228
8096.44, 0.0196228
8096.5, 0.0196228
8096.56, 0.0196228
8096.61, 0.0196228
8096.67, 0.0196228
8096.73, 0.0196228
8096.8, 0.0196228
8096.86, 0.0196228
8096.93, 0.0196228
8096.99, 0.0196228
8097.06, 0.0196228
8097.11, 0.0196228
8097.17, 0.0196228
8097.24, 0.0196228
8097.3, 0.0196228
8097.36, 0.0196228
8097.43, 0.0196228
8097.48, 0.0196228
8097.53, 0.0196228
8097.59, 0.0196228
8097.65, 0.0196228
8097.71, 0.0196228
8097.78, 0.0196228
8097.83, 0.0196228
8097.89, 0.0196228
8097.95, 0.0196228
8098.01, 0.0196228
8098.08, 0.0196228
8098.14, 0.0196228
8098.21, 0.0196228
8098.28, 0.0196228
8098.33, 0.0196228
8098.39, 0.0196228
8098.45, 0.0196228
8098.52, 0.0196228
8098.58, 0.0196228
8098.65, 0.0196228
8098.71, 0.0196228
8098.76, 0.0196228
8098.82, 0.0196228
8098.89, 0.0196228
8098.95, 0.0196228
8099.01, 0.0196228
8099.08, 0.0196228
8099.13, 0.0196228
8099.19, 0.0196228
8099.24, 0.0196228
8099.3, 0.0196228
8099.36, 0.0196228
8099.42, 0.0196228
8099.49, 0.0196228
8099.54, 0.0196228
8099.6, 0.0196228
8099.66, 0.0196228
8099.72, 0.0196228
8099.79, 0.0196228
8099.84, 0.0196228
8099.9, 0.0196228
8099.96, 0.0196228
8100.02, 0.0195923
8100.07, 0.0195923
8100.13, 0.0195923
8100.19, 0.0195923
8100.24, 0.0195923
8100.3, 0.0195923
8100.37, 0.0195923
8100.43, 0.0195923
8100.49, 0.0195923
8100.54, 0.0195923
8100.6, 0.0195923
8100.66, 0.0195923
8100.73, 0.0195923
8100.78, 0.0195923
8100.84, 0.0195923
8100.9, 0.0195923
8100.96, 0.0195923
8101.01, 0.0195923
8101.07, 0.0195923
8101.13, 0.0195923
8101.2, 0.0195923
8101.25, 0.0195923
8101.31, 0.0195923
8101.37, 0.0195923
8101.43, 0.0195923
8101.48, 0.0195923
8101.54, 0.0195923
8101.59, 0.0195923
8101.65, 0.0195923
8101.71, 0.0195923
8101.78, 0.0195923
8101.84, 0.0195923
8101.89, 0.0195923
8101.94, 0.0195923
8102, 0.0195923
8102.06, 0.0195923
8102.11, 0.0195923
8102.17, 0.0195923
8102.23, 0.0195923
8102.3, 0.0195923
8102.36, 0.0195923
8102.41, 0.0195923
8102.47, 0.0195923
8102.52, 0.0195923
8102.58, 0.0195923
8102.63, 0.0195923
8102.68, 0.0195923
8102.74, 0.0195923
8102.79, 0.0195923
8102.85, 0.0195923
8102.9, 0.0195923
8102.96, 0.0195923
8103.01, 0.0195923
8103.07, 0.0195923
8103.13, 0.0195923
8103.18, 0.0195923
8103.24, 0.0195923
8103.3, 0.0195923
8103.37, 0.0195923
8103.43, 0.0195923
8103.48, 0.0195923
8103.54, 0.0195923
8103.59, 0.0195923
8103.65, 0.0195923
8103.71, 0.0195923
8103.78, 0.0195923
8103.83, 0.0195923
8103.89, 0.0195923
8103.95, 0.0195923
8104, 0.0195923
8104.06, 0.0195923
8104.11, 0.0195923
8104.17, 0.0195923
8104.23, 0.0195923
8104.29, 0.0195923
8104.36, 0.0195923
8104.41, 0.0195923
8104.47, 0.0195923
8104.52, 0.0195923
8104.57, 0.0195923
8104.63, 0.0195923
8104.69, 0.0195923
8104.74, 0.0195923
8104.8, 0.0195923
8104.85, 0.0195923
8104.91, 0.0195923
8104.97, 0.0195923
8105.02, 0.0195923
8105.07, 0.0195923
8105.13, 0.0195923
8105.19, 0.0195923
8105.24, 0.0195923
8105.3, 0.0195923
8105.36, 0.0195923
8105.43, 0.0195923
8105.49, 0.0195923
8105.56, 0.0195923
8105.62, 0.0195923
8105.69, 0.0195923
8105.74, 0.0195923
8105.8, 0.0195923
8105.87, 0.0195923
8105.92, 0.0195923
8105.98, 0.0195923
8106.04, 0.0195923
8106.09, 0.0195923
8106.15, 0.0195923
8106.21, 0.0195923
8106.27, 0.0195923
8106.34, 0.0195923
8106.4, 0.0195923
8106.47, 0.0195923
8106.54, 0.0195923
8106.61, 0.0195923
8106.66, 0.0195923
8106.72, 0.0195923
8106.77, 0.0195923
8106.83, 0.0195923
8106.89, 0.0195923
8106.94, 0.0195923
8107, 0.0195923
8107.06, 0.0195923
8107.11, 0.0195923
8107.17, 0.0195923
8107.24, 0.0195923
8107.3, 0.0195923
8107.36, 0.0195923
8107.43, 0.0195923
8107.48, 0.0195923
8107.54, 0.0195923
8107.6, 0.0195923
8107.65, 0.0195923
8107.71, 0.0195923
8107.77, 0.0195923
8107.82, 0.0195923
8107.88, 0.0195923
8107.94, 0.0195923
8107.99, 0.0195923
8108.05, 0.0195923
8108.12, 0.0195923
8108.17, 0.0195923
8108.23, 0.0195923
8108.29, 0.0195923
8108.34, 0.0195923
8108.4, 0.0195923
8108.46, 0.0195923
8108.52, 0.0195923
8108.59, 0.0195923
8108.64, 0.0195923
8108.7, 0.0195923
8108.75, 0.0195923
8108.81, 0.0195923
8108.87, 0.0195923
8108.93, 0.0195923
8108.98, 0.0195618
8109.04, 0.0195618
8109.1, 0.0195618
8109.17, 0.0195618
8109.23, 0.0195618
8109.28, 0.0195618
8109.34, 0.0195618
8109.39, 0.0195618
8109.45, 0.0195618
8109.5, 0.0195618
8109.56, 0.0195618
8109.62, 0.0195618
8109.68, 0.0195618
8109.75, 0.0195618
8109.8, 0.0195618
8109.86, 0.0195618
8109.91, 0.0195618
8109.97, 0.0195618
8110.02, 0.0195618
8110.08, 0.0195618
8110.13, 0.0195618
8110.19, 0.0195618
8110.25, 0.0195618
8110.31, 0.0195618
8110.38, 0.0195618
8110.44, 0.0195618
8110.51, 0.0195618
8110.58, 0.0195618
8110.65, 0.0195618
8110.7, 0.0195618
8110.76, 0.0195618
8110.83, 0.0195618
8110.89, 0.0195618
8110.94, 0.0195618
8111, 0.0195618
8111.06, 0.0195618
8111.11, 0.0195618
8111.17, 0.0195618
8111.22, 0.0195618
8111.28, 0.0195618
8111.34, 0.0195618
8111.4, 0.0195618
8111.47, 0.0195618
8111.54, 0.0195618
8111.6, 0.0195618
8111.67, 0.0195618
8111.74, 0.0195618
8111.82, 0.0195618
8111.89, 0.0195618
8111.97, 0.0195618
8112.05, 0.0195618
8112.13, 0.0195618
8112.21, 0.0195618
8112.3, 0.0195618
8112.38, 0.0195618
8112.47, 0.0195618
8112.56, 0.0195618
8112.66, 0.0195618
8112.75, 0.0195618
8112.85, 0.0195618
8112.95, 0.0195618
8113.05, 0.0195618
8113.16, 0.0195618
8113.21, 0.0195618
8113.27, 0.0195618
8113.33, 0.0195618
8113.4, 0.0195618
8113.46, 0.0195618
8113.51, 0.0195618
8113.57, 0.0195618
8113.63, 0.0195618
8113.68, 0.0195618
8113.74, 0.0195618
8113.8, 0.0195618
8113.87, 0.0195618
8113.93, 0.0195618
8113.98, 0.0195618
8114.04, 0.0195618
8114.1, 0.0195618
8114.16, 0.0195618
8114.21, 0.0195618
8114.27, 0.0195618
8114.34, 0.0195618
8114.4, 0.0195618
8114.46, 0.0195618
8114.53, 0.0195618
8114.6, 0.0195618
8114.65, 0.0195618
8114.71, 0.0195618
8114.77, 0.0195618
8114.83, 0.0195618
8114.9, 0.0195618
8114.95, 0.0195618
8115.01, 0.0195618
8115.06, 0.0195618
8115.12, 0.0195618
8115.18, 0.0195618
8115.23, 0.0195618
8115.29, 0.0195618
8115.34, 0.0195618
8115.4, 0.0195618
8115.46, 0.0195618
8115.51, 0.0195618
8115.57, 0.0195618
8115.63, 0.0195618
8115.69, 0.0195618
8115.76, 0.0195618
8115.83, 0.0195618
8115.89, 0.0195618
8115.96, 0.0195618
8116.03, 0.0195618
8116.08, 0.0195618
8116.14, 0.0195618
8116.21, 0.0195618
8116.27, 0.0195618
8116.33, 0.0195618
8116.4, 0.0195618
8116.47, 0.0195618
8116.54, 0.0195618
8116.61, 0.0195618
8116.68, 0.0195618
8116.76, 0.0195618
8116.83, 0.0195618
8116.91, 0.0195618
8116.99, 0.0195618
8117.08, 0.0195618
8117.16, 0.0195618
8117.25, 0.0195618
8117.34, 0.0195618
8117.43, 0.0195618
8117.52, 0.0195618
8117.62, 0.0195618
8117.72, 0.0195618
8117.82, 0.0195618
8117.92, 0.0195618
8118.03, 0.0195618
8118.13, 0.0195618
8118.25, 0.0195618
8118.3, 0.0195618
8118.36, 0.0195618
8118.42, 0.0195618
8118.48, 0.0195618
8118.54, 0.0195618
8118.61, 0.0195618
8118.66, 0.0195618
8118.72, 0.0195618
8118.78, 0.0195618
8118.85, 0.0195618
8118.91, 0.0195618
8118.96, 0.0195618
8119.02, 0.0195618
8119.08, 0.0195618
8119.14, 0.0195618
8119.21, 0.0195618
8119.26, 0.0195618
8119.32, 0.0195618
8119.38, 0.0195618
8119.44, 0.0195618
8119.49, 0.0195618
8119.55, 0.0195618
8119.6, 0.0195618
8119.66, 0.0195618
8119.72, 0.0195618
8119.77, 0.0195618
8119.83, 0.0195618
8119.9, 0.0195618
8119.96, 0.0195618
8120.02, 0.0195618
8120.07, 0.0195618
8120.13, 0.0195618
8120.2, 0.0195618
8120.26, 0.0195618
8120.32, 0.0195618
8120.39, 0.0195618
8120.46, 0.0195618
8120.51, 0.0195618
8120.57, 0.0195618
8120.63, 0.0195618
8120.69, 0.0195618
8120.76, 0.0195618
8120.81, 0.0195618
8120.87, 0.0195618
8120.93, 0.0195618
8120.99, 0.0195618
8121.06, 0.0195618
8121.12, 0.0195618
8121.17, 0.0195618
8121.22, 0.0195618
8121.28, 0.0195618
8121.34, 0.0195618
8121.39, 0.0195618
8121.45, 0.0195618
8121.51, 0.0195618
8121.58, 0.0195618
8121.64, 0.0195618
8121.69, 0.0195618
8121.75, 0.0195618
8121.8, 0.0195618
8121.86, 0.0195618
8121.92, 0.0195618
8121.99, 0.0195618
8122.05, 0.0195618
8122.12, 0.0195618
8122.17, 0.0195618
8122.23, 0.0195618
8122.29, 0.0195618
8122.35, 0.0195618
8122.42, 0.0195618
8122.48, 0.0195618
8122.55, 0.0195618
8122.62, 0.0195618
8122.69, 0.0195618
8122.77, 0.0195618
8122.82, 0.0195618
8122.88, 0.0195618
8122.94, 0.0195618
8123, 0.0195618
8123.06, 0.0195618
8123.11, 0.0195618
8123.16, 0.0195618
8123.22, 0.0195618
8123.29, 0.0195618
8123.34, 0.0195618
8123.4, 0.0195618
8123.46, 0.0195618
8123.52, 0.0195618
8123.59, 0.0195618
8123.65, 0.0195618
8123.72, 0.0195618
8123.77, 0.0195618
8123.83, 0.0195618
8123.88, 0.0195618
8123.94, 0.0195618
8124, 0.0195618
8124.05, 0.0195618
8124.11, 0.0195618
8124.16, 0.0195618
8124.22, 0.0195618
8124.27, 0.0195618
8124.33, 0.0195618
8124.39, 0.0195618
8124.46, 0.0195618
8124.51, 0.0195618
8124.57, 0.0195618
8124.63, 0.0195618
8124.68, 0.0195618
8124.74, 0.0195618
8124.8, 0.0195618
8124.85, 0.0195618
8124.91, 0.0195618
8124.97, 0.0195618
8125.03, 0.0195618
8125.1, 0.0195618
8125.15, 0.0195618
8125.21, 0.0195618
8125.27, 0.0195618
8125.33, 0.0195618
8125.4, 0.0195618
8125.46, 0.0195618
8125.51, 0.0195618
8125.57, 0.0195618
8125.63, 0.0195618
8125.68, 0.0195618
8125.74, 0.0195618
8125.79, 0.0195618
8125.85, 0.0195618
8125.92, 0.0195618
8125.98, 0.0195618
8126.04, 0.0195618
8126.11, 0.0195618
8126.18, 0.0195618
8126.25, 0.0195618
8126.32, 0.0195618
8126.39, 0.0195618
8126.44, 0.0195618
8126.5, 0.0195618
8126.56, 0.0195618
8126.61, 0.0195618
8126.67, 0.0195618
8126.73, 0.0195618
8126.78, 0.0195618
8126.84, 0.0195618
8126.91, 0.0195618
8126.97, 0.0195618
8127.03, 0.0195618
8127.08, 0.0195618
8127.14, 0.0195618
8127.21, 0.0195618
8127.26, 0.0195618
8127.32, 0.0195618
8127.38, 0.0195618
8127.43, 0.0195618
8127.49, 0.0195618
8127.54, 0.0195618
8127.6, 0.0195618
8127.66, 0.0195618
8127.71, 0.0195618
8127.77, 0.0195618
8127.83, 0.0195618
8127.88, 0.0195618
8127.94, 0.0195618
8128, 0.0195618
8128.06, 0.0195618
8128.13, 0.0195618
8128.2, 0.0195618
8128.25, 0.0195618
8128.31, 0.0195618
8128.36, 0.0195618
8128.42, 0.0195618
8128.48, 0.0195618
8128.54, 0.0195618
8128.59, 0.0195618
8128.65, 0.0195618
8128.71, 0.0195618
8128.77, 0.0195618
8128.84, 0.0195618
8128.89, 0.0195618
8128.95, 0.0195618
8129.01, 0.0195618
8129.06, 0.0195618
8129.12, 0.0195618
8129.18, 0.0195618
8129.24, 0.0195618
8129.31, 0.0195618
8129.38, 0.0195618
8129.44, 0.0195618
8129.49, 0.0195618
8129.55, 0.0195618
8129.6, 0.0195618
8129.66, 0.0195618
8129.72, 0.0195618
8129.79, 0.0195618
8129.85, 0.0195618
8129.92, 0.0195618
8129.99, 0.0195618
8130.06, 0.0195618
8130.11, 0.0195618
8130.17, 0.0195618
8130.23, 0.0195618
8130.29, 0.0195618
8130.36, 0.0195618
8130.42, 0.0195618
8130.49, 0.0195618
8130.56, 0.0195618
8130.63, 0.0195618
8130.7, 0.0195618
8130.78, 0.0195618
8130.83, 0.0195618
8130.89, 0.0195618
8130.94, 0.0195618
8131, 0.0195618
8131.05, 0.0195618
8131.11, 0.0195618
8131.16, 0.0195618
8131.21, 0.0195618
8131.27, 0.0195618
8131.32, 0.0195618
8131.37, 0.0195618
8131.43, 0.0195618
8131.49, 0.0195618
8131.54, 0.0195618
8131.6, 0.0195618
8131.66, 0.0195618
8131.71, 0.0195618
8131.77, 0.0195618
8131.83, 0.0195618
8131.9, 0.0195618
8131.96, 0.0195618
8132.03, 0.0195618
8132.08, 0.0195618
8132.14, 0.0195618
8132.2, 0.0195618
8132.26, 0.0195618
8132.33, 0.0195618
8132.39, 0.0195618
8132.46, 0.0195618
8132.53, 0.0195618
8132.6, 0.0195618
8132.67, 0.0195618
8132.75, 0.0195618
8132.83, 0.0195618
8132.9, 0.0195618
8132.99, 0.0195618
8133.04, 0.0195618
8133.09, 0.0195618
8133.15, 0.0195618
8133.2, 0.0195618
8133.26, 0.0195618
8133.31, 0.0195618
8133.37, 0.0195618
8133.43, 0.0195618
8133.49, 0.0195618
8133.55, 0.0195618
8133.62, 0.0195618
8133.67, 0.0195618
8133.73, 0.0195618
8133.79, 0.0195618
8133.84, 0.0195618
8133.89, 0.0195618
8133.95, 0.0195618
8134, 0.0195618
8134.06, 0.0195618
8134.12, 0.0195618
8134.19, 0.0195618
8134.25, 0.0195618
8134.32, 0.0195618
8134.39, 0.0195618
8134.46, 0.0195618
8134.53, 0.0195618
8134.58, 0.0195618
8134.64, 0.0195618
8134.69, 0.0195618
8134.75, 0.0195618
8134.81, 0.0195618
8134.86, 0.0195618
8134.92, 0.0195618
8134.98, 0.0195618
8135.03, 0.0195618
8135.09, 0.0195618
8135.14, 0.0195618
8135.2, 0.0195618
8135.26, 0.0195618
8135.31, 0.0195618
8135.37, 0.0195618
8135.43, 0.0195618
8135.5, 0.0195618
8135.55, 0.0195618
8135.61, 0.0195618
8135.66, 0.0195618
8135.72, 0.0195618
8135.77, 0.0195618
8135.83, 0.0195618
8135.89, 0.0195618
8135.94, 0.0195618
8136, 0.0195618
8136.06, 0.0195618
8136.12, 0.0195618
8136.19, 0.0195618
8136.24, 0.0195618
8136.3, 0.0195618
8136.36, 0.0195618
8136.42, 0.0195618
8136.49, 0.0195618
8136.55, 0.0195618
8136.62, 0.0195618
8136.67, 0.0195618
8136.73, 0.0195618
8136.79, 0.0195618
8136.85, 0.0195618
8136.92, 0.0195618
8136.98, 0.0195618
8137.05, 0.0195618
8137.1, 0.0195618
8137.16, 0.0195618
8137.22, 0.0195618
8137.29, 0.0195618
8137.35, 0.0195618
8137.42, 0.0195618
8137.47, 0.0195618
8137.53, 0.0195618
8137.59, 0.0195618
8137.64, 0.0195618
8137.7, 0.0195618
8137.76, 0.0195618
8137.82, 0.0195618
8137.87, 0.0195618
8137.93, 0.0195618
8138, 0.0195618
8138.06, 0.0195618
8138.12, 0.0195618
8138.17, 0.0195618
8138.23, 0.0195618
8138.29, 0.0195618
8138.36, 0.0195618
8138.42, 0.0195618
8138.49, 0.0195618
8138.56, 0.0195618
8138.61, 0.0195618
8138.67, 0.0195618
8138.72, 0.0195618
8138.78, 0.0195618
8138.84, 0.0195618
8138.9, 0.0195618
8138.97, 0.0195618
8139.03, 0.0195618
8139.1, 0.0195618
8139.17, 0.0195618
8139.24, 0.0195618
8139.29, 0.0195618
8139.35, 0.0195618
8139.4, 0.0195618
8139.46, 0.0195618
8139.51, 0.0195618
8139.57, 0.0195618
8139.62, 0.0195618
8139.68, 0.0195618
8139.74, 0.0195618
8139.79, 0.0195618
8139.85, 0.0195618
8139.91, 0.0195618
8139.96, 0.0195618
8140.02, 0.0195618
8140.07, 0.0195618
8140.13, 0.0195618
8140.2, 0.0195618
8140.25, 0.0195618
8140.31, 0.0195618
8140.36, 0.0195618
8140.42, 0.0195618
8140.48, 0.0195618
8140.54, 0.0195618
8140.59, 0.0195618
8140.65, 0.0195618
8140.71, 0.0195618
8140.77, 0.0195618
8140.82, 0.0195618
8140.88, 0.0195618
8140.95, 0.0195618
8141.01, 0.0195618
8141.07, 0.0195618
8141.14, 0.0195618
8141.21, 0.0195618
8141.28, 0.0195618
8141.35, 0.0195618
8141.42, 0.0195618
8141.5, 0.0195618
8141.55, 0.0195618
8141.61, 0.0195618
8141.67, 0.0195618
8141.72, 0.0195618
8141.78, 0.0195618
8141.84, 0.0195618
8141.89, 0.0195618
8141.95, 0.0195618
8142, 0.0195618
8142.06, 0.0195618
8142.11, 0.0195618
8142.17, 0.0195618
8142.23, 0.0195618
8142.28, 0.0195618
8142.34, 0.0195618
8142.4, 0.0195618
8142.45, 0.0195618
8142.51, 0.0195618
8142.57, 0.0195618
8142.64, 0.0195618
8142.7, 0.0195618
8142.77, 0.0195618
8142.84, 0.0195618
8142.91, 0.0195618
8142.98, 0.0195618
8143.05, 0.0195618
8143.12, 0.0195618
8143.17, 0.0195618
8143.23, 0.0195618
8143.3, 0.0195618
8143.35, 0.0195618
8143.41, 0.0195618
8143.47, 0.0195618
8143.52, 0.0195618
8143.58, 0.0195618
8143.64, 0.0195618
8143.7, 0.0195618
8143.77, 0.0195618
8143.82, 0.0195618
8143.88, 0.0195618
8143.94, 0.0195618
8143.99, 0.0195618
8144.05, 0.0195618
8144.11, 0.0195618
8144.16, 0.0195618
8144.22, 0.0195618
8144.27, 0.0195618
8144.33, 0.0195618
8144.39, 0.0195618
8144.45, 0.0195618
8144.52, 0.0195618
8144.57, 0.0195618
8144.63, 0.0195618
8144.68, 0.0195618
8144.74, 0.0195618
8144.8, 0.0195618
8144.86, 0.0195618
8144.93, 0.0195618
8144.99, 0.0195618
8145.06, 0.0195618
8145.11, 0.0195618
8145.17, 0.0195618
8145.23, 0.0195618
8145.28, 0.0195618
8145.34, 0.0195618
8145.41, 0.0195618
8145.47, 0.0195618
8145.53, 0.0195618
8145.6, 0.0195618
8145.67, 0.0195618
8145.74, 0.0195618
8145.81, 0.0195618
8145.88, 0.0195618
8145.96, 0.0195618
8146.03, 0.0195618
8146.11, 0.0195618
8146.19, 0.0195618
8146.27, 0.0195618
8146.32, 0.0195618
8146.38, 0.0195618
8146.45, 0.0195618
8146.5, 0.0195618
8146.56, 0.0195618
8146.62, 0.0195618
8146.68, 0.0195618
8146.73, 0.0195618
8146.79, 0.0195618
8146.84, 0.0195618
8146.9, 0.0195618
8146.95, 0.0195618
8147.01, 0.0195618
8147.07, 0.0195618
8147.14, 0.0195618
8147.2, 0.0195618
8147.27, 0.0195618
8147.32, 0.0195618
8147.38, 0.0195618
8147.44, 0.0195618
8147.49, 0.0195618
8147.55, 0.0195618
8147.61, 0.0195618
8147.66, 0.0195618
8147.72, 0.0195618
8147.78, 0.0195618
8147.83, 0.0195618
8147.89, 0.0195618
8147.95, 0.0195618
8148, 0.0195618
8148.06, 0.0195618
8148.12, 0.0195618
8148.17, 0.0195618
8148.23, 0.0195618
8148.3, 0.0195618
8148.35, 0.0195618
8148.41, 0.0195618
8148.47, 0.0195618
8148.52, 0.0195618
8148.58, 0.0195618
8148.64, 0.0195618
8148.7, 0.0195618
8148.75, 0.0195618
8148.81, 0.0195618
8148.87, 0.0195618
8148.94, 0.0195618
8149, 0.0195618
8149.07, 0.0195618
8149.13, 0.0195618
8149.18, 0.0195618
8149.24, 0.0195618
8149.31, 0.0195618
8149.37, 0.0195618
8149.43, 0.0195618
8149.5, 0.0195618
8149.57, 0.0195618
8149.64, 0.0195618
8149.71, 0.0195618
8149.76, 0.0195618
8149.82, 0.0195618
8149.88, 0.0195618
8149.93, 0.0195618
8149.99, 0.0195618
8150.05, 0.0195618
8150.11, 0.0195618
8150.18, 0.0195618
8150.25, 0.0195618
8150.31, 0.0195618
8150.38, 0.0195618
8150.45, 0.0195618
8150.53, 0.0195618
8150.58, 0.0195618
8150.64, 0.0195618
8150.7, 0.0195618
8150.76, 0.0195618
8150.83, 0.0195618
8150.89, 0.0195618
8150.96, 0.0195618
8151.03, 0.0195618
8151.1, 0.0195618
8151.17, 0.0195618
8151.22, 0.0195618
8151.28, 0.0195618
8151.35, 0.0195618
8151.41, 0.0195618
8151.47, 0.0195618
8151.54, 0.0195618
8151.61, 0.0195618
8151.68, 0.0195618
8151.75, 0.0195618
8151.82, 0.0195618
8151.9, 0.0195618
8151.97, 0.0195618
8152.05, 0.0195618
8152.13, 0.0195618
8152.22, 0.0195618
8152.3, 0.0195618
8152.35, 0.0195312
8152.41, 0.0195312
8152.46, 0.0195312
8152.52, 0.0195312
8152.58, 0.0195312
8152.63, 0.0195312
8152.69, 0.0195312
8152.74, 0.0195312
8152.8, 0.0195312
8152.85, 0.0195312
8152.91, 0.0195312
8152.97, 0.0195312
8153.04, 0.0195312
8153.1, 0.0195312
8153.15, 0.0195312
8153.21, 0.0195312
8153.27, 0.0195312
8153.34, 0.0195312
8153.4, 0.0195312
8153.45, 0.0195312
8153.51, 0.0195312
8153.57, 0.0195312
8153.63, 0.0195312
8153.7, 0.0195312
8153.77, 0.0195312
8153.83, 0.0195312
0, 0.0195312
-8153.88, 
-8153.9, 
-8153.9, 
-8153.86, 
