0.05, 2048.672094886
0.1, 905.182142156
0.102687, 903.220093414
0.139882, 903.203729990
0.199882, 901.891162452
0.261382, 899.703901994
0.324419, 897.475266815
0.389033, 895.200230972
0.455262, 892.883789661
0.523146, 890.526379125
0.592728, 888.134550941
0.664049, 885.708456122
0.737153, 883.246695793
0.812085, 880.746707871
0.88889, 878.213366217
0.967615, 875.643162482
1.04831, 873.040547331
1.13102, 870.389588143
1.2158, 867.643456182
1.3027, 864.841172666
1.39177, 862.000581710
1.48306, 859.119475650
1.57664, 856.178704008
1.67256, 853.184583187
1.77088, 850.161144720
1.87165, 847.084188416
1.97495, 843.979793170
2.08082, 840.850198007
2.18935, 837.688710310
2.30058, 834.474622783
2.4146, 831.229612926
2.53147, 827.951052012
2.65126, 824.637397419
2.77404, 821.267842792
2.8999, 817.864347932
3.0289, 814.438303960
3.16112, 811.000724599
3.29666, 807.533561702
3.43557, 804.017691191
3.57797, 800.486489515
3.72392, 796.948601290
3.87352, 793.385199526
4.02686, 789.798211251
4.18404, 786.194239460
4.34514, 782.550935037
4.51027, 778.880107126
4.67953, 775.215142901
4.85302, 771.560250855
5.03085, 767.901747886
5.21312, 764.253039515
5.39996, 760.621661633
5.59146, 756.994286086
5.78775, 753.380417146
5.98894, 749.772190794
6.19517, 746.139902957
6.40655, 742.535194265
6.62322, 738.962773415
6.8453, 735.405630150
7.07294, 731.847336232
7.30626, 728.291801575
7.54542, 724.776557015
7.79056, 721.307971053
8.04183, 717.866471627
8.29938, 714.464874135
8.56336, 711.108955772
8.83395, 707.802727303
9.1113, 704.479452593
9.39559, 701.200593978
9.68698, 697.935450824
9.98566, 694.706068484
10.2918, 691.538818389
10.6056, 688.446933713
10.9272, 685.400619115
11.2569, 682.398078623
11.5949, 679.400525511
11.9412, 676.452866689
12.2963, 673.487955108
12.6602, 670.490848000
13.0332, 667.519787533
13.4155, 664.559612404
13.8074, 661.558694005
14.2091, 658.626255762
14.6208, 655.766795630
15.0428, 653.021030874
15.4754, 650.265871772
15.9188, 647.544062251
16.3733, 644.888056920
16.8391, 642.323964399
17.3166, 639.825360465
17.806, 637.410401604
18.3077, 635.118222409
18.8219, 632.890887391
19.3489, 630.732147382
19.8891, 628.668593631
20.4429, 626.687879075
21.0104, 624.781528322
21.5922, 622.948777849
22.1885, 621.155574648
22.7997, 619.452655793
23.4262, 617.785925898
24.0684, 616.160380447
24.7266, 614.575292591
25.4013, 613.001872183
26.0928, 611.466060376
26.8016, 609.939682665
27.5282, 608.448907634
28.2729, 606.981568742
29.0362, 605.537353782
29.8186, 604.110784658
30.6206, 602.715313916
31.4426, 601.344931379
32.2852, 600.013056351
33.1488, 598.700541516
34.034, 597.375144068
34.9414, 596.001613846
35.8714, 594.588251457
36.8247, 593.154580848
37.8018, 591.718809238
38.8034, 590.290327166
39.8299, 588.821491735
40.8822, 587.382341090
41.9608, 585.928453434
43.0663, 584.478898156
44.1994, 583.044090235
45.3609, 581.623488738
46.5515, 580.216026547
47.7717, 578.774115945
49.0225, 577.365816233
50.3046, 575.956172884
51.6187, 574.564370353
52.9657, 573.180722198
54.3463, 571.843219990
55.7615, 570.536569766
57.212, 569.244706401
58.6989, 567.965647437
60.2228, 566.726611404
61.7849, 565.518641626
63.386, 564.322464429
65.0272, 563.136477375
66.7094, 561.964752031
68.4336, 560.801789937
70.2009, 559.678594038
72.0125, 558.569571743
73.8693, 557.498219117
75.7725, 556.468288210
77.7233, 555.440824957
79.7229, 554.426013857
81.7725, 553.446229499
83.8733, 552.502861110
86.0266, 551.547704556
88.2338, 550.606772688
90.4962, 549.690717767
92.8151, 548.795639627
95.1919, 547.913677565
97.6282, 547.063149076
100.125, 546.227347078
102.685, 545.420325034
105.309, 544.639240080
107.998, 543.883942523
110.754, 543.153401539
113.58, 542.441071101
116.476, 541.742479181
119.444, 541.061777187
122.487, 540.389469726
125.605, 539.723111922
128.802, 539.095152660
132.079, 538.480874989
135.437, 537.880292519
138.88, 537.307678453
142.408, 536.747880980
146.025, 536.205238421
149.732, 535.684803163
153.532, 535.166620464
157.426, 534.667289651
161.419, 534.176755137
165.511, 533.713024025
169.705, 533.242704513
174.004, 532.784565695
178.411, 532.343439785
182.927, 531.922902032
187.557, 531.500071622
192.302, 531.088320805
197.167, 530.709157777
202.152, 530.331931447
207.262, 529.955343802
212.501, 529.589959605
217.87, 529.232395077
223.373, 528.885525569
229.014, 528.549158671
234.795, 528.209843248
240.722, 527.882552420
246.796, 527.554038540
253.023, 527.248079231
259.405, 526.942210891
265.947, 526.650162645
272.652, 526.350343086
279.524, 526.055905334
286.569, 525.788336499
293.79, 525.523848632
301.191, 525.267362818
308.777, 525.013718501
316.553, 524.771889599
324.524, 524.547076965
332.693, 524.307316942
341.067, 524.073895157
349.65, 523.856154178
358.448, 523.652499175
367.466, 523.426502343
376.709, 523.217715632
386.183, 523.008584608
395.894, 522.811563313
405.848, 522.605391947
416.051, 522.416679409
426.508, 522.217471890
437.228, 522.029953190
448.215, 521.838424816
459.477, 521.663056268
471.02, 521.484271090
482.852, 521.309285658
494.98, 521.119415287
507.411, 520.962324492
520.153, 520.773839406
533.213, 520.647145115
546.6, 520.433753919
560.321, 520.357443762
574.386, 520.059701709
588.802, 520.138073966
588.852, 519.829168492
588.912, 519.828399376
588.974, 519.827676626
589.037, 519.826939582
589.101, 519.826185588
589.168, 519.825417791
589.235, 519.824632939
589.305, 519.823832236
589.376, 519.823009440
589.449, 519.822177747
589.524, 519.821312348
589.601, 519.820437147
589.68, 519.819541591
589.761, 519.818626067
589.843, 519.817693238
589.928, 519.816735640
590.015, 519.815757210
590.104, 519.814760623
590.195, 519.813743020
590.289, 519.812695932
590.385, 519.811632466
590.483, 519.810543311
590.584, 519.809427987
590.687, 519.808293217
590.793, 519.807127578
590.902, 519.805939115
591.013, 519.804725364
591.127, 519.803482754
591.244, 519.802201467
591.364, 519.800906325
591.486, 519.799581634
591.612, 519.798222538
591.741, 519.796837326
591.873, 519.795414123
592.009, 519.793960194
592.148, 519.792494242
592.29, 519.790987572
592.436, 519.789435037
592.586, 519.787845942
592.739, 519.786224224
592.896, 519.784566786
593.057, 519.782869352
593.223, 519.781131942
593.392, 519.779359170
593.565, 519.777533885
593.743, 519.775670698
593.925, 519.773768599
594.112, 519.771814586
594.304, 519.769821838
594.5, 519.767774899
594.701, 519.765684353
594.907, 519.763543619
595.119, 519.761353985
595.335, 519.759104249
595.558, 519.756809399
595.785, 519.754457035
596.019, 519.752047464
596.258, 519.749580622
596.503, 519.747054153
596.754, 519.744466818
597.012, 519.741814192
597.276, 519.739114328
597.546, 519.736354185
597.824, 519.733516863
598.108, 519.730599881
598.399, 519.727611040
598.698, 519.724557281
599.004, 519.721437671
599.318, 519.718233046
599.639, 519.714939750
599.969, 519.711565540
600.307, 519.708115074
600.653, 519.704579580
601.009, 519.700951157
601.372, 519.697241106
601.745, 519.693494153
602.128, 519.689715385
602.52, 519.685777450
602.921, 519.681716576
603.333, 519.677547819
603.755, 519.673308482
604.188, 519.668951355
604.631, 519.664472127
605.086, 519.659883595
605.551, 519.655185846
606.029, 519.650371057
606.518, 519.645448940
607.02, 519.640427896
607.534, 519.635325713
608.061, 519.630029625
608.601, 519.624614834
609.155, 519.619123403
609.723, 519.613489204
610.304, 519.607677074
610.901, 519.601718900
611.512, 519.595814272
612.138, 519.589661527
612.781, 519.583310163
613.439, 519.576811819
614.114, 519.570179678
614.805, 519.563487907
615.514, 519.556515051
616.24, 519.549370096
616.985, 519.542056809
617.748, 519.534577263
618.531, 519.526912697
619.333, 519.519105904
620.155, 519.511249727
620.997, 519.503114543
621.861, 519.494870726
622.746, 519.486446308
623.654, 519.478080806
624.584, 519.469121035
625.537, 519.459961338
626.514, 519.450615130
627.516, 519.441289001
628.542, 519.431550980
629.594, 519.421621280
630.673, 519.411449617
631.779, 519.401038124
632.912, 519.390401084
634.073, 519.379569433
635.264, 519.368511388
636.484, 519.357127323
637.735, 519.345619746
639.017, 519.333812456
640.331, 519.321661640
641.678, 519.309277385
643.059, 519.296603380
644.474, 519.283620618
645.924, 519.270385732
647.411, 519.256980018
648.935, 519.243100332
650.497, 519.228927939
652.098, 519.214455512
653.739, 519.199752778
655.422, 519.184767500
657.146, 519.169962765
658.913, 519.154357144
660.725, 519.138589005
662.582, 519.122743875
664.485, 519.106306011
666.436, 519.090078682
668.435, 519.073002725
670.485, 519.056150952
672.586, 519.038455494
674.739, 519.020992312
676.946, 519.002464913
679.208, 518.983542985
681.527, 518.964376530
683.904, 518.944968273
686.341, 518.925192645
688.838, 518.905202543
691.397, 518.884655158
694.021, 518.863675941
696.71, 518.842210977
699.467, 518.820340074
702.292, 518.798829579
705.188, 518.776331077
708.156, 518.753216726
711.199, 518.730224018
714.318, 518.707511893
717.514, 518.682864666
720.791, 518.658319328
724.149, 518.634087827
727.592, 518.608633474
731.12, 518.582796710
734.737, 518.558281682
738.444, 518.531818771
742.244, 518.505179134
746.139, 518.478307329
750.131, 518.450304453
754.223, 518.422392657
758.417, 518.394146903
762.716, 518.365713487
767.123, 518.336062798
771.64, 518.307564920
776.269, 518.279106958
781.015, 518.252595671
785.879, 518.222195352
790.864, 518.194241589
795.975, 518.164244571
801.213, 518.131720495
806.582, 518.102432412
812.085, 518.072802779
817.726, 518.041645306
823.508, 518.012793530
829.434, 517.981548543
835.509, 517.949962599
841.735, 517.918163767
848.117, 517.883912190
854.659, 517.852026722
861.364, 517.819723198
868.237, 517.785642472
875.281, 517.750122001
882.502, 517.716428145
889.903, 517.682577396
897.49, 517.646323204
905.266, 517.611264347
913.236, 517.574010850
921.405, 517.538470770
929.779, 517.501321472
938.362, 517.464605201
947.16, 517.429332551
956.178, 517.391596381
965.421, 517.353480512
974.895, 517.315476853
984.606, 517.277949342
994.56, 517.239771783
1004.76, 517.197991155
1015.22, 517.162043703
1025.94, 517.116484265
1036.93, 517.080913756
1048.19, 517.038378518
1059.73, 517.003703090
1071.56, 516.957660259
1083.69, 516.920100402
1096.12, 516.877510164
1108.87, 516.838446800
1121.93, 516.794364822
1135.31, 516.757134010
1149.03, 516.709245790
1163.1, 516.679360835
1177.51, 516.624391446
1192.29, 516.598600884
1207.44, 516.533732299
1222.96, 516.530300983
1238.87, 516.433858374
1255.18, 516.478660444
1255.23, 516.402697885
1255.29, 516.402502218
1255.36, 516.402332203
1255.42, 516.402155795
1255.48, 516.401977738
1255.55, 516.401790235
1255.62, 516.401604641
1255.69, 516.401410555
1255.76, 516.401214877
1255.83, 516.401012763
1255.91, 516.400802703
1255.98, 516.400590040
1256.06, 516.400374643
1256.14, 516.400155976
1256.23, 516.399931161
1256.31, 516.399697104
1256.4, 516.399461414
1256.49, 516.399217316
1256.58, 516.398968156
1256.67, 516.398715703
1256.77, 516.398455196
1256.87, 516.398187808
1256.97, 516.397917426
1257.07, 516.397637101
1257.18, 516.397345884
1257.28, 516.397055814
1257.4, 516.396758859
1257.51, 516.396451526
1257.63, 516.396135453
1257.75, 516.395819348
1257.87, 516.395490350
1257.99, 516.395152767
1258.12, 516.394814069
1258.26, 516.394461722
1258.39, 516.394103163
1258.53, 516.393729432
1258.67, 516.393357135
1258.82, 516.392968746
1258.97, 516.392572877
1259.12, 516.392168806
1259.28, 516.391752973
1259.44, 516.391332437
1259.61, 516.390896989
1259.77, 516.390455121
1259.95, 516.389997263
1260.13, 516.389538451
1260.31, 516.389059222
1260.49, 516.388569720
1260.69, 516.388066893
1260.88, 516.387554844
1261.08, 516.387035721
1261.29, 516.386497915
1261.5, 516.385947446
1261.72, 516.385386001
1261.94, 516.384811932
1262.17, 516.384218360
1262.4, 516.383618576
1262.64, 516.383001158
1262.89, 516.382359811
1263.14, 516.381714232
1263.39, 516.381052830
1263.66, 516.380366195
1263.93, 516.379673263
1264.21, 516.378961748
1264.49, 516.378242536
1264.78, 516.377490089
1265.08, 516.376723994
1265.39, 516.375935022
1265.7, 516.375129151
1266.02, 516.374303859
1266.35, 516.373460652
1266.69, 516.372595913
1267.04, 516.371702865
1267.39, 516.370796237
1267.76, 516.369861667
1268.13, 516.368906931
1268.51, 516.367923509
1268.9, 516.366923968
1269.3, 516.365897157
1269.72, 516.364841931
1270.14, 516.363759142
1270.57, 516.362650992
1271.01, 516.361521836
1271.47, 516.360356428
1271.93, 516.359167401
1272.41, 516.357947253
1272.9, 516.356698735
1273.4, 516.355416367
1273.92, 516.354106430
1274.44, 516.352763155
1274.98, 516.351382598
1275.54, 516.349970108
1276.11, 516.348524752
1276.69, 516.347044736
1277.28, 516.345523998
1277.89, 516.343964644
1278.52, 516.342372177
1279.16, 516.340910540
1279.82, 516.339246236
1280.5, 516.337533053
1281.19, 516.335785780
1281.9, 516.333992098
1282.62, 516.332154433
1283.37, 516.330274726
1284.13, 516.328353595
1284.91, 516.326381752
1285.72, 516.324369262
1286.54, 516.322307382
1287.38, 516.320194996
1288.24, 516.318037862
1289.13, 516.315818492
1290.04, 516.313556306
1290.97, 516.311241784
1291.92, 516.308870690
1292.9, 516.306439218
1293.9, 516.303963862
1294.92, 516.301475512
1295.98, 516.298873130
1297.06, 516.296215864
1298.16, 516.293685036
1299.29, 516.290905507
1300.46, 516.288043895
1301.65, 516.285113689
1302.87, 516.282121159
1304.12, 516.279061677
1305.4, 516.275933187
1306.71, 516.272732223
1308.06, 516.269453659
1309.44, 516.266141063
1310.86, 516.262763555
1312.31, 516.259408631
1313.79, 516.255814975
1315.32, 516.252140810
1316.88, 516.248388020
1318.48, 516.244545952
1320.12, 516.240934229
1321.8, 516.237001614
1323.53, 516.232918545
1325.3, 516.228816093
1327.11, 516.224567259
1328.96, 516.220268281
1330.87, 516.215796260
1332.82, 516.211239789
1334.82, 516.206575352
1336.87, 516.201810983
1338.97, 516.197009674
1341.12, 516.192043051
1343.33, 516.186949369
1345.59, 516.181919167
1347.91, 516.176916814
1350.29, 516.171805801
1352.72, 516.166218267
1355.22, 516.160433823
1357.78, 516.154580066
1360.4, 516.148717390
1363.09, 516.142703988
1365.85, 516.136578109
1368.67, 516.130502280
1371.57, 516.124127363
1374.54, 516.117612707
1377.58, 516.110976044
1380.7, 516.104726393
1383.9, 516.097764385
1387.17, 516.090585826
1390.53, 516.083318196
1393.97, 516.076199053
1397.5, 516.069334381
1401.12, 516.061514315
1404.83, 516.053653496
1408.63, 516.046029039
1412.52, 516.037909672
1416.51, 516.029636905
1420.61, 516.021231374
1424.8, 516.013265137
1429.1, 516.004192661
1433.51, 515.995260394
1438.02, 515.986562155
1442.65, 515.977451853
1447.4, 515.968226241
1452.26, 515.960156713
1457.25, 515.950675409
1462.36, 515.940895517
1467.6, 515.931315499
1472.96, 515.920550178
1478.47, 515.910789869
1484.11, 515.900375131
1489.89, 515.889826533
1495.82, 515.879398898
1501.89, 515.868705651
1508.12, 515.857666955
1514.5, 515.846824913
1521.04, 515.834818312
1527.75, 515.823565403
1534.62, 515.812191121
1541.66, 515.800823011
1548.88, 515.788974668
1556.29, 515.776709842
1563.87, 515.764044406
1571.65, 515.751101965
1579.62, 515.738066282
1587.79, 515.726233557
1596.16, 515.712149971
1604.75, 515.700328633
1613.54, 515.686368620
1622.56, 515.671679543
1631.8, 515.657400898
1641.28, 515.643634387
1650.99, 515.629028629
1660.94, 515.614388877
1671.15, 515.600261317
1681.6, 515.585898973
1692.32, 515.570486087
1703.31, 515.557527459
1714.57, 515.540877978
1726.12, 515.527694919
1737.95, 515.512215598
1750.07, 515.495475213
1762.51, 515.480853913
1775.25, 515.463445510
1788.31, 515.449070459
1801.69, 515.432243135
1815.42, 515.416933141
1829.48, 515.400530255
1843.9, 515.386241722
1858.67, 515.369368820
1873.82, 515.351664075
1889.34, 515.334327677
1905.26, 515.318211754
1921.57, 515.301786226
1938.29, 515.286050280
1955.42, 515.271672846
1972.99, 515.254405738
1990.99, 515.235133794
2009.44, 515.220159119
2028.36, 515.201822177
2047.75, 515.188353261
2067.62, 515.167328542
2087.99, 515.155391602
2108.87, 515.134172102
2130.27, 515.123080430
2152.21, 515.104788466
2174.69, 515.082377911
2197.74, 515.084822575
2197.79, 515.053919886
2197.85, 515.053837080
2197.91, 515.053764153
2197.97, 515.053685799
2198.04, 515.053610390
2198.1, 515.053531363
2198.17, 515.053446740
2198.24, 515.053365101
2198.31, 515.053280125
2198.38, 515.053195586
2198.46, 515.053108614
2198.54, 515.053022619
2198.61, 515.052931267
2198.7, 515.052838338
2198.78, 515.052742451
2198.86, 515.052652160
2198.95, 515.052554727
2199.04, 515.052453779
2199.13, 515.052355282
2199.22, 515.052252008
2199.32, 515.052150718
2199.42, 515.052043246
2199.52, 515.051938853
2199.62, 515.051829361
2199.73, 515.051713680
2199.84, 515.051602622
2199.95, 515.051488093
2200.06, 515.051370712
2200.18, 515.051251099
2200.3, 515.051129999
2200.42, 515.051005898
2200.55, 515.050883147
2200.68, 515.050754254
2200.81, 515.050628810
2200.94, 515.050492059
2201.08, 515.050353609
2201.22, 515.050217955
2201.37, 515.050081862
2201.52, 515.049939767
2201.67, 515.049791550
2201.83, 515.049645958
2201.99, 515.049498879
2202.16, 515.049346477
2202.33, 515.049188650
2202.5, 515.049032266
2202.68, 515.048873406
2202.86, 515.048710543
2203.05, 515.048541076
2203.24, 515.048372632
2203.43, 515.048197673
2203.64, 515.048020513
2203.84, 515.047841994
2204.05, 515.047658084
2204.27, 515.047469425
2204.49, 515.047282003
2204.72, 515.047087775
2204.95, 515.046888325
2205.19, 515.046682423
2205.44, 515.046479549
2205.69, 515.046267985
2205.95, 515.046054859
2206.21, 515.045832929
2206.48, 515.045612416
2206.76, 515.045378526
2207.04, 515.045147882
2207.33, 515.044911418
2207.63, 515.044665917
2207.94, 515.044417262
2208.25, 515.044162539
2208.57, 515.043897994
2208.9, 515.043627847
2209.24, 515.043361447
2209.59, 515.043082045
2209.94, 515.042795291
2210.31, 515.042499301
2210.68, 515.042198585
2211.06, 515.041896670
2211.45, 515.041579948
2211.86, 515.041263114
2212.27, 515.040930609
2212.69, 515.040597051
2213.12, 515.040255250
2213.57, 515.039898154
2214.02, 515.039537013
2214.49, 515.039167171
2214.96, 515.038791839
2215.45, 515.038437861
2215.95, 515.038040598
2216.47, 515.037633273
2217, 515.037214219
2217.54, 515.036791558
2218.09, 515.036350307
2218.66, 515.035898521
2219.24, 515.035442780
2219.84, 515.034965743
2220.45, 515.034481538
2221.07, 515.033989748
2221.72, 515.033479137
2222.37, 515.032967369
2223.05, 515.032431967
2223.74, 515.031890853
2224.45, 515.031327736
2225.17, 515.030754699
2225.92, 515.030167594
2226.68, 515.029569457
2227.47, 515.028953899
2228.27, 515.028325149
2229.09, 515.027682637
2229.93, 515.027018630
2230.8, 515.026345586
2231.68, 515.025646346
2232.59, 515.024951428
2233.52, 515.024226253
2234.47, 515.023479522
2235.45, 515.022719764
2236.45, 515.021938625
2237.48, 515.021140433
2238.53, 515.020319610
2239.61, 515.019483195
2240.71, 515.018622681
2241.85, 515.017743012
2243.01, 515.016864792
2244.2, 515.015947064
2245.42, 515.015002070
2246.67, 515.014035087
2247.95, 515.013046002
2249.27, 515.012031906
2250.61, 515.010996078
2251.99, 515.009939427
2253.41, 515.008849283
2254.86, 515.007740747
2256.35, 515.006682226
2257.87, 515.005514367
2259.43, 515.004313431
2261.03, 515.003084492
2262.67, 515.001833210
2264.36, 515.000550698
2266.08, 514.999242650
2267.85, 514.997902445
2269.66, 514.996531728
2271.52, 514.995131584
2273.42, 514.993699561
2275.37, 514.992235904
2277.37, 514.990737573
2279.42, 514.989200253
2281.52, 514.987632143
2283.67, 514.986031659
2285.88, 514.984389677
2288.14, 514.982705666
2290.46, 514.980985837
2292.84, 514.979232027
2295.27, 514.977435670
2297.77, 514.975594062
2300.33, 514.973795936
2302.96, 514.972051533
2305.64, 514.970214694
2308.4, 514.968112168
2311.23, 514.965987300
2314.12, 514.963939484
2317.09, 514.961896060
2320.13, 514.959697597
2323.25, 514.957457680
2326.45, 514.955223052
2329.73, 514.952926691
2333.08, 514.950560208
2336.53, 514.948155086
2340.05, 514.945687643
2343.67, 514.943160902
2347.38, 514.940587190
2351.18, 514.937959307
2355.07, 514.935295497
2359.07, 514.932559260
2363.16, 514.929761204
2367.35, 514.926907222
2371.65, 514.924013221
2376.06, 514.921024239
2380.57, 514.917978522
2385.2, 514.914868606
2389.95, 514.911692576
2394.81, 514.908453911
2399.8, 514.905145094
2404.91, 514.901773993
2410.15, 514.898322896
2415.52, 514.894808849
2421.02, 514.891231308
2426.66, 514.887760003
2432.44, 514.884435757
2438.37, 514.880356490
2444.44, 514.876463835
2450.67, 514.872589501
2457.05, 514.868557741
2463.59, 514.864475139
2470.3, 514.860320122
2477.17, 514.856090128
2484.22, 514.851782466
2491.44, 514.847399125
2498.84, 514.842923086
2506.42, 514.838365311
2514.2, 514.833728132
2522.17, 514.829036886
2530.34, 514.824554623
2538.71, 514.820975064
2547.3, 514.814974752
2556.09, 514.809689314
2565.11, 514.804456614
2574.36, 514.799258573
2583.83, 514.793921921
2593.54, 514.788745044
2603.49, 514.783289426
2613.7, 514.777719963
2624.16, 514.772137082
2634.87, 514.766789697
2645.86, 514.760847594
2657.12, 514.755157316
2668.67, 514.749136328
2680.5, 514.744018694
2692.63, 514.739042484
2705.06, 514.730897309
2717.8, 514.724729602
2730.86, 514.718599800
2744.25, 514.712585940
2757.97, 514.707075874
2772.03, 514.700467729
2786.45, 514.693918511
2801.23, 514.687310105
2816.37, 514.681023403
2831.9, 514.674901733
2847.81, 514.667936449
2864.12, 514.662112876
2880.84, 514.651285064
2897.97, 514.648833784
2915.54, 514.638297084
2933.54, 514.635259382
2952, 514.624551409
2970.91, 514.621938564
2990.3, 514.609568942
3010.17, 514.609029166
3030.54, 514.593016107
3051.42, 514.597957046
3051.47, 514.585528043
3051.53, 514.585502821
3051.59, 514.585482207
3051.66, 514.585456731
3051.72, 514.585431303
3051.79, 514.585403904
3051.85, 514.585376079
3051.92, 514.585351608
3052, 514.585322340
3052.07, 514.585294828
3052.14, 514.585266718
3052.22, 514.585237261
3052.3, 514.585203605
3052.38, 514.585175442
3052.46, 514.585143854
3052.55, 514.585107419
3052.63, 514.585077008
3052.72, 514.585040745
3052.81, 514.585004226
3052.91, 514.584973887
3053, 514.584932462
3053.1, 514.584897583
3053.2, 514.584860776
3053.31, 514.584819857
3053.41, 514.584776737
3053.52, 514.584739050
3053.63, 514.584693214
3053.75, 514.584650132
3053.86, 514.584604727
3053.98, 514.584559304
3054.11, 514.584511848
3054.23, 514.584463603
3054.36, 514.584415634
3054.49, 514.584362213
3054.63, 514.584312253
3054.77, 514.584260691
3054.91, 514.584202814
3055.06, 514.584146645
3055.2, 514.584090601
3055.36, 514.584034398
3055.52, 514.583972663
3055.68, 514.583918371
3055.84, 514.583848550
3056.01, 514.583787135
3056.18, 514.583721306
3056.36, 514.583653286
3056.54, 514.583584682
3056.73, 514.583511178
3056.92, 514.583443807
3057.12, 514.583368435
3057.32, 514.583292550
3057.53, 514.583212907
3057.74, 514.583133764
3057.95, 514.583051537
3058.18, 514.582970723
3058.4, 514.582884425
3058.64, 514.582795224
3058.88, 514.582709025
3059.12, 514.582612261
3059.37, 514.582518040
3059.63, 514.582420446
3059.89, 514.582323026
3060.17, 514.582216896
3060.44, 514.582117460
3060.73, 514.582009383
3061.02, 514.581904030
3061.32, 514.581789588
3061.62, 514.581677795
3061.94, 514.581559271
3062.26, 514.581436590
3062.59, 514.581313264
3062.93, 514.581185632
3063.27, 514.581058926
3063.63, 514.580925842
3063.99, 514.580790302
3064.36, 514.580650966
3064.75, 514.580505176
3065.14, 514.580359386
3065.54, 514.580213261
3065.95, 514.580059948
3066.37, 514.579900264
3066.81, 514.579740172
3067.25, 514.579572840
3067.7, 514.579409352
3068.17, 514.579235085
3068.65, 514.579056674
3069.14, 514.578873627
3069.64, 514.578685568
3070.15, 514.578490600
3070.68, 514.578299657
3071.22, 514.578097748
3071.77, 514.577894061
3072.34, 514.577680007
3072.92, 514.577464166
3073.52, 514.577246542
3074.13, 514.577016362
3074.76, 514.576783574
3075.4, 514.576544345
3076.06, 514.576305262
3076.73, 514.576048152
3077.42, 514.575795787
3078.13, 514.575529455
3078.86, 514.575262701
3079.6, 514.574986723
3080.37, 514.574699683
3081.15, 514.574413615
3081.95, 514.574116393
3082.77, 514.573809680
3083.62, 514.573500682
3084.48, 514.573183803
3085.37, 514.572853145
3086.27, 514.572515614
3087.2, 514.572175205
3088.16, 514.571820746
3089.13, 514.571461166
3090.13, 514.571092165
3091.16, 514.570716084
3092.21, 514.570328059
3093.29, 514.569956216
3094.4, 514.569554285
3095.53, 514.569141929
3096.69, 514.568713497
3097.88, 514.568319954
3099.1, 514.567906632
3100.35, 514.567448968
3101.64, 514.567055751
3102.95, 514.566591461
3104.3, 514.566090084
3105.68, 514.565578240
3107.09, 514.565053765
3108.54, 514.564518237
3110.03, 514.563977542
3111.55, 514.563424346
3113.12, 514.562858497
3114.72, 514.562276433
3116.36, 514.561685781
3118.04, 514.561083529
3119.76, 514.560461972
3121.53, 514.559830973
3123.34, 514.559188456
3125.2, 514.558530499
3127.1, 514.557852965
3129.05, 514.557162736
3131.05, 514.556453843
3133.1, 514.555731106
3135.2, 514.554989870
3137.36, 514.554238952
3139.56, 514.553464932
3141.83, 514.552670498
3144.15, 514.551859100
3146.52, 514.551091062
3148.96, 514.550283198
3151.46, 514.549414545
3154.02, 514.548524848
3156.64, 514.547617259
3159.33, 514.546690224
3162.09, 514.545735724
3164.91, 514.544764744
3167.81, 514.543770387
3170.78, 514.542762477
3173.82, 514.541719908
3176.94, 514.540723386
3180.13, 514.539624911
3183.41, 514.538518707
3186.77, 514.537381850
3190.21, 514.536219709
3193.74, 514.535037133
3197.36, 514.533841189
3201.06, 514.532681412
3204.86, 514.531500046
3208.76, 514.530157107
3212.75, 514.528806538
3216.84, 514.527517267
3221.04, 514.526118907
3225.34, 514.524649429
3229.74, 514.523180762
3234.26, 514.521696810
3238.89, 514.520193609
3243.63, 514.518657708
3248.5, 514.517094891
3253.48, 514.515500171
3258.59, 514.513995545
3263.83, 514.512603118
3269.2, 514.510671393
3274.7, 514.508871433
3280.34, 514.507114215
3286.13, 514.505432884
3292.05, 514.503628369
3298.13, 514.501781337
3304.35, 514.499888870
3310.74, 514.497967548
3317.28, 514.495998109
3323.98, 514.493990001
3330.86, 514.491945251
3337.9, 514.490659637
3345.12, 514.488361997
3352.52, 514.486192177
3360.11, 514.484033421
3367.88, 514.481750563
3375.85, 514.479494181
3384.02, 514.477199018
3392.4, 514.474856878
3400.98, 514.472476785
3409.78, 514.470053268
3418.8, 514.467587609
3428.04, 514.465172927
3437.51, 514.463010767
3447.23, 514.459850890
3457.18, 514.457302012
3467.38, 514.454626646
3477.84, 514.451931966
3488.56, 514.449182109
3499.55, 514.446380472
3510.81, 514.443529347
3522.35, 514.441152358
3534.18, 514.438430763
3546.31, 514.435208065
3558.74, 514.432202397
3571.48, 514.429540884
3584.54, 514.425532392
3597.93, 514.422667787
3611.65, 514.419526378
3625.72, 514.416207131
3640.13, 514.412972571
3654.91, 514.409625886
3670.06, 514.406280614
3685.58, 514.403442741
3701.49, 514.399574724
3717.8, 514.396173902
3734.52, 514.393499388
3751.66, 514.390156228
3769.22, 514.385823901
3787.23, 514.380780457
3805.68, 514.379140375
3824.6, 514.374007106
3843.98, 514.371714548
3863.86, 514.366356612
3884.23, 514.364818640
3905.11, 514.358537056
3926.51, 514.357622898
3948.44, 514.351058431
3970.93, 514.351505193
3970.98, 514.344677336
3971.04, 514.344668215
3971.1, 514.344656014
3971.16, 514.344643592
3971.23, 514.344630341
3971.29, 514.344621850
3971.36, 514.344604123
3971.43, 514.344594470
3971.5, 514.344581730
3971.57, 514.344566675
3971.65, 514.344554894
3971.73, 514.344538537
3971.8, 514.344528062
3971.88, 514.344509935
3971.97, 514.344498952
3972.05, 514.344482496
3972.14, 514.344466377
3972.23, 514.344450118
3972.32, 514.344433316
3972.41, 514.344417948
3972.51, 514.344400777
3972.61, 514.344379828
3972.71, 514.344365528
3972.81, 514.344347869
3972.92, 514.344325608
3973.03, 514.344305160
3973.14, 514.344289617
3973.25, 514.344267075
3973.37, 514.344240434
3973.49, 514.344221148
3973.61, 514.344203710
3973.74, 514.344172916
3973.87, 514.344155033
3974, 514.344132536
3974.13, 514.344105380
3974.27, 514.344082919
3974.41, 514.344055463
3974.56, 514.344030040
3974.71, 514.344006793
3974.86, 514.343976322
3975.02, 514.343947654
3975.18, 514.343917158
3975.35, 514.343888722
3975.52, 514.343860981
3975.69, 514.343827916
3975.87, 514.343797085
3976.05, 514.343761002
3976.24, 514.343727629
3976.43, 514.343691899
3976.62, 514.343659571
3976.83, 514.343621203
3977.03, 514.343586338
3977.24, 514.343544425
3977.46, 514.343508251
3977.68, 514.343469799
3977.91, 514.343428046
3978.14, 514.343388904
3978.38, 514.343346178
3978.63, 514.343300026
3978.88, 514.343256159
3979.14, 514.343209763
3979.4, 514.343160469
3979.67, 514.343115918
3979.95, 514.343063892
3980.23, 514.343012186
3980.52, 514.342964516
3980.82, 514.342910560
3981.13, 514.342856125
3981.44, 514.342799801
3981.76, 514.342740609
3982.09, 514.342680863
3982.43, 514.342623759
3982.78, 514.342562142
3983.13, 514.342499736
3983.5, 514.342433504
3983.87, 514.342366290
3984.25, 514.342299302
3984.64, 514.342225255
3985.05, 514.342159173
3985.46, 514.342080612
3985.88, 514.342012591
3986.31, 514.341937756
3986.76, 514.341851861
3987.21, 514.341769292
3987.68, 514.341691645
3988.15, 514.341604431
3988.64, 514.341521786
3989.14, 514.341435282
3989.66, 514.341341359
3990.19, 514.341249513
3990.73, 514.341155702
3991.28, 514.341054806
3991.85, 514.340954441
3992.43, 514.340851615
3993.03, 514.340746345
3993.64, 514.340634052
3994.26, 514.340529018
3994.9, 514.340416516
3995.56, 514.340298377
3996.24, 514.340185138
3996.93, 514.340060666
3997.64, 514.339935952
3998.36, 514.339807586
3999.11, 514.339682763
3999.87, 514.339546426
4000.66, 514.339407378
4001.46, 514.339265967
4002.28, 514.339121011
4003.12, 514.338976153
4003.99, 514.338825329
4004.87, 514.338673364
4005.78, 514.338514410
4006.71, 514.338352181
4007.66, 514.338185509
4008.64, 514.338012011
4009.64, 514.337836740
4010.67, 514.337659712
4011.72, 514.337485763
4012.8, 514.337296436
4013.9, 514.337105297
4015.04, 514.336907716
4016.2, 514.336710524
4017.39, 514.336500089
4018.61, 514.336293000
4019.86, 514.336074384
4021.14, 514.335855369
4022.46, 514.335629111
4023.8, 514.335392011
4025.18, 514.335157001
4026.6, 514.334916857
4028.05, 514.334665756
4029.54, 514.334413158
4031.06, 514.334148330
4032.62, 514.333881548
4034.22, 514.333611509
4035.86, 514.333328192
4037.55, 514.333039382
4039.27, 514.332749549
4041.04, 514.332449330
4042.85, 514.332158519
4044.71, 514.331849183
4046.61, 514.331524103
4048.56, 514.331196011
4050.56, 514.330856779
4052.61, 514.330511604
4054.71, 514.330157843
4056.86, 514.329792795
4059.07, 514.329425152
4061.33, 514.329043964
4063.65, 514.328657500
4066.03, 514.328320355
4068.46, 514.327929716
4070.96, 514.327510242
4073.52, 514.327082843
4076.15, 514.326645054
4078.83, 514.326199958
4081.59, 514.325737966
4084.42, 514.325275995
4087.31, 514.324799781
4090.28, 514.324309916
4093.32, 514.323810372
4096.44, 514.323300145
4099.64, 514.322783645
4102.92, 514.322249389
4106.27, 514.321707320
4109.72, 514.321148911
4113.24, 514.320584093
4116.86, 514.320000042
4120.57, 514.319407401
4124.37, 514.318802613
4128.26, 514.318182651
4132.26, 514.317549827
4136.35, 514.316904799
4140.54, 514.316256165
4144.84, 514.315602543
4149.25, 514.314901442
4153.76, 514.314190245
4158.39, 514.313466979
4163.14, 514.312727819
4168, 514.311981173
4172.99, 514.311208371
4178.1, 514.310424330
4183.34, 514.309616268
4188.71, 514.308799627
4194.21, 514.307964113
4199.85, 514.307111981
4205.63, 514.306238612
4211.56, 514.305347905
4217.63, 514.304436771
4223.86, 514.303511068
4230.24, 514.302561953
4236.78, 514.301597911
4243.49, 514.300662146
4250.36, 514.299935175
4257.41, 514.298835916
4264.63, 514.297676262
4272.03, 514.296576117
4279.61, 514.295599000
4287.39, 514.294579245
4295.36, 514.293400196
4303.53, 514.292162523
4311.9, 514.290952483
4320.49, 514.289735844
4329.28, 514.288507509
4338.3, 514.287282271
4347.55, 514.286418978
4357.02, 514.284787002
4366.73, 514.283339847
4376.68, 514.282253653
4386.89, 514.280976639
4397.34, 514.279619645
4408.06, 514.278252474
4419.05, 514.276873344
4430.31, 514.275415494
4441.86, 514.274090144
4453.69, 514.273029539
4465.82, 514.272029699
4478.25, 514.270436798
4490.99, 514.268934479
4504.05, 514.267265899
4517.44, 514.265607495
4531.16, 514.264002874
4545.22, 514.262434246
4559.64, 514.261507944
4574.42, 514.258606371
4589.56, 514.257250450
4605.09, 514.255569838
4621, 514.254101069
4637.31, 514.252437528
4654.03, 514.250479103
4671.16, 514.249282769
4688.73, 514.247034284
4706.73, 514.245540508
4725.19, 514.243679619
4744.1, 514.242213782
4763.49, 514.240196312
4783.36, 514.237906268
4803.73, 514.236588468
4824.61, 514.233747362
4846.01, 514.232820806
4867.95, 514.229666982
4890.43, 514.229365130
4913.48, 514.225050395
4937.1, 514.226452991
4937.15, 514.222057100
4937.21, 514.222046472
4937.27, 514.222042715
4937.34, 514.222040228
4937.4, 514.222030852
4937.47, 514.222024871
4937.53, 514.222019579
4937.6, 514.222015184
4937.67, 514.222004932
4937.75, 514.222000866
4937.82, 514.221992949
4937.9, 514.221980923
4937.98, 514.221977892
4938.06, 514.221966916
4938.14, 514.221963208
4938.23, 514.221951865
4938.31, 514.221945259
4938.4, 514.221936118
4938.49, 514.221925661
4938.59, 514.221919474
4938.68, 514.221910518
4938.78, 514.221900126
4938.88, 514.221891166
4938.99, 514.221883013
4939.09, 514.221870177
4939.2, 514.221859332
4939.31, 514.221851659
4939.43, 514.221840054
4939.54, 514.221831281
4939.66, 514.221820157
4939.78, 514.221808760
4939.91, 514.221793485
4940.04, 514.221784788
4940.17, 514.221772494
4940.31, 514.221758968
4940.45, 514.221748178
4940.59, 514.221735104
4940.73, 514.221719396
4940.88, 514.221704853
4941.04, 514.221693432
4941.19, 514.221678732
4941.36, 514.221664229
4941.52, 514.221646849
4941.69, 514.221630885
4941.86, 514.221614792
4942.04, 514.221599475
4942.22, 514.221585029
4942.41, 514.221567160
4942.6, 514.221548761
4942.8, 514.221527309
4943, 514.221511392
4943.21, 514.221495550
4943.42, 514.221475073
4943.63, 514.221454251
4943.86, 514.221435870
4944.08, 514.221412239
4944.32, 514.221393051
4944.56, 514.221370955
4944.8, 514.221348732
4945.05, 514.221325014
4945.31, 514.221303678
4945.57, 514.221279168
4945.84, 514.221251589
4946.12, 514.221230740
4946.41, 514.221200678
4946.7, 514.221174660
4947, 514.221147465
4947.3, 514.221121817
4947.62, 514.221092665
4947.94, 514.221060813
4948.27, 514.221031436
4948.61, 514.220996787
4948.95, 514.220970549
4949.31, 514.220937208
4949.67, 514.220907502
4950.04, 514.220871086
4950.43, 514.220838814
4950.82, 514.220799779
4951.22, 514.220767158
4951.63, 514.220727857
4952.05, 514.220690849
4952.49, 514.220653171
4952.93, 514.220615308
4953.38, 514.220575476
4953.85, 514.220529389
4954.33, 514.220486004
4954.82, 514.220443705
4955.32, 514.220395673
4955.83, 514.220350884
4956.36, 514.220305440
4956.9, 514.220257557
4957.45, 514.220208310
4958.02, 514.220155509
4958.6, 514.220104307
4959.2, 514.220048298
4959.81, 514.219988293
4960.44, 514.219936613
4961.08, 514.219877446
4961.74, 514.219821339
4962.41, 514.219760249
4963.1, 514.219702159
4963.81, 514.219639001
4964.54, 514.219570786
4965.28, 514.219500021
4966.05, 514.219434123
4966.83, 514.219364756
4967.63, 514.219289625
4968.45, 514.219218778
4969.3, 514.219144021
4970.16, 514.219063592
4971.04, 514.218987544
4971.95, 514.218905682
4972.88, 514.218820848
4973.84, 514.218735177
4974.81, 514.218683555
4975.81, 514.218607828
4976.84, 514.218513304
4977.89, 514.218419322
4978.97, 514.218325205
4980.08, 514.218227759
4981.21, 514.218127868
4982.37, 514.218029745
4983.56, 514.217923487
4984.78, 514.217814839
4986.03, 514.217707151
4987.32, 514.217592967
4988.63, 514.217482670
4989.98, 514.217361046
4991.36, 514.217238488
4992.77, 514.217117263
4994.22, 514.216989748
4995.71, 514.216860939
4997.23, 514.216726409
4998.8, 514.216591497
5000.4, 514.216452453
5002.04, 514.216310893
5003.72, 514.216159144
5005.44, 514.216013697
5007.21, 514.215862447
5009.02, 514.215706265
5010.88, 514.215545544
5012.78, 514.215379046
5014.73, 514.215215496
5016.73, 514.215038359
5018.78, 514.214860998
5020.88, 514.214682949
5023.04, 514.214498207
5025.24, 514.214305921
5027.51, 514.214114920
5029.83, 514.213916030
5032.2, 514.213712474
5034.64, 514.213508717
5037.14, 514.213294295
5039.7, 514.213078484
5042.32, 514.212852111
5045.01, 514.212627807
5047.77, 514.212393760
5050.59, 514.212156496
5053.49, 514.211911519
5056.45, 514.211663877
5059.5, 514.211402315
5062.62, 514.211145158
5065.81, 514.210877380
5069.09, 514.210604283
5072.45, 514.210326748
5075.89, 514.210039706
5079.42, 514.209747557
5083.04, 514.209447611
5086.74, 514.209141571
5090.54, 514.208825006
5094.44, 514.208512855
5098.43, 514.208179373
5102.52, 514.207848349
5106.72, 514.207506309
5111.01, 514.207156824
5115.42, 514.206801509
5119.94, 514.206433080
5124.57, 514.206063210
5129.31, 514.205703415
5134.18, 514.205339743
5139.16, 514.204941314
5144.27, 514.204534317
5149.51, 514.204119444
5154.88, 514.203691437
5160.38, 514.203257328
5166.02, 514.202815145
5171.81, 514.202360269
5177.73, 514.201901114
5183.81, 514.201428431
5190.03, 514.200943014
5196.42, 514.200453664
5202.96, 514.199946362
5209.66, 514.199436189
5216.54, 514.198908637
5223.58, 514.198372976
5230.8, 514.197828619
5238.2, 514.197267695
5245.79, 514.196703826
5253.56, 514.196116831
5261.53, 514.195526261
5269.7, 514.194919416
5278.08, 514.194300194
5286.66, 514.193668292
5295.46, 514.193029663
5304.48, 514.192588685
5313.72, 514.191884196
5323.19, 514.191095928
5332.9, 514.190359066
5342.86, 514.189649245
5353.06, 514.188910253
5363.52, 514.188178020
5374.24, 514.187425333
5385.23, 514.186666464
5396.49, 514.185895024
5408.03, 514.185103809
5419.86, 514.184301073
5431.99, 514.183482697
5444.42, 514.182647261
5457.16, 514.181800559
5470.22, 514.180937211
5483.61, 514.180061352
5497.33, 514.179167045
5511.4, 514.178258563
5525.81, 514.177604321
5540.59, 514.176492832
5555.74, 514.175728910
5571.26, 514.174672073
5587.17, 514.173763645
5603.48, 514.172717283
5620.2, 514.172167419
5637.34, 514.170624476
5654.9, 514.170114748
5672.91, 514.169107592
5691.36, 514.167895276
5710.28, 514.166751562
5729.66, 514.165778073
5749.54, 514.164870428
5769.91, 514.163388567
5790.79, 514.162498675
5812.19, 514.161105239
5834.12, 514.160197138
5856.61, 514.158755805
5879.65, 514.157919230
5903.28, 514.156288426
5927.49, 514.155724010
5952.31, 514.153556513
5977.75, 514.153845541
5977.8, 514.151428225
5977.86, 514.151424029
5977.92, 514.151417530
5977.98, 514.151418167
5978.03, 514.151417759
5978.09, 514.151411613
5978.15, 514.151406908
5978.21, 514.151400642
5978.28, 514.151400719
5978.33, 514.151401027
5978.38, 514.151397351
5978.44, 514.151389947
5978.5, 514.151388437
5978.56, 514.151384052
5978.63, 514.151380558
5978.69, 514.151378472
5978.76, 514.151377796
5978.83, 514.151370357
5978.9, 514.151370598
5978.95, 514.151363775
5979.01, 514.151361058
5979.07, 514.151357374
5979.14, 514.151353937
5979.2, 514.151350786
5979.27, 514.151348940
5979.34, 514.151344742
5979.41, 514.151342354
5979.48, 514.151338981
5979.55, 514.151333703
5979.63, 514.151330253
5979.7, 514.151323466
5979.78, 514.151321838
5979.86, 514.151319033
5979.94, 514.151314661
5980.03, 514.151305371
5980.12, 514.151304278
5980.21, 514.151299364
5980.3, 514.151290132
5980.39, 514.151285204
5980.49, 514.151283170
5980.58, 514.151275295
5980.69, 514.151275034
5980.79, 514.151268304
5980.89, 514.151261535
5981, 514.151256463
5981.11, 514.151248110
5981.23, 514.151244016
5981.34, 514.151238319
5981.46, 514.151231398
5981.59, 514.151224755
5981.71, 514.151217183
5981.84, 514.151209041
5981.97, 514.151205692
5982.11, 514.151199162
5982.25, 514.151188078
5982.39, 514.151181534
5982.54, 514.151173725
5982.69, 514.151167820
5982.84, 514.151159517
5983, 514.151151420
5983.16, 514.151142513
5983.32, 514.151132684
5983.49, 514.151124333
5983.67, 514.151110943
5983.84, 514.151105205
5984.03, 514.151095940
5984.21, 514.151084779
5984.4, 514.151076395
5984.6, 514.151066915
5984.8, 514.151056402
5985.01, 514.151047159
5985.22, 514.151033468
5985.44, 514.151019442
5985.66, 514.151009861
5985.89, 514.151000629
5986.12, 514.150985151
5986.36, 514.150972121
5986.6, 514.150958782
5986.86, 514.150946133
5987.11, 514.150935479
5987.38, 514.150919523
5987.65, 514.150904365
5987.92, 514.150891348
5988.21, 514.150877042
5988.5, 514.150859908
5988.8, 514.150848336
5989.11, 514.150828232
5989.42, 514.150816423
5989.74, 514.150796235
5990.07, 514.150779879
5990.41, 514.150760952
5990.75, 514.150743613
5991.11, 514.150726498
5991.47, 514.150702941
5991.85, 514.150687564
5992.23, 514.150662310
5992.62, 514.150652001
5993.02, 514.150626266
5993.43, 514.150608083
5993.86, 514.150583192
5994.29, 514.150560586
5994.73, 514.150539686
5995.19, 514.150513367
5995.65, 514.150490062
5996.13, 514.150464615
5996.62, 514.150436912
5997.12, 514.150412264
5997.64, 514.150387513
5998.16, 514.150356960
5998.7, 514.150332984
5999.26, 514.150305123
5999.82, 514.150273138
6000.41, 514.150242753
6001, 514.150208925
6001.61, 514.150180956
6002.24, 514.150148196
6002.88, 514.150120050
6003.54, 514.150082384
6004.21, 514.150051350
6004.91, 514.150009658
6005.62, 514.149974687
6006.34, 514.149937609
6007.09, 514.149901552
6007.85, 514.149856618
6008.63, 514.149817640
6009.43, 514.149777116
6010.26, 514.149735883
6011.1, 514.149692057
6011.96, 514.149647925
6012.85, 514.149598995
6013.75, 514.149554104
6014.68, 514.149506633
6015.64, 514.149459795
6016.62, 514.149408050
6017.62, 514.149354308
6018.64, 514.149301119
6019.7, 514.149245347
6020.77, 514.149194701
6021.88, 514.149133861
6023.01, 514.149076860
6024.17, 514.149016334
6025.36, 514.148958017
6026.59, 514.148894793
6027.84, 514.148830724
6029.12, 514.148764523
6030.43, 514.148699242
6031.78, 514.148631079
6033.16, 514.148558297
6034.57, 514.148484247
6036.03, 514.148408819
6037.51, 514.148337295
6039.04, 514.148257535
6040.6, 514.148179102
6042.2, 514.148100709
6043.84, 514.148016186
6045.52, 514.147932155
6047.25, 514.147846593
6049.01, 514.147757942
6050.83, 514.147660459
6052.68, 514.147567216
6054.59, 514.147472462
6056.54, 514.147373986
6058.54, 514.147268851
6060.59, 514.147171150
6062.69, 514.147064168
6064.84, 514.146958279
6067.05, 514.146844405
6069.31, 514.146732487
6071.63, 514.146612030
6074.01, 514.146497318
6076.44, 514.146376035
6078.94, 514.146252563
6081.5, 514.146123508
6084.12, 514.145993717
6086.81, 514.145867819
6089.57, 514.145851506
6092.39, 514.145690446
6095.29, 514.145535067
6098.26, 514.145372546
6101.3, 514.145212583
6104.42, 514.145047029
6107.62, 514.144884291
6110.89, 514.144720162
6114.25, 514.144552866
6117.69, 514.144387579
6121.22, 514.144212244
6124.84, 514.144038186
6128.55, 514.143862126
6132.35, 514.143683772
6136.24, 514.143497323
6140.23, 514.143310437
6144.32, 514.143119052
6148.52, 514.142922080
6152.82, 514.142719870
6157.22, 514.142517695
6161.74, 514.142306872
6166.37, 514.142089865
6171.12, 514.141872316
6175.98, 514.141655806
6180.97, 514.141420334
6186.08, 514.141191757
6191.31, 514.140953503
6196.68, 514.140908744
6202.19, 514.140865219
6207.83, 514.140565692
6213.61, 514.140224899
6219.54, 514.139919912
6225.61, 514.139637128
6231.84, 514.139349484
6238.22, 514.139075740
6244.76, 514.138796622
6251.47, 514.138508388
6258.34, 514.138223513
6265.38, 514.137932081
6272.6, 514.137631611
6280, 514.137332488
6287.59, 514.137026392
6295.37, 514.136720171
6303.34, 514.136400861
6311.51, 514.136074811
6319.88, 514.135747251
6328.46, 514.135405068
6337.26, 514.135069459
6346.28, 514.134715202
6355.52, 514.134360469
6365, 514.133999143
6374.71, 514.133626265
6384.66, 514.133250866
6394.86, 514.132861791
6405.32, 514.132471416
6416.04, 514.132079411
6427.03, 514.131661320
6438.29, 514.131250345
6449.83, 514.130831707
6461.67, 514.130399521
6473.79, 514.129959738
6486.22, 514.129518980
6498.97, 514.129061272
6512.03, 514.128598473
6525.41, 514.128132455
6539.13, 514.127653340
6553.2, 514.127165746
6567.62, 514.126671920
6582.39, 514.126656751
6597.54, 514.125126155
6613.06, 514.125056128
6628.98, 514.124512308
6645.29, 514.124095589
6662, 514.123701067
6679.14, 514.123246453
6696.71, 514.122606184
6714.71, 514.122030586
6733.16, 514.121450200
6752.08, 514.120860464
6771.47, 514.120387607
6791.34, 514.119871531
6811.71, 514.118997717
6832.59, 514.118546490
6853.99, 514.117935435
6875.92, 514.117252284
6898.41, 514.116555187
6921.46, 514.116090360
6945.08, 514.115208495
6969.29, 514.114950740
6994.11, 514.113701564
7019.55, 514.113991795
7019.6, 514.112628944
7019.66, 514.112627536
7019.72, 514.112625396
7019.78, 514.112620882
7019.85, 514.112625507
7019.9, 514.112620208
7019.96, 514.112619074
7020.02, 514.112614066
7020.08, 514.112615375
7020.13, 514.112611692
7020.19, 514.112606783
7020.25, 514.112611637
7020.3, 514.112608430
7020.36, 514.112607455
7020.42, 514.112606585
7020.49, 514.112603453
7020.55, 514.112601045
7020.62, 514.112601120
7020.67, 514.112599076
7020.73, 514.112597586
7020.79, 514.112595220
7020.85, 514.112589474
7020.92, 514.112590698
7020.97, 514.112587932
7021.03, 514.112588814
7021.08, 514.112582418
7021.14, 514.112582469
7021.19, 514.112581261
7021.25, 514.112583011
7021.3, 514.112580644
7021.36, 514.112579586
7021.42, 514.112576432
7021.48, 514.112571004
7021.55, 514.112573363
7021.6, 514.112567973
7021.66, 514.112566921
7021.72, 514.112568607
7021.77, 514.112565865
7021.83, 514.112564196
7021.89, 514.112564904
7021.94, 514.112560856
7022, 514.112560165
7022.06, 514.112557148
7022.12, 514.112552160
7022.19, 514.112553400
7022.24, 514.112550163
7022.3, 514.112549404
7022.36, 514.112546588
7022.42, 514.112546389
7022.49, 514.112545690
7022.55, 514.112543367
7022.62, 514.112536921
7022.69, 514.112538623
7022.74, 514.112537419
7022.8, 514.112537718
7022.85, 514.112532685
7022.91, 514.112531703
7022.97, 514.112529593
7023.04, 514.112530769
7023.09, 514.112523219
7023.15, 514.112524264
7023.2, 514.112522202
7023.26, 514.112524429
7023.31, 514.112518091
7023.37, 514.112518965
7023.42, 514.112517566
7023.48, 514.112516223
7023.54, 514.112515031
7023.6, 514.112512380
7023.67, 514.112509600
7023.73, 514.112511165
7023.78, 514.112504704
7023.84, 514.112503635
7023.9, 514.112504138
7023.95, 514.112500788
7024.01, 514.112501102
7024.06, 514.112499091
7024.12, 514.112497289
7024.18, 514.112494998
7024.25, 514.112493080
7024.31, 514.112492945
7024.38, 514.112491706
7024.45, 514.112487996
7024.52, 514.112485969
7024.59, 514.112485851
7024.66, 514.112481832
7024.74, 514.112480770
7024.81, 514.112477710
7024.89, 514.112476945
7024.97, 514.112474671
7025.05, 514.112469863
7025.14, 514.112465786
7025.23, 514.112465712
7025.32, 514.112462186
7025.41, 514.112457466
7025.5, 514.112459299
7025.55, 514.112448315
7025.61, 514.112450933
7025.66, 514.112447871
7025.72, 514.112449098
7025.77, 514.112447306
7025.83, 514.112443749
7025.89, 514.112443388
7025.95, 514.112441110
7026.02, 514.112444154
7026.07, 514.112440746
7026.13, 514.112437243
7026.19, 514.112432997
7026.25, 514.112432084
7026.32, 514.112433118
7026.37, 514.112427116
7026.43, 514.112426619
7026.49, 514.112426688
7026.54, 514.112426486
7026.6, 514.112425984
7026.66, 514.112422889
7026.72, 514.112422180
7026.79, 514.112419124
7026.86, 514.112419583
7026.91, 514.112415039
7026.97, 514.112411538
7027.03, 514.112410615
7027.09, 514.112411214
7027.14, 514.112408546
7027.2, 514.112409371
7027.25, 514.112403371
7027.31, 514.112402120
7027.37, 514.112399516
7027.43, 514.112400578
7027.48, 514.112395177
7027.54, 514.112397370
7027.59, 514.112392338
7027.65, 514.112393636
7027.7, 514.112393288
7027.76, 514.112389424
7027.83, 514.112391530
7027.88, 514.112387724
7027.94, 514.112383416
7028, 514.112380836
7028.06, 514.112380865
7028.11, 514.112378804
7028.17, 514.112379859
7028.22, 514.112376377
7028.28, 514.112375527
7028.34, 514.112372040
7028.4, 514.112370797
7028.47, 514.112371850
7028.52, 514.112366990
7028.58, 514.112362879
7028.64, 514.112363997
7028.69, 514.112362445
7028.75, 514.112360446
7028.81, 514.112358287
7028.88, 514.112359534
7028.93, 514.112357454
7028.99, 514.112351379
7029.05, 514.112352593
7029.1, 514.112351836
7029.16, 514.112350181
7029.22, 514.112347489
7029.28, 514.112342924
7029.35, 514.112340825
7029.41, 514.112343037
7029.46, 514.112340556
7029.52, 514.112337661
7029.58, 514.112335365
7029.65, 514.112336683
7029.7, 514.112335590
7029.76, 514.112329639
7029.82, 514.112328492
7029.88, 514.112325429
7029.95, 514.112328456
7030, 514.112323091
7030.06, 514.112324285
7030.11, 514.112321541
7030.17, 514.112320376
7030.23, 514.112317999
7030.29, 514.112311008
7030.36, 514.112317359
7030.41, 514.112314673
7030.47, 514.112311776
7030.53, 514.112310765
7030.59, 514.112308053
7030.65, 514.112303772
7030.72, 514.112302707
7030.79, 514.112300718
7030.86, 514.112303039
7030.91, 514.112299137
7030.97, 514.112292409
7031.03, 514.112297988
7031.08, 514.112293176
7031.14, 514.112294639
7031.19, 514.112288943
7031.25, 514.112290899
7031.3, 514.112285760
7031.36, 514.112286567
7031.41, 514.112279712
7031.47, 514.112281581
7031.52, 514.112281877
7031.57, 514.112278914
7031.63, 514.112275586
7031.69, 514.112273769
7031.75, 514.112273467
7031.82, 514.112271143
7031.89, 514.112271992
7031.94, 514.112268624
7032, 514.112266136
7032.06, 514.112264876
7032.12, 514.112267779
7032.17, 514.112259096
7032.23, 514.112260378
7032.28, 514.112260596
7032.33, 514.112256641
7032.39, 514.112255666
7032.45, 514.112251471
7032.51, 514.112250554
7032.58, 514.112249889
7032.64, 514.112248353
7032.71, 514.112243863
7032.78, 514.112244386
7032.83, 514.112241297
7032.89, 514.112240469
7032.95, 514.112238701
7033.02, 514.112235566
7033.08, 514.112234195
7033.15, 514.112232455
7033.22, 514.112225659
7033.29, 514.112227321
7033.34, 514.112227305
7033.4, 514.112227335
7033.45, 514.112220195
7033.51, 514.112222025
7033.56, 514.112220776
7033.62, 514.112221131
7033.67, 514.112214894
7033.73, 514.112216514
7033.78, 514.112213663
7033.84, 514.112209951
7033.9, 514.112210807
7033.95, 514.112210401
7034.01, 514.112206590
7034.07, 514.112205486
7034.13, 514.112205506
7034.18, 514.112203669
7034.24, 514.112202245
7034.3, 514.112200137
7034.37, 514.112198188
7034.43, 514.112195307
7034.5, 514.112196823
7034.55, 514.112189372
7034.61, 514.112189905
7034.66, 514.112185526
7034.72, 514.112186917
7034.77, 514.112185454
7034.83, 514.112183092
7034.89, 514.112182789
7034.95, 514.112179935
7035.02, 514.112179116
7035.08, 514.112176065
7035.15, 514.112173390
7035.22, 514.112174597
7035.27, 514.112168258
7035.33, 514.112169413
7035.38, 514.112165194
7035.44, 514.112168162
7035.49, 514.112163245
7035.55, 514.112159341
7035.61, 514.112158619
7035.67, 514.112156531
7035.74, 514.112157631
7035.79, 514.112152108
7035.85, 514.112155915
7035.9, 514.112151969
7035.96, 514.112149159
7036.02, 514.112150314
7036.07, 514.112146922
7036.13, 514.112144658
7036.19, 514.112138721
7036.25, 514.112144285
7036.3, 514.112137296
7036.36, 514.112140795
7036.41, 514.112135866
7036.47, 514.112135266
7036.54, 514.112137994
7036.59, 514.112132363
7036.65, 514.112131248
7036.71, 514.112131815
7036.76, 514.112124445
7036.82, 514.112127948
7036.87, 514.112125353
7036.93, 514.112121127
7036.99, 514.112119326
7037.05, 514.112119002
7037.12, 514.112117017
7037.18, 514.112117600
7037.23, 514.112112916
7037.29, 514.112108667
7037.35, 514.112107954
7037.42, 514.112107355
7037.48, 514.112108258
7037.53, 514.112103479
7037.59, 514.112102440
7037.65, 514.112098168
7037.72, 514.112097800
7037.78, 514.112097359
7037.85, 514.112095684
7037.92, 514.112094160
7037.99, 514.112090753
7038.06, 514.112089136
7038.13, 514.112087519
7038.2, 514.112084075
7038.28, 514.112081521
7038.36, 514.112080790
7038.44, 514.112082390
7038.49, 514.112074975
7038.55, 514.112072936
7038.61, 514.112073765
7038.66, 514.112071336
7038.72, 514.112070518
7038.78, 514.112068955
7038.85, 514.112065058
7038.91, 514.112065925
7038.96, 514.112060832
7039.02, 514.112056314
7039.08, 514.112058303
7039.13, 514.112055670
7039.19, 514.112054943
7039.25, 514.112053483
7039.32, 514.112054571
7039.37, 514.112048573
7039.43, 514.112047548
7039.49, 514.112047670
7039.54, 514.112044961
7039.6, 514.112042899
7039.66, 514.112044292
7039.71, 514.112036924
7039.77, 514.112040600
7039.82, 514.112036709
7039.88, 514.112034954
7039.94, 514.112031467
7040, 514.112034218
7040.05, 514.112030764
7040.11, 514.112031643
7040.16, 514.112027807
7040.22, 514.112025204
7040.29, 514.112028383
7040.34, 514.112020942
7040.4, 514.112018996
7040.46, 514.112016365
7040.52, 514.112016526
7040.57, 514.112013067
7040.63, 514.112014348
7040.68, 514.112012153
7040.74, 514.112010685
7040.8, 514.112011546
7040.85, 514.112006829
7040.91, 514.112005254
7040.97, 514.112002358
7041.04, 514.112000527
7041.1, 514.112000403
7041.17, 514.111997167
7041.24, 514.111993093
7041.31, 514.111993870
7041.36, 514.111990742
7041.42, 514.111990551
7041.48, 514.111992119
7041.53, 514.111988073
7041.59, 514.111984408
7041.65, 514.111983725
7041.71, 514.111982548
7041.78, 514.111981490
7041.84, 514.111979100
7041.91, 514.111975955
7041.98, 514.111975303
7042.05, 514.111976058
7042.1, 514.111967603
7042.16, 514.111967211
7042.22, 514.111965809
7042.29, 514.111963427
7042.35, 514.111964934
7042.4, 514.111959777
7042.46, 514.111961738
7042.51, 514.111956297
7042.57, 514.111959368
7042.62, 514.111955668
7042.68, 514.111952099
7042.74, 514.111947808
7042.8, 514.111947959
7042.85, 514.111946852
7042.91, 514.111945147
7042.98, 514.111944456
7043.04, 514.111941868
7043.1, 514.111940619
7043.17, 514.111942084
7043.22, 514.111933308
7043.28, 514.111932611
7043.34, 514.111934623
7043.39, 514.111929223
7043.45, 514.111933052
7043.5, 514.111933440
7043.55, 514.111925749
7043.61, 514.111928599
7043.66, 514.111923608
7043.72, 514.111922567
7043.78, 514.111919266
7043.85, 514.111922264
7043.9, 514.111918772
7043.96, 514.111917513
7044.02, 514.111916282
7044.08, 514.111913738
7044.15, 514.111912720
7044.21, 514.111907526
7044.28, 514.111908073
7044.33, 514.111904666
7044.39, 514.111904587
7044.45, 514.111902399
7044.51, 514.111902153
7044.58, 514.111897895
7044.64, 514.111898001
7044.69, 514.111896936
7044.75, 514.111893066
7044.82, 514.111894529
7044.87, 514.111886108
7044.93, 514.111890196
7044.98, 514.111887033
7045.04, 514.111884337
7045.1, 514.111882914
7045.16, 514.111882700
7045.23, 514.111879977
7045.29, 514.111877553
7045.36, 514.111875308
7045.43, 514.111871169
7045.5, 514.111871660
7045.55, 514.111869857
7045.61, 514.111867127
7045.67, 514.111870321
7045.72, 514.111863490
7045.78, 514.111862660
7045.84, 514.111862566
7045.91, 514.111862921
7045.96, 514.111858129
7046.02, 514.111856039
7046.08, 514.111856808
7046.13, 514.111854247
7046.19, 514.111852821
7046.25, 514.111848882
7046.31, 514.111848873
7046.38, 514.111848387
7046.44, 514.111845664
7046.51, 514.111841902
7046.58, 514.111842923
7046.63, 514.111840226
7046.69, 514.111834543
7046.75, 514.111836047
7046.8, 514.111831665
7046.86, 514.111828833
7046.92, 514.111831918
7046.97, 514.111825292
7047.03, 514.111828383
7047.08, 514.111824040
7047.14, 514.111820285
7047.21, 514.111821219
7047.26, 514.111818886
7047.32, 514.111818033
7047.38, 514.111817774
7047.44, 514.111815638
7047.5, 514.111812934
7047.57, 514.111814177
7047.62, 514.111810010
7047.68, 514.111807788
7047.74, 514.111808743
7047.79, 514.111804645
7047.85, 514.111801066
7047.91, 514.111799199
7047.98, 514.111799328
7048.03, 514.111799032
7048.09, 514.111796389
7048.15, 514.111793031
7048.21, 514.111794307
7048.26, 514.111788290
7048.32, 514.111792003
7048.37, 514.111787853
7048.43, 514.111782384
7048.49, 514.111784432
7048.54, 514.111779688
7048.6, 514.111778980
7048.66, 514.111776377
7048.73, 514.111778030
7048.78, 514.111776153
7048.84, 514.111772680
7048.9, 514.111771518
7048.96, 514.111769224
7049.03, 514.111771360
7049.08, 514.111764729
7049.14, 514.111768475
7049.19, 514.111762839
7049.25, 514.111763944
7049.3, 514.111757987
7049.36, 514.111758950
7049.41, 514.111757037
7049.47, 514.111753882
7049.53, 514.111751866
7049.59, 514.111754686
7049.64, 514.111750664
7049.7, 514.111751238
7049.75, 514.111745128
7049.81, 514.111747499
7049.86, 514.111746549
7049.92, 514.111741503
7049.98, 514.111739164
7050.05, 514.111738618
7050.11, 514.111737602
7050.18, 514.111736006
7050.24, 514.111733666
7050.31, 514.111730179
7050.39, 514.111728227
7050.46, 514.111727152
7050.53, 514.111724300
7050.61, 514.111723642
7050.69, 514.111722165
7050.77, 514.111719948
7050.85, 514.111716082
7050.94, 514.111711916
7051.02, 514.111711314
7051.11, 514.111710008
7051.2, 514.111704552
7051.3, 514.111704688
7051.35, 514.111698219
7051.41, 514.111698060
7051.47, 514.111697699
7051.53, 514.111694747
7051.6, 514.111694745
7051.66, 514.111691105
7051.73, 514.111694488
7051.78, 514.111690608
7051.84, 514.111687718
7051.9, 514.111684830
7051.97, 514.111682562
7052.03, 514.111684646
7052.08, 514.111679566
7052.14, 514.111675294
7052.2, 514.111678062
7052.25, 514.111674604
7052.31, 514.111670296
7052.37, 514.111667857
7052.44, 514.111672578
7052.49, 514.111667042
7052.55, 514.111663359
7052.61, 514.111664699
7052.66, 514.111663541
7052.72, 514.111658084
7052.78, 514.111654396
7052.84, 514.111660986
7052.89, 514.111654619
7052.95, 514.111651082
7053.01, 514.111653671
7053.06, 514.111649291
7053.12, 514.111649879
7053.17, 514.111646379
7053.23, 514.111644576
7053.3, 514.111642252
7053.36, 514.111645672
7053.41, 514.111637896
7053.47, 514.111639634
7053.52, 514.111636262
7053.58, 514.111639663
7053.63, 514.111633401
7053.69, 514.111630646
7053.75, 514.111632462
7053.8, 514.111630216
7053.86, 514.111624363
7053.92, 514.111621941
7053.98, 514.111624867
7054.03, 514.111623859
7054.09, 514.111621369
7054.16, 514.111620333
7054.22, 514.111618711
7054.28, 514.111616432
7054.35, 514.111616153
7054.42, 514.111614029
7054.49, 514.111610497
7054.56, 514.111610134
7054.63, 514.111607076
7054.71, 514.111605612
7054.78, 514.111603408
7054.86, 514.111600164
7054.94, 514.111598784
7055.03, 514.111593391
7055.11, 514.111594334
7055.16, 514.111588763
7055.22, 514.111585997
7055.28, 514.111588868
7055.33, 514.111585749
7055.39, 514.111582571
7055.45, 514.111580449
7055.52, 514.111579353
7055.58, 514.111576434
7055.65, 514.111577408
7055.7, 514.111576037
7055.76, 514.111571472
7055.82, 514.111571108
7055.88, 514.111568317
7055.95, 514.111567685
7056.01, 514.111568575
7056.06, 514.111561917
7056.12, 514.111561790
7056.18, 514.111559963
7056.25, 514.111558232
7056.31, 514.111557722
7056.38, 514.111556209
7056.45, 514.111558653
7056.5, 514.111549300
7056.56, 514.111552441
7056.61, 514.111549441
7056.67, 514.111547360
7056.73, 514.111547041
7056.79, 514.111547298
7056.84, 514.111542209
7056.9, 514.111540850
7056.96, 514.111537759
7057.02, 514.111539019
7057.07, 514.111533214
7057.13, 514.111532208
7057.2, 514.111534201
7057.25, 514.111529198
7057.31, 514.111525376
7057.37, 514.111524335
7057.43, 514.111527388
7057.48, 514.111525602
7057.54, 514.111520940
7057.6, 514.111521217
7057.65, 514.111518838
7057.71, 514.111515257
7057.77, 514.111514858
7057.84, 514.111513979
7057.9, 514.111510822
7057.97, 514.111506801
7058.04, 514.111509546
7058.09, 514.111504416
7058.15, 514.111501678
7058.21, 514.111504581
7058.26, 514.111496460
7058.32, 514.111499692
7058.37, 514.111496029
7058.43, 514.111497913
7058.48, 514.111493222
7058.54, 514.111491513
7058.6, 514.111495649
7058.65, 514.111487145
7058.71, 514.111488001
7058.76, 514.111484312
7058.82, 514.111486573
7058.87, 514.111481333
7058.93, 514.111482003
7058.98, 514.111475984
7059.04, 514.111480086
7059.09, 514.111474585
7059.15, 514.111474891
7059.2, 514.111472873
7059.26, 514.111475151
7059.31, 514.111468906
7059.37, 514.111467672
7059.43, 514.111467182
7059.49, 514.111466002
7059.56, 514.111462715
7059.62, 514.111462594
7059.69, 514.111460231
7059.76, 514.111456369
7059.83, 514.111454841
7059.91, 514.111451341
7059.98, 514.111450895
7060.06, 514.111450683
7060.14, 514.111449528
7060.22, 514.111444418
7060.3, 514.111441480
7060.38, 514.111439694
7060.47, 514.111435393
7060.56, 514.111435072
7060.65, 514.111434028
7060.75, 514.111428780
7060.84, 514.111423707
7060.94, 514.111423709
7060.99, 514.111419771
7061.05, 514.111419468
7061.11, 514.111421672
7061.16, 514.111411969
7061.22, 514.111417419
7061.27, 514.111414319
7061.33, 514.111410141
7061.39, 514.111413204
7061.44, 514.111407274
7061.5, 514.111404759
7061.56, 514.111402660
7061.63, 514.111403213
7061.68, 514.111402627
7061.74, 514.111398431
7061.8, 514.111398209
7061.86, 514.111396243
7061.93, 514.111394979
7061.99, 514.111392778
7062.06, 514.111391490
7062.13, 514.111386794
7062.2, 514.111387668
7062.25, 514.111385189
7062.31, 514.111381876
7062.37, 514.111384251
7062.42, 514.111378666
7062.48, 514.111380285
7062.53, 514.111377912
7062.59, 514.111377431
7062.65, 514.111373830
7062.72, 514.111370370
7062.78, 514.111370130
7062.85, 514.111367999
7062.92, 514.111367561
7062.99, 514.111365421
7063.06, 514.111362862
7063.13, 514.111361368
7063.2, 514.111358428
7063.28, 514.111356416
7063.36, 514.111351335
7063.44, 514.111353103
7063.49, 514.111351215
7063.55, 514.111346428
7063.61, 514.111346309
7063.68, 514.111343757
7063.74, 514.111346742
7063.79, 514.111342621
7063.85, 514.111338930
7063.91, 514.111336946
7063.97, 514.111337387
7064.02, 514.111335860
7064.08, 514.111330488
7064.15, 514.111331029
7064.2, 514.111327417
7064.26, 514.111326090
7064.32, 514.111326094
7064.37, 514.111323619
7064.43, 514.111324712
7064.48, 514.111318413
7064.54, 514.111321724
7064.59, 514.111315747
7064.65, 514.111315250
7064.71, 514.111313831
7064.77, 514.111311434
7064.84, 514.111310950
7064.9, 514.111314851
7064.95, 514.111309048
7065.01, 514.111304526
7065.07, 514.111308793
7065.12, 514.111302377
7065.18, 514.111300050
7065.25, 514.111298851
7065.31, 514.111295369
7065.37, 514.111297223
7065.42, 514.111293249
7065.48, 514.111292103
7065.55, 514.111291685
7065.61, 514.111288837
7065.67, 514.111288712
7065.74, 514.111286578
7065.81, 514.111280707
7065.88, 514.111286004
7065.93, 514.111281845
7065.99, 514.111276913
7066.05, 514.111274875
7066.11, 514.111274457
7066.18, 514.111271695
7066.24, 514.111273503
7066.29, 514.111270213
7066.35, 514.111266571
7066.41, 514.111266385
7066.48, 514.111263121
7066.54, 514.111259490
7066.61, 514.111260938
7066.66, 514.111256533
7066.72, 514.111256205
7066.78, 514.111252535
7066.84, 514.111254122
7066.89, 514.111249272
7066.95, 514.111248482
7067.01, 514.111247369
7067.08, 514.111245099
7067.14, 514.111246227
7067.19, 514.111242332
7067.25, 514.111241888
7067.31, 514.111242477
7067.36, 514.111233837
7067.42, 514.111233696
7067.48, 514.111233247
7067.55, 514.111232876
7067.61, 514.111227425
7067.68, 514.111232073
7067.73, 514.111227695
7067.79, 514.111226678
7067.85, 514.111223120
7067.91, 514.111223185
7067.96, 514.111221753
7068.02, 514.111221066
7068.08, 514.111216702
7068.15, 514.111215358
7068.21, 514.111215584
7068.26, 514.111212028
7068.32, 514.111210145
7068.38, 514.111203616
7068.45, 514.111207880
7068.5, 514.111202182
7068.56, 514.111200783
7068.62, 514.111200769
7068.68, 514.111201864
7068.73, 514.111198544
7068.79, 514.111192762
7068.85, 514.111192019
7068.92, 514.111193722
7068.97, 514.111191061
7069.03, 514.111188812
7069.09, 514.111186369
7069.15, 514.111186694
7069.2, 514.111185562
7069.26, 514.111183062
7069.32, 514.111182672
7069.38, 514.111178414
7069.45, 514.111177786
7069.52, 514.111176375
7069.58, 514.111175717
7069.65, 514.111175124
7069.72, 514.111170179
7069.8, 514.111167278
7069.87, 514.111165219
7069.95, 514.111163619
7070.03, 514.111160093
7070.11, 514.111158491
7070.19, 514.111157657
7070.28, 514.111155090
7070.36, 514.111148851
7070.45, 514.111146300
7070.54, 514.111145088
7070.64, 514.111146620
7070.69, 514.111140219
7070.75, 514.111140929
7070.8, 514.111139330
7070.86, 514.111133504
7070.92, 514.111135832
7070.97, 514.111133389
7071.03, 514.111128771
7071.09, 514.111131692
7071.14, 514.111127733
7071.2, 514.111124657
7071.26, 514.111124592
7071.32, 514.111125625
7071.37, 514.111122755
7071.43, 514.111118691
7071.5, 514.111120277
7071.55, 514.111114675
7071.61, 514.111116452
7071.66, 514.111113240
7071.72, 514.111109829
7071.78, 514.111109605
7071.84, 514.111111129
7071.89, 514.111108998
7071.95, 514.111105709
7072.01, 514.111101794
7072.07, 514.111105254
7072.12, 514.111099553
7072.18, 514.111095639
7072.25, 514.111098211
7072.3, 514.111092530
7072.36, 514.111092498
7072.42, 514.111098871
7072.47, 514.111094333
7072.53, 514.111087772
7072.59, 514.111090659
7072.64, 514.111086262
7072.7, 514.111089500
7072.75, 514.111085126
7072.81, 514.111079150
7072.87, 514.111077433
7072.93, 514.111077033
7073, 514.111071481
7073.06, 514.111071943
7073.11, 514.111070974
7073.17, 514.111069020
7073.24, 514.111068817
7073.3, 514.111066571
7073.36, 514.111063791
7073.43, 514.111065341
7073.48, 514.111064904
7073.54, 514.111060286
7073.6, 514.111060265
7073.66, 514.111056772
7073.73, 514.111056402
7073.8, 514.111051099
7073.86, 514.111050135
7073.93, 514.111047737
7074, 514.111049958
7074.05, 514.111042113
7074.11, 514.111044906
7074.16, 514.111044034
7074.22, 514.111039198
7074.29, 514.111034349
7074.35, 514.111035340
7074.4, 514.111037368
7074.45, 514.111032434
7074.51, 514.111031292
7074.57, 514.111028784
7074.63, 514.111027309
7074.7, 514.111028257
7074.75, 514.111026616
7074.81, 514.111022207
7074.87, 514.111020172
7074.93, 514.111018230
7075, 514.111017763
7075.06, 514.111018134
7075.11, 514.111014194
7075.17, 514.111008562
7075.23, 514.111012543
7075.28, 514.111014138
7075.33, 514.111010676
7075.39, 514.111004962
7075.46, 514.111004665
7075.52, 514.111002918
7075.58, 514.111000335
7075.65, 514.110999077
7075.72, 514.110997943
7075.79, 514.110994590
7075.86, 514.110996662
7075.91, 514.110990461
7075.97, 514.110989687
7076.03, 514.110991253
7076.08, 514.110988233
7076.14, 514.110986001
7076.2, 514.110983557
7076.27, 514.110982695
7076.33, 514.110980158
7076.4, 514.110979563
7076.46, 514.110979056
7076.53, 514.110973352
7076.6, 514.110970268
7076.68, 514.110973610
7076.73, 514.110966117
7076.79, 514.110965729
7076.85, 514.110963655
7076.91, 514.110959500
7076.98, 514.110959880
7077.03, 514.110960480
7077.08, 514.110955720
7077.14, 514.110953428
7077.2, 514.110954916
7077.25, 514.110957313
7077.3, 514.110952184
7077.36, 514.110950770
7077.42, 514.110950222
7077.48, 514.110947359
7077.55, 514.110944957
7077.61, 514.110941449
7077.68, 514.110938306
7077.75, 514.110939527
7077.8, 514.110937540
7077.86, 514.110935327
7077.92, 514.110934241
7077.99, 514.110929245
7078.05, 514.110927244
7078.12, 514.110925236
7078.18, 514.110924217
7078.25, 514.110927295
7078.3, 514.110921298
7078.36, 514.110923797
7078.41, 514.110918551
7078.47, 514.110916932
7078.54, 514.110918742
7078.59, 514.110914836
7078.65, 514.110914095
7078.71, 514.110911840
7078.77, 514.110911531
7078.83, 514.110908046
7078.9, 514.110908307
7078.95, 514.110903441
7079.01, 514.110903439
7079.07, 514.110903447
7079.12, 514.110898167
7079.18, 514.110896359
7079.24, 514.110896761
7079.29, 514.110892119
7079.35, 514.110892514
7079.4, 514.110889815
7079.46, 514.110888793
7079.53, 514.110887582
7079.59, 514.110887482
7079.65, 514.110885507
7079.72, 514.110883475
7079.79, 514.110880305
7079.86, 514.110877871
7079.93, 514.110876008
7080, 514.110876534
7080.05, 514.110871763
7080.11, 514.110873089
7080.16, 514.110866864
7080.22, 514.110865936
7080.28, 514.110867087
7080.33, 514.110867905
7080.38, 514.110862975
7080.44, 514.110860922
7080.5, 514.110860115
7080.57, 514.110861166
7080.62, 514.110855265
7080.68, 514.110853858
7080.74, 514.110850105
7080.8, 514.110852068
7080.85, 514.110849063
7080.91, 514.110848433
7080.97, 514.110847372
7081.04, 514.110845230
7081.1, 514.110842453
7081.17, 514.110837297
7081.24, 514.110840061
7081.29, 514.110834917
7081.35, 514.110835888
7081.4, 514.110832891
7081.46, 514.110829668
7081.52, 514.110831647
7081.57, 514.110826310
7081.63, 514.110823228
7081.69, 514.110825682
7081.74, 514.110820913
7081.8, 514.110823099
7081.85, 514.110819826
7081.91, 514.110819052
7081.97, 514.110818772
7082.03, 514.110816528
7082.1, 514.110812781
7082.16, 514.110813250
7082.21, 514.110808481
7082.27, 514.110812565
7082.32, 514.110809152
7082.38, 514.110806036
7082.44, 514.110804831
7082.51, 514.110803862
7082.57, 514.110801363
7082.64, 514.110800377
7082.71, 514.110795820
7082.78, 514.110794586
7082.85, 514.110791950
7082.92, 514.110791781
7083, 514.110788450
7083.07, 514.110784923
7083.15, 514.110784126
7083.23, 514.110784349
7083.28, 514.110777432
7083.34, 514.110776702
7083.4, 514.110775949
7083.47, 514.110773372
7083.53, 514.110775918
7083.58, 514.110767622
7083.64, 514.110771995
7083.69, 514.110765799
7083.75, 514.110762075
7083.81, 514.110765257
7083.86, 514.110761722
7083.92, 514.110758688
7083.98, 514.110759836
7084.03, 514.110757189
7084.09, 514.110755215
7084.16, 514.110752851
7084.22, 514.110755240
7084.27, 514.110749142
7084.33, 514.110747690
7084.39, 514.110748182
7084.44, 514.110740287
7084.5, 514.110744219
7084.55, 514.110744110
7084.61, 514.110740425
7084.67, 514.110738546
7084.73, 514.110739653
7084.78, 514.110735657
7084.84, 514.110736162
7084.89, 514.110732682
7084.95, 514.110726867
7085.02, 514.110729499
7085.07, 514.110730877
7085.12, 514.110728503
7085.18, 514.110723993
7085.24, 514.110723768
7085.3, 514.110722714
7085.37, 514.110719254
7085.43, 514.110719511
7085.48, 514.110717595
7085.54, 514.110716946
7085.6, 514.110713352
7085.67, 514.110711937
7085.73, 514.110708310
7085.8, 514.110709626
7085.85, 514.110703739
7085.91, 514.110704134
7085.96, 514.110701833
7086.02, 514.110701372
7086.08, 514.110698710
7086.14, 514.110698516
7086.21, 514.110697722
7086.27, 514.110694901
7086.34, 514.110693944
7086.41, 514.110690881
7086.48, 514.110687991
7086.55, 514.110687393
7086.63, 514.110684148
7086.71, 514.110683448
7086.78, 514.110682199
7086.87, 514.110677060
7086.95, 514.110671973
7087.03, 514.110671408
7087.12, 514.110673196
7087.17, 514.110668218
7087.23, 514.110665623
7087.29, 514.110667650
7087.34, 514.110662794
7087.4, 514.110664559
7087.45, 514.110657463
7087.51, 514.110656733
7087.57, 514.110657864
7087.62, 514.110656720
7087.68, 514.110654323
7087.74, 514.110654056
7087.81, 514.110652175
7087.87, 514.110650539
7087.94, 514.110649876
7088.01, 514.110643657
7088.08, 514.110641122
7088.15, 514.110645074
7088.2, 514.110638291
7088.26, 514.110638428
7088.31, 514.110636022
7088.37, 514.110633542
7088.43, 514.110630667
7088.49, 514.110627663
7088.56, 514.110629024
7088.61, 514.110628128
7088.67, 514.110620491
7088.73, 514.110620386
7088.79, 514.110622294
7088.84, 514.110623317
7088.89, 514.110613516
7088.95, 514.110613968
7089, 514.110614878
7089.05, 514.110618110
7089.1, 514.110613042
7089.16, 514.110610109
7089.22, 514.110613313
7089.27, 514.110607165
7089.33, 514.110605218
7089.39, 514.110606408
7089.44, 514.110603784
7089.5, 514.110602794
7089.57, 514.110599083
7089.63, 514.110600256
7089.68, 514.110598199
7089.74, 514.110597092
7089.8, 514.110591928
7089.86, 514.110593409
7089.91, 514.110589405
7089.97, 514.110592197
7090.02, 514.110588760
7090.08, 514.110588596
7090.14, 514.110582615
7090.21, 514.110582500
7090.27, 514.110579685
7090.34, 514.110582562
7090.39, 514.110575783
7090.45, 514.110575186
7090.51, 514.110571902
7090.57, 514.110572757
7090.62, 514.110572536
7090.68, 514.110569484
7090.74, 514.110566248
7090.81, 514.110565171
7090.87, 514.110565074
7090.94, 514.110561742
7091.01, 514.110560765
7091.08, 514.110556127
7091.15, 514.110552334
7091.22, 514.110551492
7091.29, 514.110554629
7091.34, 514.110553989
7091.4, 514.110547368
7091.47, 514.110542783
7091.53, 514.110543317
7091.58, 514.110540898
7091.64, 514.110537318
7091.7, 514.110537090
7091.76, 514.110533256
7091.83, 514.110536513
7091.88, 514.110535928
7091.94, 514.110533527
7092, 514.110528994
7092.06, 514.110529809
7092.11, 514.110526620
7092.17, 514.110525497
7092.23, 514.110524306
7092.3, 514.110519628
7092.36, 514.110520074
7092.41, 514.110517278
7092.47, 514.110513677
7092.53, 514.110513971
7092.58, 514.110514866
7092.63, 514.110511906
7092.69, 514.110509511
7092.76, 514.110508586
7092.82, 514.110508767
7092.87, 514.110505701
7092.93, 514.110505008
7092.99, 514.110501670
7093.05, 514.110500820
7093.12, 514.110501342
7093.17, 514.110496392
7093.23, 514.110495570
7093.29, 514.110492072
7093.35, 514.110493334
7093.4, 514.110491296
7093.46, 514.110486609
7093.52, 514.110486459
7093.59, 514.110486961
7093.64, 514.110480440
7093.7, 514.110482816
7093.75, 514.110481978
7093.81, 514.110479029
7093.87, 514.110479563
7093.92, 514.110477523
7093.98, 514.110467785
7094.04, 514.110470208
7094.09, 514.110471755
7094.14, 514.110470074
7094.2, 514.110468386
7094.26, 514.110465830
7094.32, 514.110465680
7094.39, 514.110461527
7094.45, 514.110461546
7094.5, 514.110460223
7094.56, 514.110456651
7094.63, 514.110456282
7094.69, 514.110455564
7094.75, 514.110450751
7094.82, 514.110448877
7094.89, 514.110447323
7094.96, 514.110447163
7095.03, 514.110445092
7095.1, 514.110442717
7095.18, 514.110444825
7095.23, 514.110439024
7095.29, 514.110438890
7095.35, 514.110434155
7095.41, 514.110434691
7095.46, 514.110433722
7095.52, 514.110429851
7095.58, 514.110428225
7095.65, 514.110427676
7095.71, 514.110422706
7095.78, 514.110420274
7095.84, 514.110420445
7095.89, 514.110418512
7095.95, 514.110419372
7096, 514.110416378
7096.06, 514.110415036
7096.13, 514.110413394
7096.19, 514.110412316
7096.25, 514.110409388
7096.32, 514.110407464
7096.39, 514.110404892
7096.46, 514.110402721
7096.53, 514.110403427
7096.58, 514.110398898
7096.64, 514.110395515
7096.7, 514.110393320
7096.76, 514.110395165
7096.81, 514.110394299
7096.87, 514.110390386
7096.93, 514.110388804
7097, 514.110389087
7097.05, 514.110387066
7097.11, 514.110385582
7097.17, 514.110383322
7097.23, 514.110382640
7097.3, 514.110377815
7097.36, 514.110377679
7097.43, 514.110376508
7097.5, 514.110375933
7097.57, 514.110371703
7097.65, 514.110368243
7097.72, 514.110368326
7097.77, 514.110366001
7097.83, 514.110366483
7097.88, 514.110366688
7097.93, 514.110359667
7097.99, 514.110360766
7098.04, 514.110359545
7098.1, 514.110356954
7098.16, 514.110354243
7098.22, 514.110352489
7098.29, 514.110348241
7098.36, 514.110349388
7098.41, 514.110346096
7098.47, 514.110347520
7098.52, 514.110345269
7098.58, 514.110338300
7098.64, 514.110339486
7098.69, 514.110340742
7098.74, 514.110335938
7098.8, 514.110336022
7098.85, 514.110334694
7098.91, 514.110331143
7098.97, 514.110333226
7099.02, 514.110330094
7099.08, 514.110326667
7099.14, 514.110324501
7099.2, 514.110324094
7099.27, 514.110324315
7099.32, 514.110323594
7099.38, 514.110319563
7099.44, 514.110320016
7099.49, 514.110316503
7099.55, 514.110311109
7099.61, 514.110312322
7099.66, 514.110312278
7099.72, 514.110310135
7099.78, 514.110308355
7099.85, 514.110308393
7099.9, 514.110306235
7099.96, 514.110302897
7100.02, 514.110301987
7100.08, 514.110300464
7100.14, 514.110296751
7100.21, 514.110294590
7100.28, 514.110296006
7100.33, 514.110292527
7100.39, 514.110292494
7100.45, 514.110289396
7100.51, 514.110289619
7100.56, 514.110287411
7100.62, 514.110284541
7100.68, 514.110283371
7100.75, 514.110282760
7100.81, 514.110281122
7100.88, 514.110277086
7100.95, 514.110273272
7101.02, 514.110274430
7101.07, 514.110274843
7101.12, 514.110270882
7101.18, 514.110267656
7101.24, 514.110269537
7101.29, 514.110272647
7101.34, 514.110267967
7101.4, 514.110261329
7101.46, 514.110262153
7101.51, 514.110258347
7101.57, 514.110259295
7101.62, 514.110251644
7101.68, 514.110251178
7101.74, 514.110254110
7101.79, 514.110250017
7101.85, 514.110248499
7101.91, 514.110245598
7101.97, 514.110248035
7102.02, 514.110240976
7102.08, 514.110242718
7102.13, 514.110239555
7102.19, 514.110241399
7102.24, 514.110239357
7102.3, 514.110236402
7102.37, 514.110238205
7102.42, 514.110232922
7102.48, 514.110233660
7102.53, 514.110231990
7102.59, 514.110230252
7102.65, 514.110223971
7102.71, 514.110225786
7102.76, 514.110222938
7102.82, 514.110222490
7102.88, 514.110220888
7102.95, 514.110218427
7103.01, 514.110216247
7103.08, 514.110213996
7103.14, 514.110214492
7103.19, 514.110213642
7103.25, 514.110210937
7103.32, 514.110206629
7103.38, 514.110205150
7103.44, 514.110205945
7103.49, 514.110205302
7103.55, 514.110200697
7103.61, 514.110200283
7103.68, 514.110194903
7103.74, 514.110192375
7103.81, 514.110193892
7103.86, 514.110192285
7103.92, 514.110193081
7103.97, 514.110190361
7104.03, 514.110185720
7104.09, 514.110187421
7104.14, 514.110184159
7104.2, 514.110183047
7104.26, 514.110182739
7104.32, 514.110179551
7104.39, 514.110180328
7104.44, 514.110176484
7104.5, 514.110174026
7104.56, 514.110174459
7104.61, 514.110171692
7104.67, 514.110169159
7104.73, 514.110169903
7104.78, 514.110166950
7104.84, 514.110167288
7104.89, 514.110165558
7104.95, 514.110159037
7105.01, 514.110161217
7105.06, 514.110155824
7105.12, 514.110160379
7105.17, 514.110154473
7105.23, 514.110153657
7105.3, 514.110150750
7105.36, 514.110151762
7105.41, 514.110148524
7105.47, 514.110148350
7105.53, 514.110147698
7105.59, 514.110142314
7105.66, 514.110142573
7105.71, 514.110141428
7105.77, 514.110138446
7105.83, 514.110138560
7105.88, 514.110134884
7105.94, 514.110132592
7106, 514.110131307
7106.06, 514.110130043
7106.13, 514.110126676
7106.19, 514.110131516
7106.24, 514.110126126
7106.3, 514.110125118
7106.37, 514.110120216
7106.43, 514.110120767
7106.48, 514.110119883
7106.54, 514.110117724
7106.6, 514.110114581
7106.66, 514.110112053
7106.73, 514.110112099
7106.78, 514.110110445
7106.84, 514.110108823
7106.9, 514.110103985
7106.96, 514.110102937
7107.03, 514.110104524
7107.08, 514.110100362
7107.14, 514.110101170
7107.19, 514.110099267
7107.25, 514.110095960
7107.31, 514.110099076
7107.36, 514.110095166
7107.42, 514.110090895
7107.48, 514.110090750
7107.54, 514.110088313
7107.61, 514.110087479
7107.67, 514.110083727
7107.74, 514.110085742
7107.79, 514.110080615
7107.85, 514.110080419
7107.91, 514.110074075
7107.98, 514.110076135
7108.03, 514.110073130
7108.09, 514.110074786
7108.14, 514.110071250
7108.2, 514.110067446
7108.26, 514.110066679
7108.32, 514.110068400
7108.37, 514.110066245
7108.43, 514.110061804
7108.49, 514.110062499
7108.54, 514.110059578
7108.6, 514.110057053
7108.66, 514.110054560
7108.73, 514.110055238
7108.78, 514.110053595
7108.84, 514.110050656
7108.9, 514.110046728
7108.96, 514.110049779
7109.01, 514.110046310
7109.07, 514.110044084
7109.13, 514.110045411
7109.18, 514.110041095
7109.24, 514.110037957
7109.3, 514.110038031
7109.35, 514.110036601
7109.41, 514.110039800
7109.46, 514.110034902
7109.52, 514.110029920
7109.59, 514.110030723
7109.64, 514.110028335
7109.7, 514.110027213
7109.76, 514.110024349
7109.82, 514.110024579
7109.87, 514.110021384
7109.93, 514.110023980
7109.98, 514.110018705
7110.04, 514.110015116
7110.1, 514.110015772
7110.15, 514.110013137
7110.21, 514.110011210
7110.27, 514.110011598
7110.32, 514.110010053
7110.38, 514.110007670
7110.45, 514.110005938
7110.51, 514.110006815
7110.56, 514.110004058
7110.62, 514.110001756
7110.68, 514.109998534
7110.74, 514.109999137
7110.79, 514.109994636
7110.85, 514.109994050
7110.91, 514.109993172
7110.98, 514.109991217
7111.04, 514.109989368
7111.11, 514.109990022
7111.16, 514.109985683
7111.22, 514.109985152
7111.28, 514.109980632
7111.34, 514.109979274
7111.41, 514.109981481
7111.46, 514.109976652
7111.52, 514.109975835
7111.58, 514.109970420
7111.64, 514.109970402
7111.71, 514.109971824
7111.76, 514.109972740
7111.81, 514.109964760
7111.87, 514.109964832
7111.92, 514.109966015
7111.97, 514.109964639
7112.03, 514.109960323
7112.09, 514.109959715
7112.15, 514.109959041
7112.22, 514.109957538
7112.28, 514.109954002
7112.35, 514.109951206
7112.42, 514.109950545
7112.49, 514.109948114
7112.56, 514.109947847
7112.64, 514.109943771
7112.72, 514.109941815
7112.79, 514.109940632
7112.87, 514.109940294
7112.96, 514.109934554
7113.04, 514.109934317
7113.13, 514.109933191
7113.22, 514.109930369
7113.31, 514.109929635
7113.4, 514.109923399
7113.5, 514.109924073
7113.55, 514.109916397
7113.61, 514.109915647
7113.67, 514.109916083
7113.72, 514.109914586
7113.78, 514.109910852
7113.84, 514.109907781
7113.91, 514.109906049
7113.97, 514.109906240
7114.02, 514.109902997
7114.08, 514.109901623
7114.14, 514.109902366
7114.19, 514.109900135
7114.25, 514.109896685
7114.31, 514.109897675
7114.36, 514.109895333
7114.42, 514.109893878
7114.48, 514.109891564
7114.55, 514.109889905
7114.61, 514.109887246
7114.68, 514.109886511
7114.75, 514.109883629
7114.82, 514.109882036
7114.89, 514.109881472
7114.96, 514.109880835
7115.04, 514.109874601
7115.11, 514.109876374
7115.16, 514.109875584
7115.22, 514.109871710
7115.28, 514.109869757
7115.35, 514.109869371
7115.41, 514.109866163
7115.48, 514.109864363
7115.55, 514.109862300
7115.61, 514.109860461
7115.69, 514.109858803
7115.76, 514.109859019
7115.81, 514.109854531
7115.87, 514.109852793
7115.93, 514.109851703
7115.99, 514.109849932
7116.06, 514.109847436
7116.12, 514.109848064
7116.17, 514.109841379
7116.23, 514.109843595
7116.28, 514.109839122
7116.34, 514.109840685
7116.39, 514.109835450
7116.45, 514.109837741
7116.5, 514.109833500
7116.56, 514.109833024
7116.63, 514.109827506
7116.69, 514.109832024
7116.74, 514.109826717
7116.8, 514.109829287
7116.85, 514.109823810
7116.91, 514.109821227
7116.97, 514.109822124
7117.02, 514.109819407
7117.08, 514.109816989
7117.14, 514.109817362
7117.19, 514.109813214
7117.25, 514.109813707
7117.3, 514.109813847
7117.35, 514.109814290
7117.4, 514.109809048
7117.46, 514.109808026
7117.52, 514.109805163
7117.59, 514.109804095
7117.65, 514.109801079
7117.72, 514.109801938
7117.77, 514.109799704
7117.83, 514.109798336
7117.89, 514.109796585
7117.95, 514.109796465
7118.02, 514.109791566
7118.08, 514.109790722
7118.15, 514.109786766
7118.22, 514.109788155
7118.27, 514.109787462
7118.33, 514.109782492
7118.39, 514.109782605
7118.44, 514.109776022
7118.5, 514.109780683
7118.55, 514.109776680
7118.61, 514.109776517
7118.67, 514.109772763
7118.74, 514.109771085
7118.8, 514.109768924
7118.87, 514.109767005
7118.94, 514.109765688
7119, 514.109766976
7119.05, 514.109762083
7119.11, 514.109764427
7119.16, 514.109753714
7119.22, 514.109757268
7119.27, 514.109754992
7119.33, 514.109753528
7119.4, 514.109751243
7119.46, 514.109751381
7119.51, 514.109749874
7119.57, 514.109747465
7119.63, 514.109747131
7119.69, 514.109744330
7119.76, 514.109743841
7119.82, 514.109742445
7119.89, 514.109743147
7119.94, 514.109737008
7120, 514.109737543
7120.05, 514.109735017
7120.11, 514.109729943
7120.17, 514.109732230
7120.22, 514.109729505
7120.28, 514.109729493
7120.35, 514.109724406
7120.41, 514.109725108
7120.46, 514.109726217
7120.51, 514.109719881
7120.57, 514.109717139
7120.63, 514.109715942
7120.69, 514.109718650
7120.74, 514.109716667
7120.8, 514.109712063
7120.86, 514.109711368
7120.93, 514.109708477
7120.99, 514.109709265
7121.04, 514.109706698
7121.1, 514.109704629
7121.16, 514.109704918
7121.21, 514.109703667
7121.27, 514.109702774
7121.34, 514.109700021
7121.4, 514.109700769
7121.45, 514.109695598
7121.51, 514.109696121
7121.56, 514.109692220
7121.62, 514.109690794
7121.68, 514.109690217
7121.74, 514.109685607
7121.81, 514.109690676
7121.86, 514.109686660
7121.92, 514.109682179
7121.98, 514.109680316
7122.04, 514.109680570
7122.09, 514.109674400
7122.15, 514.109672578
7122.21, 514.109671283
7122.28, 514.109672698
7122.33, 514.109674261
7122.38, 514.109667230
7122.44, 514.109668168
7122.49, 514.109665107
7122.55, 514.109665214
7122.6, 514.109660975
7122.66, 514.109661222
7122.71, 514.109658242
7122.77, 514.109656744
7122.83, 514.109654282
7122.89, 514.109656700
7122.94, 514.109650592
7123, 514.109646931
7123.06, 514.109646575
7123.13, 514.109649241
7123.18, 514.109642598
7123.24, 514.109646095
7123.29, 514.109642288
7123.35, 514.109640060
7123.41, 514.109639782
7123.47, 514.109639191
7123.53, 514.109636959
7123.6, 514.109633877
7123.67, 514.109632505
7123.74, 514.109630888
7123.81, 514.109629635
7123.88, 514.109629846
7123.93, 514.109622577
7123.99, 514.109625600
7124.04, 514.109622262
7124.1, 514.109621470
7124.16, 514.109618930
7124.23, 514.109616402
7124.29, 514.109615617
7124.36, 514.109611534
7124.43, 514.109612047
7124.48, 514.109610648
7124.54, 514.109608756
7124.6, 514.109603767
7124.66, 514.109606719
7124.71, 514.109602403
7124.77, 514.109601890
7124.83, 514.109596420
7124.9, 514.109597436
7124.95, 514.109597188
7125.01, 514.109597183
7125.07, 514.109591777
7125.13, 514.109594240
7125.18, 514.109590113
7125.24, 514.109588314
7125.3, 514.109588562
7125.35, 514.109584249
7125.41, 514.109582540
7125.47, 514.109582305
7125.54, 514.109580081
7125.6, 514.109579346
7125.67, 514.109576706
7125.73, 514.109575317
7125.8, 514.109569694
7125.88, 514.109574388
7125.93, 514.109568508
7125.99, 514.109568524
7126.04, 514.109566159
7126.1, 514.109564368
7126.16, 514.109561489
7126.22, 514.109561483
7126.28, 514.109557774
7126.35, 514.109557866
7126.4, 514.109555574
7126.46, 514.109557024
7126.51, 514.109552497
7126.57, 514.109552399
7126.63, 514.109550377
7126.7, 514.109549601
7126.76, 514.109545193
7126.83, 514.109542810
7126.89, 514.109542074
7126.96, 514.109537563
7127.03, 514.109538879
7127.08, 514.109537275
7127.14, 514.109535634
7127.21, 514.109531381
7127.27, 514.109530913
7127.33, 514.109528174
7127.4, 514.109528667
7127.45, 514.109529520
7127.5, 514.109525680
7127.56, 514.109522556
7127.62, 514.109521580
7127.68, 514.109520117
7127.75, 514.109519397
7127.82, 514.109513416
7127.88, 514.109512322
7127.95, 514.109510945
7128.02, 514.109513437
7128.07, 514.109504252
7128.13, 514.109506776
7128.18, 514.109507613
7128.23, 514.109505125
7128.29, 514.109501387
7128.36, 514.109502929
7128.41, 514.109497255
7128.47, 514.109498017
7128.52, 514.109497348
7128.58, 514.109493454
7128.64, 514.109491670
7128.7, 514.109492344
7128.75, 514.109488986
7128.81, 514.109487771
7128.87, 514.109486223
7128.94, 514.109482157
7129, 514.109479377
7129.07, 514.109482988
7129.12, 514.109475940
7129.18, 514.109479143
7129.23, 514.109475310
7129.29, 514.109474148
7129.35, 514.109470407
7129.41, 514.109470492
7129.46, 514.109468790
7129.52, 514.109465532
7129.58, 514.109468226
7129.63, 514.109464921
7129.69, 514.109463296
7129.75, 514.109463219
7129.82, 514.109462766
7129.88, 514.109459408
7129.95, 514.109456769
7130.02, 514.109453792
7130.08, 514.109451979
7130.16, 514.109449361
7130.23, 514.109451547
7130.28, 514.109446840
7130.34, 514.109446157
7130.4, 514.109444362
7130.46, 514.109443146
7130.53, 514.109440786
7130.59, 514.109437983
7130.66, 514.109436426
7130.73, 514.109433388
7130.8, 514.109432042
7130.88, 514.109431581
7130.95, 514.109430941
7131.03, 514.109428148
7131.11, 514.109426551
7131.19, 514.109419894
7131.27, 514.109421758
7131.32, 514.109413093
7131.38, 514.109415568
7131.43, 514.109413666
7131.49, 514.109414433
7131.54, 514.109412290
7131.6, 514.109410837
7131.66, 514.109408007
7131.72, 514.109406411
7131.79, 514.109405742
7131.86, 514.109403968
7131.92, 514.109401688
7131.99, 514.109398648
7132.06, 514.109396873
7132.14, 514.109397545
7132.19, 514.109391517
7132.25, 514.109393177
7132.3, 514.109390353
7132.36, 514.109388426
7132.42, 514.109384605
7132.48, 514.109385164
7132.53, 514.109385384
7132.58, 514.109381059
7132.64, 514.109377659
7132.7, 514.109377384
7132.77, 514.109379543
7132.82, 514.109375596
7132.88, 514.109370030
7132.94, 514.109370441
7132.99, 514.109368772
7133.05, 514.109366839
7133.11, 514.109367293
7133.16, 514.109364816
7133.22, 514.109363203
7133.28, 514.109363688
7133.33, 514.109358917
7133.39, 514.109354641
7133.45, 514.109355760
7133.5, 514.109358963
7133.55, 514.109355407
7133.61, 514.109350966
7133.67, 514.109352229
7133.72, 514.109349164
7133.78, 514.109346218
7133.85, 514.109346230
7133.9, 514.109345993
7133.96, 514.109343633
7134.02, 514.109342792
7134.08, 514.109340358
7134.14, 514.109339381
7134.21, 514.109338240
7134.28, 514.109334123
7134.35, 514.109332421
7134.42, 514.109329293
7134.49, 514.109329509
7134.54, 514.109326609
7134.6, 514.109327295
7134.65, 514.109325023
7134.71, 514.109324141
7134.77, 514.109318745
7134.84, 514.109320250
7134.89, 514.109315558
7134.95, 514.109313288
7135.01, 514.109313976
7135.06, 514.109310882
7135.12, 514.109312791
7135.17, 514.109310831
7135.23, 514.109309680
7135.29, 514.109304576
7135.35, 514.109305237
7135.4, 514.109304000
7135.46, 514.109301703
7135.52, 514.109296835
7135.59, 514.109297107
7135.64, 514.109293152
7135.7, 514.109296823
7135.75, 514.109292665
7135.81, 514.109291172
7135.87, 514.109288299
7135.93, 514.109290649
7135.98, 514.109288473
7136.04, 514.109285788
7136.1, 514.109284107
7136.17, 514.109279545
7136.23, 514.109280279
7136.28, 514.109276707
7136.34, 514.109275764
7136.4, 514.109274195
7136.47, 514.109273478
7136.53, 514.109271109
7136.6, 514.109268642
7136.66, 514.109267902
7136.73, 514.109267735
7136.81, 514.109262890
7136.88, 514.109261191
7136.95, 514.109261047
7137.03, 514.109258368
7137.11, 514.109257795
7137.19, 514.109255124
7137.27, 514.109248106
7137.36, 514.109250213
7137.41, 514.109246221
7137.47, 514.109246153
7137.53, 514.109240795
7137.59, 514.109243344
7137.64, 514.109240760
7137.7, 514.109235781
7137.76, 514.109236201
7137.81, 514.109237317
7137.86, 514.109238121
7137.91, 514.109232138
7137.97, 514.109234056
7138.02, 514.109230293
7138.08, 514.109229943
7138.15, 514.109227210
7138.21, 514.109224936
7138.27, 514.109222354
7138.34, 514.109218756
7138.41, 514.109222092
7138.46, 514.109219137
7138.52, 514.109214342
7138.58, 514.109213522
7138.64, 514.109213663
7138.69, 514.109209702
7138.75, 514.109210653
7138.8, 514.109203654
7138.86, 514.109206443
7138.91, 514.109208198
7138.96, 514.109203762
7139.02, 514.109201362
7139.08, 514.109201473
7139.13, 514.109199047
7139.19, 514.109196360
7139.25, 514.109197828
7139.3, 514.109194668
7139.36, 514.109192959
7139.43, 514.109193819
7139.48, 514.109189030
7139.54, 514.109188271
7139.6, 514.109189487
7139.65, 514.109183654
7139.71, 514.109183763
7139.76, 514.109184839
7139.81, 514.109176228
7139.87, 514.109177128
7139.92, 514.109178711
7139.97, 514.109174130
7140.03, 514.109170422
7140.09, 514.109169807
7140.15, 514.109168593
7140.22, 514.109169204
7140.27, 514.109167080
7140.33, 514.109164651
7140.39, 514.109165114
7140.44, 514.109160701
7140.5, 514.109158797
7140.56, 514.109161250
7140.61, 514.109157051
7140.67, 514.109156464
7140.73, 514.109155357
7140.79, 514.109150702
7140.86, 514.109149119
7140.92, 514.109149717
7140.97, 514.109146468
7141.03, 514.109145291
7141.1, 514.109143865
7141.16, 514.109143596
7141.22, 514.109139137
7141.29, 514.109138502
7141.36, 514.109138378
7141.43, 514.109136029
7141.5, 514.109133233
7141.57, 514.109133774
7141.62, 514.109129017
7141.68, 514.109129056
7141.73, 514.109126488
7141.79, 514.109120918
7141.85, 514.109124664
7141.9, 514.109122188
7141.96, 514.109118871
7142.03, 514.109116949
7142.09, 514.109114740
7142.15, 514.109116495
7142.2, 514.109110543
7142.26, 514.109111618
7142.31, 514.109111153
7142.37, 514.109107584
7142.43, 514.109105375
7142.5, 514.109104122
7142.56, 514.109103637
7142.63, 514.109101749
7142.7, 514.109101170
7142.77, 514.109097620
7142.84, 514.109092756
7142.91, 514.109095683
7142.96, 514.109088014
7143.02, 514.109090286
7143.07, 514.109086237
7143.13, 514.109086867
7143.18, 514.109089524
7143.23, 514.109086689
7143.29, 514.109082795
7143.35, 514.109081596
7143.41, 514.109081527
7143.48, 514.109078996
7143.55, 514.109075593
7143.61, 514.109074005
7143.68, 514.109072944
7143.75, 514.109066616
7143.83, 514.109068141
7143.88, 514.109065276
7143.94, 514.109065792
7143.99, 514.109062995
7144.05, 514.109059961
7144.11, 514.109058940
7144.17, 514.109057856
7144.24, 514.109056152
7144.3, 514.109055672
7144.37, 514.109055457
7144.44, 514.109051924
