0.102687, 27.897660
0.139882, 27.893962
0.199882, 27.842780
0.261382, 27.760534
0.324419, 27.676438
0.389033, 27.590302
0.455262, 27.502296
0.523146, 27.412445
0.592728, 27.320970
0.664049, 27.227853
0.737153, 27.133029
0.812085, 27.036423
0.88889, 26.938147
0.967615, 26.838088
1.04831, 26.736315
1.13102, 26.632149
1.2158, 26.523945
1.3027, 26.413106
1.39177, 26.300248
1.48306, 26.185187
1.57664, 26.067192
1.67256, 25.946619
1.77088, 25.824211
1.87165, 25.699157
1.97495, 25.572365
2.08082, 25.443841
2.18935, 25.313252
2.30058, 25.179867
2.4146, 25.044394
2.53147, 24.906787
2.65126, 24.766812
2.77404, 24.623761
2.8999, 24.478419
3.0289, 24.331270
3.16112, 24.182606
3.29666, 24.031519
3.43557, 23.877276
3.57797, 23.721301
3.72392, 23.563798
3.87352, 23.404051
4.02686, 23.242198
4.18404, 23.078357
4.34514, 22.911605
4.51027, 22.742574
4.67953, 22.572583
4.85302, 22.401715
5.03085, 22.229349
5.21312, 22.056144
5.39996, 21.882335
5.59146, 21.707361
5.78775, 21.531635
5.98894, 21.354509
6.19517, 21.174844
6.40655, 20.995118
6.62322, 20.815412
6.8453, 20.634863
7.07294, 20.452559
7.30626, 20.269115
7.54542, 20.086279
7.79056, 19.904193
8.04183, 19.721883
8.29938, 19.540262
8.56336, 19.359597
8.83395, 19.179841
9.1113, 18.998080
9.39559, 18.817106
9.68698, 18.635563
9.98566, 18.454623
10.2918, 18.275503
10.6056, 18.098764
10.9272, 17.922894
11.2569, 17.748216
11.5949, 17.572800
11.9412, 17.397996
12.2963, 17.220561
12.6602, 17.040251
13.0332, 16.859926
13.4155, 16.678719
13.8074, 16.495254
14.2091, 16.315265
14.6208, 16.138884
15.0428, 15.967572
15.4754, 15.795993
15.9188, 15.626227
16.3733, 15.460487
16.8391, 15.299781
17.3166, 15.143899
17.806, 14.993074
18.3077, 14.849795
18.8219, 14.711933
19.3489, 14.580309
19.8891, 14.456042
20.4429, 14.338883
21.0104, 14.228390
21.5922, 14.123520
22.1885, 14.023397
22.7997, 13.929399
23.4262, 13.839605
24.0684, 13.753929
24.7266, 13.672725
25.4013, 13.594457
26.0928, 13.519241
26.8016, 13.445783
27.5282, 13.374973
28.2729, 13.305506
29.0362, 13.236319
29.8186, 13.168117
30.6206, 13.100910
31.4426, 13.035650
32.2852, 12.972411
33.1488, 12.909870
34.034, 12.847247
34.9414, 12.783264
35.8714, 12.718834
36.8247, 12.654422
37.8018, 12.590472
38.8034, 12.526593
39.8299, 12.462098
40.8822, 12.399229
41.9608, 12.336609
43.0663, 12.274580
44.1994, 12.214231
45.3609, 12.154589
46.5515, 12.096230
47.7717, 12.038224
49.0225, 11.982016
50.3046, 11.927705
51.6187, 11.875498
52.9657, 11.825812
54.3463, 11.779677
55.7615, 11.736299
57.212, 11.695795
58.6989, 11.657472
60.2228, 11.622107
61.7849, 11.589315
63.386, 11.557174
65.0272, 11.526256
66.7094, 11.497591
68.4336, 11.470395
70.2009, 11.444991
72.0125, 11.420290
73.8693, 11.398010
75.7725, 11.379096
77.7233, 11.362034
79.7229, 11.346347
81.7725, 11.332542
83.8733, 11.320429
86.0266, 11.308579
88.2338, 11.297715
90.4962, 11.289328
92.8151, 11.282623
95.1919, 11.277297
97.6282, 11.273515
100.125, 11.271217
102.685, 11.270353
105.309, 11.269817
107.998, 11.269695
110.754, 11.270692
113.58, 11.272216
116.476, 11.274241
119.444, 11.276910
122.487, 11.280173
125.605, 11.283047
128.802, 11.286024
132.079, 11.288162
135.437, 11.290660
138.88, 11.294515
142.408, 11.299766
146.025, 11.304137
149.732, 11.309450
153.532, 11.315044
157.426, 11.321408
161.419, 11.329019
165.511, 11.336988
169.705, 11.345333
174.004, 11.354314
178.411, 11.363717
182.927, 11.373476
187.557, 11.383278
192.302, 11.393354
197.167, 11.404077
202.152, 11.413285
207.262, 11.422812
212.501, 11.433491
217.87, 11.444845
223.373, 11.455679
229.014, 11.466555
234.795, 11.477274
240.722, 11.488134
246.796, 11.498568
253.023, 11.509151
259.405, 11.520188
265.947, 11.531617
272.652, 11.541043
279.524, 11.549670
286.569, 11.558487
293.79, 11.567782
301.191, 11.578010
308.777, 11.588173
316.553, 11.598518
324.524, 11.609035
332.693, 11.618760
341.067, 11.628956
349.65, 11.639373
358.448, 11.649588
367.466, 11.658414
376.709, 11.667913
386.183, 11.677409
395.894, 11.687034
405.848, 11.696617
416.051, 11.706449
426.508, 11.716164
437.228, 11.725328
448.215, 11.734414
459.477, 11.743719
471.02, 11.753160
482.852, 11.762593
494.98, 11.771705
507.411, 11.780261
520.153, 11.788735
533.213, 11.798825
546.6, 11.807703
560.321, 11.817738
574.386, 11.825469
588.802, 11.836355
588.852, 11.841304
588.912, 11.841357
588.974, 11.841421
589.037, 11.841486
589.101, 11.841552
589.168, 11.841620
589.235, 11.841690
589.305, 11.841760
589.376, 11.841832
589.449, 11.841906
589.524, 11.841981
589.601, 11.842058
589.68, 11.842136
589.761, 11.842216
589.843, 11.842297
589.928, 11.842380
590.015, 11.842465
590.104, 11.842551
590.195, 11.842639
590.289, 11.842729
590.385, 11.842820
590.483, 11.842913
590.584, 11.843008
590.687, 11.843105
590.793, 11.843203
590.902, 11.843303
591.013, 11.843405
591.127, 11.843509
591.244, 11.843616
591.364, 11.843723
591.486, 11.843833
591.612, 11.843945
591.741, 11.844059
591.873, 11.844175
592.009, 11.844292
592.148, 11.844412
592.29, 11.844536
592.436, 11.844663
592.586, 11.844792
592.739, 11.844923
592.896, 11.845056
593.057, 11.845192
593.223, 11.845329
593.392, 11.845470
593.565, 11.845613
593.743, 11.845758
593.925, 11.845905
594.112, 11.846055
594.304, 11.846208
594.5, 11.846363
594.701, 11.846522
594.907, 11.846682
595.119, 11.846846
595.335, 11.847012
595.558, 11.847181
595.785, 11.847352
596.019, 11.847527
596.258, 11.847705
596.503, 11.847886
596.754, 11.848070
597.012, 11.848257
597.276, 11.848447
597.546, 11.848641
597.824, 11.848839
598.108, 11.849039
598.399, 11.849244
598.698, 11.849452
599.004, 11.849664
599.318, 11.849879
599.639, 11.850098
599.969, 11.850321
600.307, 11.850549
600.653, 11.850781
601.009, 11.851017
601.372, 11.851258
601.745, 11.851503
602.128, 11.851750
602.52, 11.851997
602.921, 11.852250
603.333, 11.852507
603.755, 11.852770
604.188, 11.853038
604.631, 11.853311
605.086, 11.853590
605.551, 11.853874
606.029, 11.854165
606.518, 11.854461
607.02, 11.854764
607.534, 11.855075
608.061, 11.855395
608.601, 11.855723
609.155, 11.856058
609.723, 11.856403
610.304, 11.856757
610.901, 11.857120
611.512, 11.857491
612.138, 11.857868
612.781, 11.858252
613.439, 11.858646
614.114, 11.859048
614.805, 11.859458
615.514, 11.859879
616.24, 11.860309
616.985, 11.860749
617.748, 11.861199
618.531, 11.861659
619.333, 11.862129
620.155, 11.862611
620.997, 11.863107
621.861, 11.863619
622.746, 11.864150
623.654, 11.864688
624.584, 11.865192
625.537, 11.865708
626.514, 11.866239
627.516, 11.866782
628.542, 11.867338
629.594, 11.867907
630.673, 11.868491
631.779, 11.869090
632.912, 11.869703
634.073, 11.870330
635.264, 11.870969
636.484, 11.871622
637.735, 11.872290
639.017, 11.872978
640.331, 11.873685
641.678, 11.874408
643.059, 11.875146
644.474, 11.875899
645.924, 11.876670
647.411, 11.877454
648.935, 11.878236
650.497, 11.879039
652.098, 11.879862
653.739, 11.880704
655.422, 11.881571
657.146, 11.882463
658.913, 11.883228
660.725, 11.883984
662.582, 11.884775
664.485, 11.885582
666.436, 11.886422
668.435, 11.887303
670.485, 11.888198
672.586, 11.889076
674.739, 11.889985
676.946, 11.890964
679.208, 11.891977
681.527, 11.893019
683.904, 11.894086
686.341, 11.895175
688.838, 11.896323
691.397, 11.897544
694.021, 11.898808
696.71, 11.900098
699.467, 11.901408
702.292, 11.902754
705.188, 11.904156
708.156, 11.905557
711.199, 11.906967
714.318, 11.908464
717.514, 11.910063
720.791, 11.911690
724.149, 11.913357
727.592, 11.915057
731.12, 11.916796
734.737, 11.918542
738.444, 11.920197
742.244, 11.921895
746.139, 11.923634
750.131, 11.925408
754.223, 11.927170
758.417, 11.928932
762.716, 11.930665
767.123, 11.932321
771.64, 11.934058
776.269, 11.935790
781.015, 11.937435
785.879, 11.939042
790.864, 11.940822
795.975, 11.942283
801.213, 11.943955
806.582, 11.945827
812.085, 11.947828
817.726, 11.949904
823.508, 11.952013
829.434, 11.953990
835.509, 11.955989
841.735, 11.958012
848.117, 11.960071
854.659, 11.962180
861.364, 11.964343
868.237, 11.966524
875.281, 11.968660
882.502, 11.970788
889.903, 11.972904
897.49, 11.974993
905.266, 11.977114
913.236, 11.979174
921.405, 11.981335
929.779, 11.983467
938.362, 11.985624
947.16, 11.987824
956.178, 11.990054
965.421, 11.992238
974.895, 11.994397
984.606, 11.996619
994.56, 11.998901
1004.76, 12.001146
1015.22, 12.003365
1025.94, 12.005240
1036.93, 12.007579
1048.19, 12.009772
1059.73, 12.012226
1071.56, 12.014609
1083.69, 12.017173
1096.12, 12.019657
1108.87, 12.022091
1121.93, 12.024539
1135.31, 12.027216
1149.03, 12.029852
1163.1, 12.032639
1177.51, 12.035135
1192.29, 12.038009
1207.44, 12.040591
1222.96, 12.043823
1238.87, 12.046089
1255.18, 12.049652
1255.23, 12.050942
1255.29, 12.050957
1255.36, 12.050975
1255.42, 12.050994
1255.48, 12.051012
1255.55, 12.051031
1255.62, 12.051051
1255.69, 12.051071
1255.76, 12.051091
1255.83, 12.051111
1255.91, 12.051133
1255.98, 12.051154
1256.06, 12.051176
1256.14, 12.051199
1256.23, 12.051222
1256.31, 12.051245
1256.4, 12.051269
1256.49, 12.051293
1256.58, 12.051318
1256.67, 12.051343
1256.77, 12.051369
1256.87, 12.051395
1256.97, 12.051422
1257.07, 12.051449
1257.18, 12.051477
1257.28, 12.051506
1257.4, 12.051534
1257.51, 12.051564
1257.63, 12.051594
1257.75, 12.051625
1257.87, 12.051656
1257.99, 12.051688
1258.12, 12.051720
1258.26, 12.051753
1258.39, 12.051787
1258.53, 12.051821
1258.67, 12.051856
1258.82, 12.051891
1258.97, 12.051928
1259.12, 12.051964
1259.28, 12.052002
1259.44, 12.052040
1259.61, 12.052079
1259.77, 12.052119
1259.95, 12.052159
1260.13, 12.052200
1260.31, 12.052242
1260.49, 12.052284
1260.69, 12.052327
1260.88, 12.052371
1261.08, 12.052416
1261.29, 12.052462
1261.5, 12.052508
1261.72, 12.052555
1261.94, 12.052604
1262.17, 12.052652
1262.4, 12.052702
1262.64, 12.052753
1262.89, 12.052805
1263.14, 12.052857
1263.39, 12.052910
1263.66, 12.052965
1263.93, 12.053021
1264.21, 12.053077
1264.49, 12.053134
1264.78, 12.053192
1265.08, 12.053252
1265.39, 12.053312
1265.7, 12.053373
1266.02, 12.053436
1266.35, 12.053500
1266.69, 12.053564
1267.04, 12.053631
1267.39, 12.053698
1267.76, 12.053767
1268.13, 12.053837
1268.51, 12.053908
1268.9, 12.053981
1269.3, 12.054056
1269.72, 12.054131
1270.14, 12.054209
1270.57, 12.054288
1271.01, 12.054368
1271.47, 12.054450
1271.93, 12.054534
1272.41, 12.054620
1272.9, 12.054707
1273.4, 12.054797
1273.92, 12.054888
1274.44, 12.054981
1274.98, 12.055076
1275.54, 12.055173
1276.11, 12.055273
1276.69, 12.055374
1277.28, 12.055478
1277.89, 12.055584
1278.52, 12.055693
1279.16, 12.055804
1279.82, 12.055903
1280.5, 12.056005
1281.19, 12.056110
1281.9, 12.056218
1282.62, 12.056329
1283.37, 12.056443
1284.13, 12.056561
1284.91, 12.056683
1285.72, 12.056808
1286.54, 12.056936
1287.38, 12.057068
1288.24, 12.057203
1289.13, 12.057342
1290.04, 12.057485
1290.97, 12.057631
1291.92, 12.057781
1292.9, 12.057935
1293.9, 12.058093
1294.92, 12.058255
1295.98, 12.058427
1297.06, 12.058603
1298.16, 12.058782
1299.29, 12.058947
1300.46, 12.059120
1301.65, 12.059297
1302.87, 12.059479
1304.12, 12.059667
1305.4, 12.059860
1306.71, 12.060059
1308.06, 12.060262
1309.44, 12.060471
1310.86, 12.060686
1312.31, 12.060906
1313.79, 12.061104
1315.32, 12.061308
1316.88, 12.061521
1318.48, 12.061740
1320.12, 12.061966
1321.8, 12.062174
1323.53, 12.062387
1325.3, 12.062609
1327.11, 12.062834
1328.96, 12.063065
1330.87, 12.063295
1332.82, 12.063535
1334.82, 12.063784
1336.87, 12.064043
1338.97, 12.064312
1341.12, 12.064590
1343.33, 12.064879
1345.59, 12.065179
1347.91, 12.065459
1350.29, 12.065700
1352.72, 12.065954
1355.22, 12.066238
1357.78, 12.066547
1360.4, 12.066875
1363.09, 12.067214
1365.85, 12.067566
1368.67, 12.067941
1371.57, 12.068343
1374.54, 12.068761
1377.58, 12.069191
1380.7, 12.069633
1383.9, 12.070148
1387.17, 12.070690
1390.53, 12.071244
1393.97, 12.071810
1397.5, 12.072376
1401.12, 12.072965
1404.83, 12.073565
1408.63, 12.074177
1412.52, 12.074833
1416.51, 12.075503
1420.61, 12.076184
1424.8, 12.076877
1429.1, 12.077567
1433.51, 12.078294
1438.02, 12.079047
1442.65, 12.079830
1447.4, 12.080632
1452.26, 12.081448
1457.25, 12.082218
1462.36, 12.082985
1467.6, 12.083758
1472.96, 12.084559
1478.47, 12.085393
1484.11, 12.086251
1489.89, 12.087136
1495.82, 12.088022
1501.89, 12.088922
1508.12, 12.089833
1514.5, 12.090761
1521.04, 12.091700
1527.75, 12.092667
1534.62, 12.093655
1541.66, 12.094653
1548.88, 12.095642
1556.29, 12.096651
1563.87, 12.097709
1571.65, 12.098799
1579.62, 12.099905
1587.79, 12.101028
1596.16, 12.102018
1604.75, 12.103084
1613.54, 12.104177
1622.56, 12.105353
1631.8, 12.106648
1641.28, 12.107970
1650.99, 12.109294
1660.94, 12.110626
1671.15, 12.111959
1681.6, 12.113251
1692.32, 12.114544
1703.31, 12.115855
1714.57, 12.117131
1726.12, 12.118539
1737.95, 12.119857
1750.07, 12.121108
1762.51, 12.122402
1775.25, 12.123643
1788.31, 12.124912
1801.69, 12.126036
1815.42, 12.127201
1829.48, 12.128341
1843.9, 12.129552
1858.67, 12.130646
1873.82, 12.131688
1889.34, 12.132692
1905.26, 12.133734
1921.57, 12.134857
1938.29, 12.135970
1955.42, 12.137123
1972.99, 12.138333
1990.99, 12.139731
2009.44, 12.141157
2028.36, 12.142463
2047.75, 12.143742
2067.62, 12.144856
2087.99, 12.146253
2108.87, 12.147466
2130.27, 12.149235
2152.21, 12.150444
2174.69, 12.152268
2197.74, 12.153160
2197.79, 12.155494
2197.85, 12.155493
2197.91, 12.155492
2197.97, 12.155491
2198.04, 12.155490
2198.1, 12.155489
2198.17, 12.155488
2198.24, 12.155487
2198.31, 12.155487
2198.38, 12.155486
2198.46, 12.155485
2198.54, 12.155484
2198.61, 12.155484
2198.7, 12.155483
2198.78, 12.155483
2198.86, 12.155482
2198.95, 12.155482
2199.04, 12.155482
2199.13, 12.155481
2199.22, 12.155481
2199.32, 12.155481
2199.42, 12.155481
2199.52, 12.155482
2199.62, 12.155482
2199.73, 12.155482
2199.84, 12.155483
2199.95, 12.155483
2200.06, 12.155484
2200.18, 12.155485
2200.3, 12.155486
2200.42, 12.155487
2200.55, 12.155489
2200.68, 12.155490
2200.81, 12.155492
2200.94, 12.155494
2201.08, 12.155496
2201.22, 12.155498
2201.37, 12.155501
2201.52, 12.155503
2201.67, 12.155506
2201.83, 12.155509
2201.99, 12.155513
2202.16, 12.155517
2202.33, 12.155520
2202.5, 12.155525
2202.68, 12.155529
2202.86, 12.155534
2203.05, 12.155539
2203.24, 12.155545
2203.43, 12.155550
2203.64, 12.155556
2203.84, 12.155563
2204.05, 12.155570
2204.27, 12.155577
2204.49, 12.155585
2204.72, 12.155593
2204.95, 12.155601
2205.19, 12.155610
2205.44, 12.155619
2205.69, 12.155629
2205.95, 12.155639
2206.21, 12.155650
2206.48, 12.155661
2206.76, 12.155673
2207.04, 12.155685
2207.33, 12.155698
2207.63, 12.155712
2207.94, 12.155726
2208.25, 12.155741
2208.57, 12.155756
2208.9, 12.155772
2209.24, 12.155788
2209.59, 12.155805
2209.94, 12.155823
2210.31, 12.155842
2210.68, 12.155861
2211.06, 12.155881
2211.45, 12.155902
2211.86, 12.155923
2212.27, 12.155946
2212.69, 12.155969
2213.12, 12.155993
2213.57, 12.156018
2214.02, 12.156044
2214.49, 12.156070
2214.96, 12.156098
2215.45, 12.156126
2215.95, 12.156149
2216.47, 12.156174
2217, 12.156200
2217.54, 12.156227
2218.09, 12.156255
2218.66, 12.156283
2219.24, 12.156314
2219.84, 12.156345
2220.45, 12.156377
2221.07, 12.156411
2221.72, 12.156446
2222.37, 12.156482
2223.05, 12.156520
2223.74, 12.156559
2224.45, 12.156599
2225.17, 12.156640
2225.92, 12.156683
2226.68, 12.156728
2227.47, 12.156774
2228.27, 12.156821
2229.09, 12.156870
2229.93, 12.156921
2230.8, 12.156973
2231.68, 12.157027
2232.59, 12.157083
2233.52, 12.157140
2234.47, 12.157198
2235.45, 12.157259
2236.45, 12.157321
2237.48, 12.157386
2238.53, 12.157452
2239.61, 12.157520
2240.71, 12.157590
2241.85, 12.157662
2243.01, 12.157736
2244.2, 12.157812
2245.42, 12.157890
2246.67, 12.157970
2247.95, 12.158052
2249.27, 12.158137
2250.61, 12.158224
2251.99, 12.158313
2253.41, 12.158404
2254.86, 12.158499
2256.35, 12.158595
2257.87, 12.158696
2259.43, 12.158801
2261.03, 12.158908
2262.67, 12.159019
2264.36, 12.159133
2266.08, 12.159249
2267.85, 12.159370
2269.66, 12.159493
2271.52, 12.159620
2273.42, 12.159750
2275.37, 12.159883
2277.37, 12.160020
2279.42, 12.160160
2281.52, 12.160304
2283.67, 12.160452
2285.88, 12.160603
2288.14, 12.160758
2290.46, 12.160917
2292.84, 12.161080
2295.27, 12.161247
2297.77, 12.161417
2300.33, 12.161592
2302.96, 12.161778
2305.64, 12.161966
2308.4, 12.162144
2311.23, 12.162332
2314.12, 12.162527
2317.09, 12.162732
2320.13, 12.162945
2323.25, 12.163165
2326.45, 12.163391
2329.73, 12.163623
2333.08, 12.163860
2336.53, 12.164102
2340.05, 12.164349
2343.67, 12.164600
2347.38, 12.164858
2351.18, 12.165121
2355.07, 12.165390
2359.07, 12.165665
2363.16, 12.165945
2367.35, 12.166231
2371.65, 12.166523
2376.06, 12.166822
2380.57, 12.167127
2385.2, 12.167438
2389.95, 12.167756
2394.81, 12.168081
2399.8, 12.168413
2404.91, 12.168751
2410.15, 12.169097
2415.52, 12.169449
2421.02, 12.169809
2426.66, 12.170176
2432.44, 12.170554
2438.37, 12.170964
2444.44, 12.171385
2450.67, 12.171811
2457.05, 12.172240
2463.59, 12.172676
2470.3, 12.173121
2477.17, 12.173573
2484.22, 12.174034
2491.44, 12.174502
2498.84, 12.174980
2506.42, 12.175467
2514.2, 12.175962
2522.17, 12.176467
2530.34, 12.176977
2538.71, 12.177477
2547.3, 12.177873
2556.09, 12.178310
2565.11, 12.178773
2574.36, 12.179256
2583.83, 12.179743
2593.54, 12.180250
2603.49, 12.180801
2613.7, 12.181383
2624.16, 12.181978
2634.87, 12.182583
2645.86, 12.183149
2657.12, 12.183724
2668.67, 12.184335
2680.5, 12.184971
2692.63, 12.185586
2705.06, 12.186039
2717.8, 12.186578
2730.86, 12.187156
2744.25, 12.187739
2757.97, 12.188318
2772.03, 12.188827
2786.45, 12.189378
2801.23, 12.189953
2816.37, 12.190542
2831.9, 12.191142
2847.81, 12.191778
2864.12, 12.192355
2880.84, 12.192831
2897.97, 12.193517
2915.54, 12.194108
2933.54, 12.194846
2952, 12.195479
2970.91, 12.196239
2990.3, 12.196882
3010.17, 12.197690
3030.54, 12.198308
3051.42, 12.199192
3051.47, 12.199725
3051.53, 12.199728
3051.59, 12.199731
3051.66, 12.199734
3051.72, 12.199738
3051.79, 12.199741
3051.85, 12.199745
3051.92, 12.199749
3052, 12.199752
3052.07, 12.199756
3052.14, 12.199760
3052.22, 12.199764
3052.3, 12.199768
3052.38, 12.199772
3052.46, 12.199777
3052.55, 12.199781
3052.63, 12.199785
3052.72, 12.199790
3052.81, 12.199794
3052.91, 12.199799
3053, 12.199804
3053.1, 12.199809
3053.2, 12.199814
3053.31, 12.199819
3053.41, 12.199825
3053.52, 12.199830
3053.63, 12.199835
3053.75, 12.199841
3053.86, 12.199847
3053.98, 12.199853
3054.11, 12.199859
3054.23, 12.199865
3054.36, 12.199871
3054.49, 12.199877
3054.63, 12.199884
3054.77, 12.199890
3054.91, 12.199897
3055.06, 12.199904
3055.2, 12.199911
3055.36, 12.199918
3055.52, 12.199926
3055.68, 12.199933
3055.84, 12.199941
3056.01, 12.199949
3056.18, 12.199957
3056.36, 12.199965
3056.54, 12.199973
3056.73, 12.199982
3056.92, 12.199991
3057.12, 12.200000
3057.32, 12.200009
3057.53, 12.200018
3057.74, 12.200028
3057.95, 12.200037
3058.18, 12.200047
3058.4, 12.200057
3058.64, 12.200068
3058.88, 12.200078
3059.12, 12.200089
3059.37, 12.200100
3059.63, 12.200111
3059.89, 12.200123
3060.17, 12.200134
3060.44, 12.200146
3060.73, 12.200158
3061.02, 12.200171
3061.32, 12.200183
3061.62, 12.200196
3061.94, 12.200209
3062.26, 12.200223
3062.59, 12.200236
3062.93, 12.200251
3063.27, 12.200265
3063.63, 12.200279
3063.99, 12.200294
3064.36, 12.200309
3064.75, 12.200325
3065.14, 12.200341
3065.54, 12.200357
3065.95, 12.200373
3066.37, 12.200390
3066.81, 12.200407
3067.25, 12.200425
3067.7, 12.200443
3068.17, 12.200461
3068.65, 12.200480
3069.14, 12.200499
3069.64, 12.200519
3070.15, 12.200539
3070.68, 12.200559
3071.22, 12.200580
3071.77, 12.200601
3072.34, 12.200623
3072.92, 12.200646
3073.52, 12.200668
3074.13, 12.200692
3074.76, 12.200716
3075.4, 12.200740
3076.06, 12.200765
3076.73, 12.200791
3077.42, 12.200817
3078.13, 12.200843
3078.86, 12.200871
3079.6, 12.200899
3080.37, 12.200927
3081.15, 12.200957
3081.95, 12.200986
3082.77, 12.201017
3083.62, 12.201048
3084.48, 12.201080
3085.37, 12.201113
3086.27, 12.201147
3087.2, 12.201181
3088.16, 12.201216
3089.13, 12.201252
3090.13, 12.201289
3091.16, 12.201327
3092.21, 12.201366
3093.29, 12.201405
3094.4, 12.201444
3095.53, 12.201484
3096.69, 12.201524
3097.88, 12.201566
3099.1, 12.201609
3100.35, 12.201656
3101.64, 12.201703
3102.95, 12.201756
3104.3, 12.201810
3105.68, 12.201866
3107.09, 12.201923
3108.54, 12.201982
3110.03, 12.202042
3111.55, 12.202103
3113.12, 12.202165
3114.72, 12.202229
3116.36, 12.202294
3118.04, 12.202360
3119.76, 12.202428
3121.53, 12.202497
3123.34, 12.202568
3125.2, 12.202640
3127.1, 12.202713
3129.05, 12.202788
3131.05, 12.202865
3133.1, 12.202943
3135.2, 12.203023
3137.36, 12.203105
3139.56, 12.203189
3141.83, 12.203274
3144.15, 12.203361
3146.52, 12.203450
3148.96, 12.203531
3151.46, 12.203608
3154.02, 12.203687
3156.64, 12.203768
3159.33, 12.203851
3162.09, 12.203936
3164.91, 12.204024
3167.81, 12.204114
3170.78, 12.204205
3173.82, 12.204299
3176.94, 12.204396
3180.13, 12.204501
3183.41, 12.204608
3186.77, 12.204718
3190.21, 12.204830
3193.74, 12.204944
3197.36, 12.205061
3201.06, 12.205180
3204.86, 12.205296
3208.76, 12.205405
3212.75, 12.205519
3216.84, 12.205638
3221.04, 12.205763
3225.34, 12.205893
3229.74, 12.206028
3234.26, 12.206168
3238.89, 12.206311
3243.63, 12.206457
3248.5, 12.206607
3253.48, 12.206760
3258.59, 12.206917
3263.83, 12.207084
3269.2, 12.207278
3274.7, 12.207483
3280.34, 12.207692
3286.13, 12.207905
3292.05, 12.208123
3298.13, 12.208343
3304.35, 12.208565
3310.74, 12.208789
3317.28, 12.209015
3323.98, 12.209244
3330.86, 12.209476
3337.9, 12.209710
3345.12, 12.209974
3352.52, 12.210244
3360.11, 12.210522
3367.88, 12.210810
3375.85, 12.211102
3384.02, 12.211396
3392.4, 12.211693
3400.98, 12.211993
3409.78, 12.212297
3418.8, 12.212605
3428.04, 12.212917
3437.51, 12.213232
3447.23, 12.213542
3457.18, 12.213866
3467.38, 12.214190
3477.84, 12.214517
3488.56, 12.214850
3499.55, 12.215187
3510.81, 12.215529
3522.35, 12.215876
3534.18, 12.216200
3546.31, 12.216526
3558.74, 12.216873
3571.48, 12.217211
3584.54, 12.217499
3597.93, 12.217830
3611.65, 12.218163
3625.72, 12.218516
3640.13, 12.218879
3654.91, 12.219246
3670.06, 12.219622
3685.58, 12.220004
3701.49, 12.220367
3717.8, 12.220705
3734.52, 12.221071
3751.66, 12.221246
3769.22, 12.221477
3787.23, 12.221828
3805.68, 12.222145
3824.6, 12.222415
3843.98, 12.222720
3863.86, 12.223042
3884.23, 12.223439
3905.11, 12.223780
3926.51, 12.224187
3948.44, 12.224533
3970.93, 12.225012
3970.98, 12.225333
3971.04, 12.225333
3971.1, 12.225334
3971.16, 12.225335
3971.23, 12.225336
3971.29, 12.225337
3971.36, 12.225337
3971.43, 12.225338
3971.5, 12.225339
3971.57, 12.225340
3971.65, 12.225341
3971.73, 12.225342
3971.8, 12.225343
3971.88, 12.225344
3971.97, 12.225345
3972.05, 12.225346
3972.14, 12.225347
3972.23, 12.225348
3972.32, 12.225349
3972.41, 12.225350
3972.51, 12.225351
3972.61, 12.225353
3972.71, 12.225354
3972.81, 12.225355
3972.92, 12.225356
3973.03, 12.225358
3973.14, 12.225359
3973.25, 12.225361
3973.37, 12.225362
3973.49, 12.225364
3973.61, 12.225365
3973.74, 12.225367
3973.87, 12.225368
3974, 12.225370
3974.13, 12.225372
3974.27, 12.225374
3974.41, 12.225376
3974.56, 12.225377
3974.71, 12.225379
3974.86, 12.225381
3975.02, 12.225383
3975.18, 12.225385
3975.35, 12.225387
3975.52, 12.225390
3975.69, 12.225392
3975.87, 12.225394
3976.05, 12.225397
3976.24, 12.225399
3976.43, 12.225402
3976.62, 12.225404
3976.83, 12.225407
3977.03, 12.225409
3977.24, 12.225412
3977.46, 12.225415
3977.68, 12.225418
3977.91, 12.225421
3978.14, 12.225424
3978.38, 12.225427
3978.63, 12.225431
3978.88, 12.225434
3979.14, 12.225437
3979.4, 12.225441
3979.67, 12.225445
3979.95, 12.225448
3980.23, 12.225452
3980.52, 12.225457
3980.82, 12.225460
3981.13, 12.225465
3981.44, 12.225469
3981.76, 12.225474
3982.09, 12.225478
3982.43, 12.225483
3982.78, 12.225488
3983.13, 12.225493
3983.5, 12.225498
3983.87, 12.225503
3984.25, 12.225509
3984.64, 12.225514
3985.05, 12.225520
3985.46, 12.225526
3985.88, 12.225532
3986.31, 12.225538
3986.76, 12.225545
3987.21, 12.225551
3987.68, 12.225558
3988.15, 12.225565
3988.64, 12.225572
3989.14, 12.225580
3989.66, 12.225587
3990.19, 12.225595
3990.73, 12.225603
3991.28, 12.225612
3991.85, 12.225620
3992.43, 12.225629
3993.03, 12.225638
3993.64, 12.225648
3994.26, 12.225657
3994.9, 12.225667
3995.56, 12.225677
3996.24, 12.225688
3996.93, 12.225698
3997.64, 12.225709
3998.36, 12.225721
3999.11, 12.225733
3999.87, 12.225745
4000.66, 12.225757
4001.46, 12.225770
4002.28, 12.225783
4003.12, 12.225797
4003.99, 12.225810
4004.87, 12.225825
4005.78, 12.225840
4006.71, 12.225855
4007.66, 12.225870
4008.64, 12.225886
4009.64, 12.225903
4010.67, 12.225920
4011.72, 12.225937
4012.8, 12.225955
4013.9, 12.225973
4015.04, 12.225991
4016.2, 12.226010
4017.39, 12.226030
4018.61, 12.226050
4019.86, 12.226070
4021.14, 12.226092
4022.46, 12.226114
4023.8, 12.226136
4025.18, 12.226159
4026.6, 12.226183
4028.05, 12.226207
4029.54, 12.226232
4031.06, 12.226258
4032.62, 12.226285
4034.22, 12.226312
4035.86, 12.226340
4037.55, 12.226369
4039.27, 12.226398
4041.04, 12.226429
4042.85, 12.226460
4044.71, 12.226492
4046.61, 12.226525
4048.56, 12.226558
4050.56, 12.226593
4052.61, 12.226628
4054.71, 12.226664
4056.86, 12.226702
4059.07, 12.226740
4061.33, 12.226779
4063.65, 12.226819
4066.03, 12.226861
4068.46, 12.226897
4070.96, 12.226934
4073.52, 12.226972
4076.15, 12.227011
4078.83, 12.227053
4081.59, 12.227096
4084.42, 12.227142
4087.31, 12.227188
4090.28, 12.227237
4093.32, 12.227287
4096.44, 12.227339
4099.64, 12.227393
4102.92, 12.227448
4106.27, 12.227505
4109.72, 12.227564
4113.24, 12.227624
4116.86, 12.227686
4120.57, 12.227750
4124.37, 12.227816
4128.26, 12.227883
4132.26, 12.227952
4136.35, 12.228023
4140.54, 12.228096
4144.84, 12.228168
4149.25, 12.228241
4153.76, 12.228315
4158.39, 12.228392
4163.14, 12.228472
4168, 12.228553
4172.99, 12.228636
4178.1, 12.228721
4183.34, 12.228809
4188.71, 12.228898
4194.21, 12.228990
4199.85, 12.229083
4205.63, 12.229179
4211.56, 12.229277
4217.63, 12.229377
4223.86, 12.229480
4230.24, 12.229584
4236.78, 12.229691
4243.49, 12.229800
4250.36, 12.229902
4257.41, 12.230040
4264.63, 12.230190
4272.03, 12.230336
4279.61, 12.230478
4287.39, 12.230621
4295.36, 12.230755
4303.53, 12.230888
4311.9, 12.231030
4320.49, 12.231178
4329.28, 12.231329
4338.3, 12.231483
4347.55, 12.231640
4357.02, 12.231790
4366.73, 12.231957
4376.68, 12.232130
4386.89, 12.232273
4397.34, 12.232408
4408.06, 12.232545
4419.05, 12.232684
4430.31, 12.232825
4441.86, 12.232967
4453.69, 12.233102
4465.82, 12.233226
4478.25, 12.233352
4490.99, 12.233474
4504.05, 12.233589
4517.44, 12.233707
4531.16, 12.233829
4545.22, 12.233952
4559.64, 12.234075
4574.42, 12.234148
4589.56, 12.234291
4605.09, 12.234434
4621, 12.234583
4637.31, 12.234741
4654.03, 12.234916
4671.16, 12.235099
4688.73, 12.235288
4706.73, 12.235507
4725.19, 12.235721
4744.1, 12.235965
4763.49, 12.236180
4783.36, 12.236426
4803.73, 12.236770
4824.61, 12.237046
4846.01, 12.237379
4867.95, 12.237640
4890.43, 12.237970
4913.48, 12.238204
4937.1, 12.238559
4937.15, 12.238736
4937.21, 12.238737
4937.27, 12.238738
4937.34, 12.238740
4937.4, 12.238741
4937.47, 12.238743
4937.53, 12.238744
4937.6, 12.238745
4937.67, 12.238746
4937.75, 12.238748
4937.82, 12.238749
4937.9, 12.238751
4937.98, 12.238752
4938.06, 12.238754
4938.14, 12.238755
4938.23, 12.238757
4938.31, 12.238759
4938.4, 12.238760
4938.49, 12.238762
4938.59, 12.238764
4938.68, 12.238766
4938.78, 12.238768
4938.88, 12.238769
4938.99, 12.238771
4939.09, 12.238773
4939.2, 12.238775
4939.31, 12.238777
4939.43, 12.238780
4939.54, 12.238782
4939.66, 12.238784
4939.78, 12.238786
4939.91, 12.238788
4940.04, 12.238791
4940.17, 12.238793
4940.31, 12.238795
4940.45, 12.238798
4940.59, 12.238800
4940.73, 12.238803
4940.88, 12.238805
4941.04, 12.238808
4941.19, 12.238811
4941.36, 12.238813
4941.52, 12.238816
4941.69, 12.238819
4941.86, 12.238822
4942.04, 12.238825
4942.22, 12.238828
4942.41, 12.238831
4942.6, 12.238834
4942.8, 12.238837
4943, 12.238841
4943.21, 12.238844
4943.42, 12.238847
4943.63, 12.238851
4943.86, 12.238854
4944.08, 12.238858
4944.32, 12.238862
4944.56, 12.238866
4944.8, 12.238869
4945.05, 12.238873
4945.31, 12.238877
4945.57, 12.238881
4945.84, 12.238885
4946.12, 12.238889
4946.41, 12.238894
4946.7, 12.238898
4947, 12.238903
4947.3, 12.238907
4947.62, 12.238912
4947.94, 12.238916
4948.27, 12.238921
4948.61, 12.238926
4948.95, 12.238931
4949.31, 12.238936
4949.67, 12.238941
4950.04, 12.238947
4950.43, 12.238952
4950.82, 12.238957
4951.22, 12.238963
4951.63, 12.238968
4952.05, 12.238974
4952.49, 12.238979
4952.93, 12.238985
4953.38, 12.238991
4953.85, 12.238997
4954.33, 12.239003
4954.82, 12.239009
4955.32, 12.239015
4955.83, 12.239022
4956.36, 12.239029
4956.9, 12.239035
4957.45, 12.239042
4958.02, 12.239049
4958.6, 12.239057
4959.2, 12.239064
4959.81, 12.239071
4960.44, 12.239079
4961.08, 12.239087
4961.74, 12.239095
4962.41, 12.239103
4963.1, 12.239111
4963.81, 12.239120
4964.54, 12.239129
4965.28, 12.239137
4966.05, 12.239147
4966.83, 12.239156
4967.63, 12.239165
4968.45, 12.239175
4969.3, 12.239185
4970.16, 12.239195
4971.04, 12.239206
4971.95, 12.239216
4972.88, 12.239227
4973.84, 12.239238
4974.81, 12.239250
4975.81, 12.239260
4976.84, 12.239270
4977.89, 12.239280
4978.97, 12.239291
4980.08, 12.239301
4981.21, 12.239312
4982.37, 12.239324
4983.56, 12.239335
4984.78, 12.239347
4986.03, 12.239359
4987.32, 12.239372
4988.63, 12.239384
4989.98, 12.239398
4991.36, 12.239411
4992.77, 12.239424
4994.22, 12.239439
4995.71, 12.239453
4997.23, 12.239468
4998.8, 12.239483
5000.4, 12.239499
5002.04, 12.239515
5003.72, 12.239531
5005.44, 12.239548
5007.21, 12.239565
5009.02, 12.239583
5010.88, 12.239601
5012.78, 12.239620
5014.73, 12.239639
5016.73, 12.239659
5018.78, 12.239679
5020.88, 12.239700
5023.04, 12.239721
5025.24, 12.239743
5027.51, 12.239765
5029.83, 12.239788
5032.2, 12.239812
5034.64, 12.239836
5037.14, 12.239861
5039.7, 12.239886
5042.32, 12.239912
5045.01, 12.239939
5047.77, 12.239966
5050.59, 12.239994
5053.49, 12.240023
5056.45, 12.240053
5059.5, 12.240083
5062.62, 12.240114
5065.81, 12.240145
5069.09, 12.240178
5072.45, 12.240211
5075.89, 12.240245
5079.42, 12.240280
5083.04, 12.240316
5086.74, 12.240352
5090.54, 12.240390
5094.44, 12.240428
5098.43, 12.240467
5102.52, 12.240507
5106.72, 12.240549
5111.01, 12.240591
5115.42, 12.240634
5119.94, 12.240678
5124.57, 12.240723
5129.31, 12.240769
5134.18, 12.240817
5139.16, 12.240867
5144.27, 12.240919
5149.51, 12.240971
5154.88, 12.241025
5160.38, 12.241080
5166.02, 12.241137
5171.81, 12.241195
5177.73, 12.241254
5183.81, 12.241314
5190.03, 12.241376
5196.42, 12.241439
5202.96, 12.241503
5209.66, 12.241569
5216.54, 12.241637
5223.58, 12.241705
5230.8, 12.241775
5238.2, 12.241847
5245.79, 12.241920
5253.56, 12.241995
5261.53, 12.242071
5269.7, 12.242149
5278.08, 12.242228
5286.66, 12.242309
5295.46, 12.242391
5304.48, 12.242475
5313.72, 12.242561
5323.19, 12.242649
5332.9, 12.242741
5342.86, 12.242833
5353.06, 12.242926
5363.52, 12.243020
5374.24, 12.243115
5385.23, 12.243210
5396.49, 12.243307
5408.03, 12.243406
5419.86, 12.243505
5431.99, 12.243606
5444.42, 12.243709
5457.16, 12.243814
5470.22, 12.243920
5483.61, 12.244029
5497.33, 12.244139
5511.4, 12.244251
5525.81, 12.244365
5540.59, 12.244484
5555.74, 12.244608
5571.26, 12.244732
5587.17, 12.244861
5603.48, 12.244991
5620.2, 12.245125
5637.34, 12.245224
5654.9, 12.245347
5672.91, 12.245459
5691.36, 12.245565
5710.28, 12.245671
5729.66, 12.245780
5749.54, 12.245886
5769.91, 12.246023
5790.79, 12.246161
5812.19, 12.246280
5834.12, 12.246410
5856.61, 12.246526
5879.65, 12.246659
5903.28, 12.246774
5927.49, 12.246914
5952.31, 12.247022
5977.75, 12.247182
5977.8, 12.247266
5977.86, 12.247266
5977.92, 12.247267
5977.98, 12.247268
5978.03, 12.247268
5978.09, 12.247269
5978.15, 12.247269
5978.21, 12.247270
5978.28, 12.247270
5978.33, 12.247271
5978.38, 12.247272
5978.44, 12.247272
5978.5, 12.247273
5978.56, 12.247273
5978.63, 12.247274
5978.69, 12.247274
5978.76, 12.247275
5978.83, 12.247276
5978.9, 12.247276
5978.95, 12.247277
5979.01, 12.247278
5979.07, 12.247278
5979.14, 12.247279
5979.2, 12.247279
5979.27, 12.247280
5979.34, 12.247280
5979.41, 12.247281
5979.48, 12.247282
5979.55, 12.247282
5979.63, 12.247283
5979.7, 12.247284
5979.78, 12.247284
5979.86, 12.247285
5979.94, 12.247286
5980.03, 12.247286
5980.12, 12.247287
5980.21, 12.247288
5980.3, 12.247289
5980.39, 12.247289
5980.49, 12.247290
5980.58, 12.247291
5980.69, 12.247292
5980.79, 12.247293
5980.89, 12.247293
5981, 12.247294
5981.11, 12.247295
5981.23, 12.247296
5981.34, 12.247297
5981.46, 12.247298
5981.59, 12.247299
5981.71, 12.247300
5981.84, 12.247301
5981.97, 12.247302
5982.11, 12.247303
5982.25, 12.247304
5982.39, 12.247305
5982.54, 12.247306
5982.69, 12.247307
5982.84, 12.247308
5983, 12.247310
5983.16, 12.247311
5983.32, 12.247312
5983.49, 12.247313
5983.67, 12.247315
5983.84, 12.247316
5984.03, 12.247317
5984.21, 12.247319
5984.4, 12.247320
5984.6, 12.247321
5984.8, 12.247323
5985.01, 12.247324
5985.22, 12.247326
5985.44, 12.247327
5985.66, 12.247329
5985.89, 12.247330
5986.12, 12.247332
5986.36, 12.247334
5986.6, 12.247335
5986.86, 12.247337
5987.11, 12.247339
5987.38, 12.247341
5987.65, 12.247343
5987.92, 12.247344
5988.21, 12.247346
5988.5, 12.247348
5988.8, 12.247350
5989.11, 12.247352
5989.42, 12.247354
5989.74, 12.247356
5990.07, 12.247359
5990.41, 12.247361
5990.75, 12.247363
5991.11, 12.247365
5991.47, 12.247367
5991.85, 12.247370
5992.23, 12.247372
5992.62, 12.247375
5993.02, 12.247377
5993.43, 12.247380
5993.86, 12.247382
5994.29, 12.247385
5994.73, 12.247388
5995.19, 12.247391
5995.65, 12.247393
5996.13, 12.247396
5996.62, 12.247399
5997.12, 12.247402
5997.64, 12.247405
5998.16, 12.247408
5998.7, 12.247412
5999.26, 12.247415
5999.82, 12.247418
6000.41, 12.247422
6001, 12.247425
6001.61, 12.247429
6002.24, 12.247432
6002.88, 12.247436
6003.54, 12.247440
6004.21, 12.247444
6004.91, 12.247448
6005.62, 12.247452
6006.34, 12.247456
6007.09, 12.247460
6007.85, 12.247465
6008.63, 12.247469
6009.43, 12.247474
6010.26, 12.247479
6011.1, 12.247483
6011.96, 12.247488
6012.85, 12.247493
6013.75, 12.247498
6014.68, 12.247504
6015.64, 12.247509
6016.62, 12.247515
6017.62, 12.247520
6018.64, 12.247526
6019.7, 12.247532
6020.77, 12.247538
6021.88, 12.247544
6023.01, 12.247550
6024.17, 12.247557
6025.36, 12.247564
6026.59, 12.247570
6027.84, 12.247578
6029.12, 12.247585
6030.43, 12.247592
6031.78, 12.247600
6033.16, 12.247607
6034.57, 12.247615
6036.03, 12.247623
6037.51, 12.247632
6039.04, 12.247640
6040.6, 12.247649
6042.2, 12.247658
6043.84, 12.247667
6045.52, 12.247676
6047.25, 12.247686
6049.01, 12.247695
6050.83, 12.247706
6052.68, 12.247716
6054.59, 12.247726
6056.54, 12.247737
6058.54, 12.247748
6060.59, 12.247759
6062.69, 12.247771
6064.84, 12.247783
6067.05, 12.247795
6069.31, 12.247807
6071.63, 12.247820
6074.01, 12.247833
6076.44, 12.247846
6078.94, 12.247860
6081.5, 12.247874
6084.12, 12.247888
6086.81, 12.247903
6089.57, 12.247917
6092.39, 12.247921
6095.29, 12.247925
6098.26, 12.247934
6101.3, 12.247942
6104.42, 12.247952
6107.62, 12.247961
6110.89, 12.247971
6114.25, 12.247981
6117.69, 12.247991
6121.22, 12.248001
6124.84, 12.248011
6128.55, 12.248022
6132.35, 12.248033
6136.24, 12.248044
6140.23, 12.248056
6144.32, 12.248067
6148.52, 12.248080
6152.82, 12.248092
6157.22, 12.248105
6161.74, 12.248118
6166.37, 12.248132
6171.12, 12.248147
6175.98, 12.248161
6180.97, 12.248176
6186.08, 12.248192
6191.31, 12.248208
6196.68, 12.248225
6202.19, 12.248241
6207.83, 12.248258
6213.61, 12.248279
6219.54, 12.248301
6225.61, 12.248324
6231.84, 12.248346
6238.22, 12.248369
6244.76, 12.248392
6251.47, 12.248416
6258.34, 12.248441
6265.38, 12.248466
6272.6, 12.248492
6280, 12.248518
6287.59, 12.248546
6295.37, 12.248573
6303.34, 12.248602
6311.51, 12.248631
6319.88, 12.248660
6328.46, 12.248690
6337.26, 12.248720
6346.28, 12.248750
6355.52, 12.248781
6365, 12.248812
6374.71, 12.248844
6384.66, 12.248876
6394.86, 12.248908
6405.32, 12.248940
6416.04, 12.248973
6427.03, 12.249006
6438.29, 12.249040
6449.83, 12.249074
6461.67, 12.249108
6473.79, 12.249144
6486.22, 12.249179
6498.97, 12.249215
6512.03, 12.249251
6525.41, 12.249288
6539.13, 12.249325
6553.2, 12.249363
6567.62, 12.249402
6582.39, 12.249441
6597.54, 12.249410
6613.06, 12.249416
6628.98, 12.249412
6645.29, 12.249413
6662, 12.249411
6679.14, 12.249420
6696.71, 12.249433
6714.71, 12.249449
6733.16, 12.249465
6752.08, 12.249484
6771.47, 12.249505
6791.34, 12.249508
6811.71, 12.249491
6832.59, 12.249514
6853.99, 12.249536
6875.92, 12.249560
6898.41, 12.249591
6921.46, 12.249625
6945.08, 12.249661
6969.29, 12.249702
6994.11, 12.249739
7019.55, 12.249785
7019.6, 12.249820
7019.66, 12.249820
7019.72, 12.249820
7019.78, 12.249820
7019.85, 12.249820
7019.9, 12.249821
7019.96, 12.249821
7020.02, 12.249821
7020.08, 12.249821
7020.13, 12.249821
7020.19, 12.249821
7020.25, 12.249822
7020.3, 12.249822
7020.36, 12.249822
7020.42, 12.249822
7020.49, 12.249822
7020.55, 12.249822
7020.62, 12.249823
7020.67, 12.249823
7020.73, 12.249823
7020.79, 12.249823
7020.85, 12.249823
7020.92, 12.249823
7020.97, 12.249824
7021.03, 12.249824
7021.08, 12.249824
7021.14, 12.249824
7021.19, 12.249824
7021.25, 12.249824
7021.3, 12.249825
7021.36, 12.249825
7021.42, 12.249825
7021.48, 12.249825
7021.55, 12.249825
7021.6, 12.249825
7021.66, 12.249826
7021.72, 12.249826
7021.77, 12.249826
7021.83, 12.249826
7021.89, 12.249826
7021.94, 12.249826
7022, 12.249827
7022.06, 12.249827
7022.12, 12.249827
7022.19, 12.249827
7022.24, 12.249827
7022.3, 12.249827
7022.36, 12.249828
7022.42, 12.249828
7022.49, 12.249828
7022.55, 12.249828
7022.62, 12.249828
7022.69, 12.249828
7022.74, 12.249829
7022.8, 12.249829
7022.85, 12.249829
7022.91, 12.249829
7022.97, 12.249829
7023.04, 12.249829
7023.09, 12.249829
7023.15, 12.249830
7023.2, 12.249830
7023.26, 12.249830
7023.31, 12.249830
7023.37, 12.249830
7023.42, 12.249830
7023.48, 12.249831
7023.54, 12.249831
7023.6, 12.249831
7023.67, 12.249831
7023.73, 12.249831
7023.78, 12.249831
7023.84, 12.249832
7023.9, 12.249832
7023.95, 12.249832
7024.01, 12.249832
7024.06, 12.249832
7024.12, 12.249832
7024.18, 12.249833
7024.25, 12.249833
7024.31, 12.249833
7024.38, 12.249833
7024.45, 12.249833
7024.52, 12.249833
7024.59, 12.249834
7024.66, 12.249834
7024.74, 12.249834
7024.81, 12.249834
7024.89, 12.249834
7024.97, 12.249834
7025.05, 12.249835
7025.14, 12.249835
7025.23, 12.249835
7025.32, 12.249835
7025.41, 12.249835
7025.5, 12.249835
7025.55, 12.249836
7025.61, 12.249836
7025.66, 12.249836
7025.72, 12.249836
7025.77, 12.249836
7025.83, 12.249836
7025.89, 12.249837
7025.95, 12.249837
7026.02, 12.249837
7026.07, 12.249837
7026.13, 12.249837
7026.19, 12.249837
7026.25, 12.249837
7026.32, 12.249838
7026.37, 12.249838
7026.43, 12.249838
7026.49, 12.249838
7026.54, 12.249838
7026.6, 12.249838
7026.66, 12.249838
7026.72, 12.249839
7026.79, 12.249839
7026.86, 12.249839
7026.91, 12.249839
7026.97, 12.249839
7027.03, 12.249839
7027.09, 12.249840
7027.14, 12.249840
7027.2, 12.249840
7027.25, 12.249840
7027.31, 12.249840
7027.37, 12.249840
7027.43, 12.249840
7027.48, 12.249841
7027.54, 12.249841
7027.59, 12.249841
7027.65, 12.249841
7027.7, 12.249841
7027.76, 12.249841
7027.83, 12.249841
7027.88, 12.249841
7027.94, 12.249842
7028, 12.249842
7028.06, 12.249842
7028.11, 12.249842
7028.17, 12.249842
7028.22, 12.249842
7028.28, 12.249843
7028.34, 12.249843
7028.4, 12.249843
7028.47, 12.249843
7028.52, 12.249843
7028.58, 12.249843
7028.64, 12.249843
7028.69, 12.249844
7028.75, 12.249843
7028.81, 12.249844
7028.88, 12.249844
7028.93, 12.249844
7028.99, 12.249844
7029.05, 12.249844
7029.1, 12.249845
7029.16, 12.249845
7029.22, 12.249845
7029.28, 12.249845
7029.35, 12.249845
7029.41, 12.249845
7029.46, 12.249845
7029.52, 12.249845
7029.58, 12.249846
7029.65, 12.249846
7029.7, 12.249846
7029.76, 12.249846
7029.82, 12.249846
7029.88, 12.249846
7029.95, 12.249846
7030, 12.249847
7030.06, 12.249847
7030.11, 12.249847
7030.17, 12.249847
7030.23, 12.249847
7030.29, 12.249847
7030.36, 12.249847
7030.41, 12.249847
7030.47, 12.249848
7030.53, 12.249848
7030.59, 12.249848
7030.65, 12.249848
7030.72, 12.249848
7030.79, 12.249848
7030.86, 12.249849
7030.91, 12.249849
7030.97, 12.249849
7031.03, 12.249849
7031.08, 12.249849
7031.14, 12.249849
7031.19, 12.249849
7031.25, 12.249849
7031.3, 12.249850
7031.36, 12.249850
7031.41, 12.249850
7031.47, 12.249850
7031.52, 12.249850
7031.57, 12.249851
7031.63, 12.249851
7031.69, 12.249851
7031.75, 12.249851
7031.82, 12.249851
7031.89, 12.249851
7031.94, 12.249851
7032, 12.249851
7032.06, 12.249852
7032.12, 12.249852
7032.17, 12.249852
7032.23, 12.249852
7032.28, 12.249852
7032.33, 12.249852
7032.39, 12.249852
7032.45, 12.249852
7032.51, 12.249853
7032.58, 12.249853
7032.64, 12.249853
7032.71, 12.249853
7032.78, 12.249853
7032.83, 12.249853
7032.89, 12.249853
7032.95, 12.249853
7033.02, 12.249854
7033.08, 12.249854
7033.15, 12.249854
7033.22, 12.249854
7033.29, 12.249854
7033.34, 12.249854
7033.4, 12.249854
7033.45, 12.249855
7033.51, 12.249855
7033.56, 12.249855
7033.62, 12.249855
7033.67, 12.249855
7033.73, 12.249855
7033.78, 12.249855
7033.84, 12.249856
7033.9, 12.249856
7033.95, 12.249856
7034.01, 12.249856
7034.07, 12.249856
7034.13, 12.249856
7034.18, 12.249857
7034.24, 12.249856
7034.3, 12.249857
7034.37, 12.249857
7034.43, 12.249857
7034.5, 12.249857
7034.55, 12.249857
7034.61, 12.249857
7034.66, 12.249857
7034.72, 12.249858
7034.77, 12.249858
7034.83, 12.249858
7034.89, 12.249858
7034.95, 12.249858
7035.02, 12.249858
7035.08, 12.249858
7035.15, 12.249859
7035.22, 12.249859
7035.27, 12.249859
7035.33, 12.249859
7035.38, 12.249859
7035.44, 12.249859
7035.49, 12.249859
7035.55, 12.249859
7035.61, 12.249860
7035.67, 12.249860
7035.74, 12.249860
7035.79, 12.249860
7035.85, 12.249860
7035.9, 12.249860
7035.96, 12.249860
7036.02, 12.249860
7036.07, 12.249861
7036.13, 12.249861
7036.19, 12.249861
7036.25, 12.249861
7036.3, 12.249861
7036.36, 12.249861
7036.41, 12.249861
7036.47, 12.249861
7036.54, 12.249862
7036.59, 12.249862
7036.65, 12.249862
7036.71, 12.249862
7036.76, 12.249862
7036.82, 12.249862
7036.87, 12.249863
7036.93, 12.249863
7036.99, 12.249863
7037.05, 12.249863
7037.12, 12.249863
7037.18, 12.249863
7037.23, 12.249863
7037.29, 12.249863
7037.35, 12.249863
7037.42, 12.249863
7037.48, 12.249864
7037.53, 12.249864
7037.59, 12.249864
7037.65, 12.249864
7037.72, 12.249864
7037.78, 12.249864
7037.85, 12.249864
7037.92, 12.249864
7037.99, 12.249865
7038.06, 12.249865
7038.13, 12.249865
7038.2, 12.249865
7038.28, 12.249865
7038.36, 12.249865
7038.44, 12.249865
7038.49, 12.249865
7038.55, 12.249865
7038.61, 12.249866
7038.66, 12.249866
7038.72, 12.249866
7038.78, 12.249866
7038.85, 12.249866
7038.91, 12.249866
7038.96, 12.249866
7039.02, 12.249867
7039.08, 12.249867
7039.13, 12.249867
7039.19, 12.249867
7039.25, 12.249867
7039.32, 12.249867
7039.37, 12.249867
7039.43, 12.249867
7039.49, 12.249868
7039.54, 12.249868
7039.6, 12.249868
7039.66, 12.249868
7039.71, 12.249868
7039.77, 12.249868
7039.82, 12.249868
7039.88, 12.249868
7039.94, 12.249869
7040, 12.249869
7040.05, 12.249869
7040.11, 12.249869
7040.16, 12.249869
7040.22, 12.249869
7040.29, 12.249869
7040.34, 12.249869
7040.4, 12.249869
7040.46, 12.249869
7040.52, 12.249869
7040.57, 12.249869
7040.63, 12.249869
7040.68, 12.249869
7040.74, 12.249869
7040.8, 12.249869
7040.85, 12.249869
7040.91, 12.249869
7040.97, 12.249869
7041.04, 12.249869
7041.1, 12.249869
7041.17, 12.249869
7041.24, 12.249869
7041.31, 12.249869
7041.36, 12.249869
7041.42, 12.249869
7041.48, 12.249869
7041.53, 12.249869
7041.59, 12.249869
7041.65, 12.249869
7041.71, 12.249870
7041.78, 12.249869
7041.84, 12.249869
7041.91, 12.249869
7041.98, 12.249870
7042.05, 12.249870
7042.1, 12.249869
7042.16, 12.249869
7042.22, 12.249870
7042.29, 12.249870
7042.35, 12.249870
7042.4, 12.249870
7042.46, 12.249870
7042.51, 12.249870
7042.57, 12.249870
7042.62, 12.249870
7042.68, 12.249870
7042.74, 12.249870
7042.8, 12.249870
7042.85, 12.249870
7042.91, 12.249870
7042.98, 12.249870
7043.04, 12.249870
7043.1, 12.249870
7043.17, 12.249870
7043.22, 12.249870
7043.28, 12.249870
7043.34, 12.249870
7043.39, 12.249870
7043.45, 12.249870
7043.5, 12.249870
7043.55, 12.249870
7043.61, 12.249870
7043.66, 12.249871
7043.72, 12.249871
7043.78, 12.249871
7043.85, 12.249871
7043.9, 12.249871
7043.96, 12.249871
7044.02, 12.249871
7044.08, 12.249871
7044.15, 12.249871
7044.21, 12.249871
7044.28, 12.249871
7044.33, 12.249871
7044.39, 12.249871
7044.45, 12.249871
7044.51, 12.249871
7044.58, 12.249871
7044.64, 12.249871
7044.69, 12.249871
7044.75, 12.249871
7044.82, 12.249871
7044.87, 12.249871
7044.93, 12.249871
7044.98, 12.249871
7045.04, 12.249871
7045.1, 12.249871
7045.16, 12.249871
7045.23, 12.249871
7045.29, 12.249871
7045.36, 12.249871
7045.43, 12.249872
7045.5, 12.249871
7045.55, 12.249871
7045.61, 12.249871
7045.67, 12.249872
7045.72, 12.249872
7045.78, 12.249872
7045.84, 12.249872
7045.91, 12.249872
7045.96, 12.249872
7046.02, 12.249872
7046.08, 12.249872
7046.13, 12.249872
7046.19, 12.249872
7046.25, 12.249872
7046.31, 12.249872
7046.38, 12.249872
7046.44, 12.249872
7046.51, 12.249872
7046.58, 12.249872
7046.63, 12.249872
7046.69, 12.249872
7046.75, 12.249872
7046.8, 12.249872
7046.86, 12.249872
7046.92, 12.249872
7046.97, 12.249873
7047.03, 12.249873
7047.08, 12.249873
7047.14, 12.249873
7047.21, 12.249873
7047.26, 12.249873
7047.32, 12.249873
7047.38, 12.249873
7047.44, 12.249873
7047.5, 12.249873
7047.57, 12.249873
7047.62, 12.249873
7047.68, 12.249873
7047.74, 12.249873
7047.79, 12.249873
7047.85, 12.249873
7047.91, 12.249873
7047.98, 12.249873
7048.03, 12.249873
7048.09, 12.249873
7048.15, 12.249874
7048.21, 12.249874
7048.26, 12.249873
7048.32, 12.249873
7048.37, 12.249874
7048.43, 12.249874
7048.49, 12.249874
7048.54, 12.249874
7048.6, 12.249874
7048.66, 12.249874
7048.73, 12.249874
7048.78, 12.249874
7048.84, 12.249874
7048.9, 12.249874
7048.96, 12.249874
7049.03, 12.249874
7049.08, 12.249874
7049.14, 12.249874
7049.19, 12.249874
7049.25, 12.249874
7049.3, 12.249874
7049.36, 12.249875
7049.41, 12.249875
7049.47, 12.249875
7049.53, 12.249875
7049.59, 12.249875
7049.64, 12.249875
7049.7, 12.249875
7049.75, 12.249875
7049.81, 12.249875
7049.86, 12.249875
7049.92, 12.249875
7049.98, 12.249875
7050.05, 12.249875
7050.11, 12.249875
7050.18, 12.249875
7050.24, 12.249875
7050.31, 12.249875
7050.39, 12.249875
7050.46, 12.249875
7050.53, 12.249875
7050.61, 12.249875
7050.69, 12.249875
7050.77, 12.249875
7050.85, 12.249875
7050.94, 12.249876
7051.02, 12.249876
7051.11, 12.249876
7051.2, 12.249875
7051.3, 12.249875
7051.35, 12.249876
7051.41, 12.249876
7051.47, 12.249876
7051.53, 12.249876
7051.6, 12.249876
7051.66, 12.249876
7051.73, 12.249876
7051.78, 12.249876
7051.84, 12.249876
7051.9, 12.249876
7051.97, 12.249876
7052.03, 12.249876
7052.08, 12.249876
7052.14, 12.249876
7052.2, 12.249876
7052.25, 12.249876
7052.31, 12.249876
7052.37, 12.249876
7052.44, 12.249876
7052.49, 12.249876
7052.55, 12.249876
7052.61, 12.249877
7052.66, 12.249877
7052.72, 12.249876
7052.78, 12.249877
7052.84, 12.249877
7052.89, 12.249877
7052.95, 12.249877
7053.01, 12.249877
7053.06, 12.249877
7053.12, 12.249877
7053.17, 12.249877
7053.23, 12.249877
7053.3, 12.249877
7053.36, 12.249877
7053.41, 12.249877
7053.47, 12.249877
7053.52, 12.249877
7053.58, 12.249877
7053.63, 12.249877
7053.69, 12.249878
7053.75, 12.249878
7053.8, 12.249878
7053.86, 12.249878
7053.92, 12.249878
7053.98, 12.249878
7054.03, 12.249878
7054.09, 12.249878
7054.16, 12.249878
7054.22, 12.249878
7054.28, 12.249878
7054.35, 12.249878
7054.42, 12.249878
7054.49, 12.249878
7054.56, 12.249878
7054.63, 12.249878
7054.71, 12.249878
7054.78, 12.249878
7054.86, 12.249878
7054.94, 12.249878
7055.03, 12.249878
7055.11, 12.249878
7055.16, 12.249878
7055.22, 12.249878
7055.28, 12.249879
7055.33, 12.249879
7055.39, 12.249879
7055.45, 12.249879
7055.52, 12.249879
7055.58, 12.249879
7055.65, 12.249879
7055.7, 12.249879
7055.76, 12.249879
7055.82, 12.249879
7055.88, 12.249879
7055.95, 12.249879
7056.01, 12.249879
7056.06, 12.249879
7056.12, 12.249879
7056.18, 12.249879
7056.25, 12.249879
7056.31, 12.249879
7056.38, 12.249879
7056.45, 12.249879
7056.5, 12.249879
7056.56, 12.249880
7056.61, 12.249880
7056.67, 12.249880
7056.73, 12.249880
7056.79, 12.249880
7056.84, 12.249880
7056.9, 12.249880
7056.96, 12.249880
7057.02, 12.249880
7057.07, 12.249880
7057.13, 12.249880
7057.2, 12.249880
7057.25, 12.249880
7057.31, 12.249880
7057.37, 12.249880
7057.43, 12.249881
7057.48, 12.249881
7057.54, 12.249881
7057.6, 12.249881
7057.65, 12.249881
7057.71, 12.249881
7057.77, 12.249881
7057.84, 12.249881
7057.9, 12.249881
7057.97, 12.249881
7058.04, 12.249881
7058.09, 12.249881
7058.15, 12.249881
7058.21, 12.249881
7058.26, 12.249881
7058.32, 12.249881
7058.37, 12.249881
7058.43, 12.249881
7058.48, 12.249882
7058.54, 12.249882
7058.6, 12.249882
7058.65, 12.249882
7058.71, 12.249882
7058.76, 12.249882
7058.82, 12.249882
7058.87, 12.249882
7058.93, 12.249882
7058.98, 12.249882
7059.04, 12.249882
7059.09, 12.249883
7059.15, 12.249883
7059.2, 12.249883
7059.26, 12.249883
7059.31, 12.249883
7059.37, 12.249883
7059.43, 12.249883
7059.49, 12.249883
7059.56, 12.249883
7059.62, 12.249883
7059.69, 12.249883
7059.76, 12.249883
7059.83, 12.249883
7059.91, 12.249883
7059.98, 12.249883
7060.06, 12.249883
7060.14, 12.249883
7060.22, 12.249883
7060.3, 12.249883
7060.38, 12.249884
7060.47, 12.249884
7060.56, 12.249884
7060.65, 12.249884
7060.75, 12.249884
7060.84, 12.249884
7060.94, 12.249884
7060.99, 12.249884
7061.05, 12.249884
7061.11, 12.249884
7061.16, 12.249884
7061.22, 12.249884
7061.27, 12.249884
7061.33, 12.249884
7061.39, 12.249884
7061.44, 12.249884
7061.5, 12.249885
7061.56, 12.249885
7061.63, 12.249885
7061.68, 12.249885
7061.74, 12.249885
7061.8, 12.249885
7061.86, 12.249885
7061.93, 12.249885
7061.99, 12.249885
7062.06, 12.249885
7062.13, 12.249885
7062.2, 12.249885
7062.25, 12.249885
7062.31, 12.249885
7062.37, 12.249885
7062.42, 12.249885
7062.48, 12.249885
7062.53, 12.249885
7062.59, 12.249885
7062.65, 12.249885
7062.72, 12.249886
7062.78, 12.249885
7062.85, 12.249885
7062.92, 12.249885
7062.99, 12.249886
7063.06, 12.249886
7063.13, 12.249886
7063.2, 12.249886
7063.28, 12.249886
7063.36, 12.249886
7063.44, 12.249886
7063.49, 12.249886
7063.55, 12.249886
7063.61, 12.249886
7063.68, 12.249886
7063.74, 12.249886
7063.79, 12.249886
7063.85, 12.249886
7063.91, 12.249886
7063.97, 12.249886
7064.02, 12.249886
7064.08, 12.249886
7064.15, 12.249887
7064.2, 12.249887
7064.26, 12.249887
7064.32, 12.249887
7064.37, 12.249887
7064.43, 12.249887
7064.48, 12.249887
7064.54, 12.249887
7064.59, 12.249887
7064.65, 12.249887
7064.71, 12.249887
7064.77, 12.249887
7064.84, 12.249887
7064.9, 12.249887
7064.95, 12.249887
7065.01, 12.249887
7065.07, 12.249888
7065.12, 12.249888
7065.18, 12.249888
7065.25, 12.249888
7065.31, 12.249888
7065.37, 12.249888
7065.42, 12.249888
7065.48, 12.249888
7065.55, 12.249888
7065.61, 12.249888
7065.67, 12.249888
7065.74, 12.249888
7065.81, 12.249888
7065.88, 12.249888
7065.93, 12.249888
7065.99, 12.249888
7066.05, 12.249888
7066.11, 12.249888
7066.18, 12.249888
7066.24, 12.249888
7066.29, 12.249889
7066.35, 12.249889
7066.41, 12.249889
7066.48, 12.249889
7066.54, 12.249889
7066.61, 12.249889
7066.66, 12.249889
7066.72, 12.249889
7066.78, 12.249889
7066.84, 12.249889
7066.89, 12.249889
7066.95, 12.249889
7067.01, 12.249889
7067.08, 12.249889
7067.14, 12.249889
7067.19, 12.249889
7067.25, 12.249890
7067.31, 12.249890
7067.36, 12.249890
7067.42, 12.249890
7067.48, 12.249890
7067.55, 12.249890
7067.61, 12.249890
7067.68, 12.249890
7067.73, 12.249890
7067.79, 12.249890
7067.85, 12.249890
7067.91, 12.249890
7067.96, 12.249890
7068.02, 12.249890
7068.08, 12.249890
7068.15, 12.249890
7068.21, 12.249890
7068.26, 12.249891
7068.32, 12.249891
7068.38, 12.249891
7068.45, 12.249891
7068.5, 12.249891
7068.56, 12.249891
7068.62, 12.249891
7068.68, 12.249891
7068.73, 12.249891
7068.79, 12.249891
7068.85, 12.249891
7068.92, 12.249891
7068.97, 12.249891
7069.03, 12.249891
7069.09, 12.249891
7069.15, 12.249892
7069.2, 12.249892
7069.26, 12.249892
7069.32, 12.249892
7069.38, 12.249892
7069.45, 12.249892
7069.52, 12.249892
7069.58, 12.249892
7069.65, 12.249892
7069.72, 12.249892
7069.8, 12.249892
7069.87, 12.249892
7069.95, 12.249892
7070.03, 12.249892
7070.11, 12.249892
7070.19, 12.249892
7070.28, 12.249892
7070.36, 12.249892
7070.45, 12.249892
7070.54, 12.249892
7070.64, 12.249892
7070.69, 12.249893
7070.75, 12.249893
7070.8, 12.249893
7070.86, 12.249893
7070.92, 12.249893
7070.97, 12.249893
7071.03, 12.249893
7071.09, 12.249893
7071.14, 12.249893
7071.2, 12.249893
7071.26, 12.249893
7071.32, 12.249893
7071.37, 12.249893
7071.43, 12.249893
7071.5, 12.249893
7071.55, 12.249894
7071.61, 12.249893
7071.66, 12.249894
7071.72, 12.249894
7071.78, 12.249894
7071.84, 12.249894
7071.89, 12.249894
7071.95, 12.249894
7072.01, 12.249894
7072.07, 12.249894
7072.12, 12.249894
7072.18, 12.249894
7072.25, 12.249894
7072.3, 12.249894
7072.36, 12.249894
7072.42, 12.249894
7072.47, 12.249895
7072.53, 12.249895
7072.59, 12.249895
7072.64, 12.249895
7072.7, 12.249895
7072.75, 12.249895
7072.81, 12.249895
7072.87, 12.249895
7072.93, 12.249895
7073, 12.249895
7073.06, 12.249895
7073.11, 12.249895
7073.17, 12.249895
7073.24, 12.249895
7073.3, 12.249895
7073.36, 12.249895
7073.43, 12.249895
7073.48, 12.249895
7073.54, 12.249896
7073.6, 12.249896
7073.66, 12.249895
7073.73, 12.249896
7073.8, 12.249896
7073.86, 12.249896
7073.93, 12.249896
7074, 12.249896
7074.05, 12.249896
7074.11, 12.249896
7074.16, 12.249896
7074.22, 12.249896
7074.29, 12.249896
7074.35, 12.249896
7074.4, 12.249896
7074.45, 12.249896
7074.51, 12.249896
7074.57, 12.249896
7074.63, 12.249896
7074.7, 12.249897
7074.75, 12.249897
7074.81, 12.249897
7074.87, 12.249897
7074.93, 12.249897
7075, 12.249897
7075.06, 12.249897
7075.11, 12.249897
7075.17, 12.249897
7075.23, 12.249897
7075.28, 12.249897
7075.33, 12.249897
7075.39, 12.249897
7075.46, 12.249897
7075.52, 12.249897
7075.58, 12.249897
7075.65, 12.249898
7075.72, 12.249898
7075.79, 12.249897
7075.86, 12.249898
7075.91, 12.249898
7075.97, 12.249898
7076.03, 12.249898
7076.08, 12.249898
7076.14, 12.249898
7076.2, 12.249898
7076.27, 12.249898
7076.33, 12.249898
7076.4, 12.249898
7076.46, 12.249898
7076.53, 12.249898
7076.6, 12.249898
7076.68, 12.249898
7076.73, 12.249898
7076.79, 12.249898
7076.85, 12.249898
7076.91, 12.249899
7076.98, 12.249899
7077.03, 12.249899
7077.08, 12.249898
7077.14, 12.249898
7077.2, 12.249899
7077.25, 12.249899
7077.3, 12.249899
7077.36, 12.249899
7077.42, 12.249899
7077.48, 12.249899
7077.55, 12.249899
7077.61, 12.249899
7077.68, 12.249899
7077.75, 12.249899
7077.8, 12.249899
7077.86, 12.249899
7077.92, 12.249899
7077.99, 12.249899
7078.05, 12.249900
7078.12, 12.249900
7078.18, 12.249900
7078.25, 12.249900
7078.3, 12.249900
7078.36, 12.249900
7078.41, 12.249900
7078.47, 12.249900
7078.54, 12.249900
7078.59, 12.249900
7078.65, 12.249900
7078.71, 12.249900
7078.77, 12.249900
7078.83, 12.249900
7078.9, 12.249900
7078.95, 12.249900
7079.01, 12.249900
7079.07, 12.249900
7079.12, 12.249900
7079.18, 12.249900
7079.24, 12.249901
7079.29, 12.249901
7079.35, 12.249901
7079.4, 12.249901
7079.46, 12.249901
7079.53, 12.249901
7079.59, 12.249901
7079.65, 12.249901
7079.72, 12.249901
7079.79, 12.249901
7079.86, 12.249901
7079.93, 12.249901
7080, 12.249901
7080.05, 12.249901
7080.11, 12.249901
7080.16, 12.249901
7080.22, 12.249901
7080.28, 12.249902
7080.33, 12.249902
7080.38, 12.249902
7080.44, 12.249902
7080.5, 12.249902
7080.57, 12.249902
7080.62, 12.249902
7080.68, 12.249902
7080.74, 12.249902
7080.8, 12.249902
7080.85, 12.249902
7080.91, 12.249902
7080.97, 12.249902
7081.04, 12.249902
7081.1, 12.249902
7081.17, 12.249902
7081.24, 12.249902
7081.29, 12.249903
7081.35, 12.249903
7081.4, 12.249903
7081.46, 12.249903
7081.52, 12.249903
7081.57, 12.249903
7081.63, 12.249903
7081.69, 12.249903
7081.74, 12.249903
7081.8, 12.249903
7081.85, 12.249903
7081.91, 12.249903
7081.97, 12.249903
7082.03, 12.249903
7082.1, 12.249903
7082.16, 12.249903
7082.21, 12.249903
7082.27, 12.249903
7082.32, 12.249904
7082.38, 12.249904
7082.44, 12.249904
7082.51, 12.249904
7082.57, 12.249904
7082.64, 12.249904
7082.71, 12.249904
7082.78, 12.249904
7082.85, 12.249904
7082.92, 12.249904
7083, 12.249904
7083.07, 12.249904
7083.15, 12.249904
7083.23, 12.249904
7083.28, 12.249904
7083.34, 12.249904
7083.4, 12.249904
7083.47, 12.249905
7083.53, 12.249905
7083.58, 12.249905
7083.64, 12.249905
7083.69, 12.249905
7083.75, 12.249905
7083.81, 12.249905
7083.86, 12.249905
7083.92, 12.249905
7083.98, 12.249905
7084.03, 12.249905
7084.09, 12.249905
7084.16, 12.249905
7084.22, 12.249905
7084.27, 12.249905
7084.33, 12.249905
7084.39, 12.249905
7084.44, 12.249906
7084.5, 12.249905
7084.55, 12.249906
7084.61, 12.249906
7084.67, 12.249906
7084.73, 12.249906
7084.78, 12.249906
7084.84, 12.249906
7084.89, 12.249906
7084.95, 12.249906
7085.02, 12.249906
7085.07, 12.249906
7085.12, 12.249906
7085.18, 12.249906
7085.24, 12.249906
7085.3, 12.249906
7085.37, 12.249906
7085.43, 12.249906
7085.48, 12.249906
7085.54, 12.249906
7085.6, 12.249906
7085.67, 12.249907
7085.73, 12.249907
7085.8, 12.249907
7085.85, 12.249907
7085.91, 12.249907
7085.96, 12.249907
7086.02, 12.249907
7086.08, 12.249907
7086.14, 12.249907
7086.21, 12.249907
7086.27, 12.249907
7086.34, 12.249907
7086.41, 12.249907
7086.48, 12.249907
7086.55, 12.249907
7086.63, 12.249907
7086.71, 12.249907
7086.78, 12.249907
7086.87, 12.249908
7086.95, 12.249908
7087.03, 12.249908
7087.12, 12.249908
7087.17, 12.249908
7087.23, 12.249908
7087.29, 12.249908
7087.34, 12.249908
7087.4, 12.249908
7087.45, 12.249908
7087.51, 12.249908
7087.57, 12.249908
7087.62, 12.249908
7087.68, 12.249908
7087.74, 12.249908
7087.81, 12.249909
7087.87, 12.249909
7087.94, 12.249909
7088.01, 12.249908
7088.08, 12.249909
7088.15, 12.249909
7088.2, 12.249909
7088.26, 12.249909
7088.31, 12.249909
7088.37, 12.249909
7088.43, 12.249909
7088.49, 12.249909
7088.56, 12.249909
7088.61, 12.249909
7088.67, 12.249909
7088.73, 12.249909
7088.79, 12.249909
7088.84, 12.249910
7088.89, 12.249910
7088.95, 12.249910
7089, 12.249910
7089.05, 12.249910
7089.1, 12.249910
7089.16, 12.249910
7089.22, 12.249910
7089.27, 12.249910
7089.33, 12.249910
7089.39, 12.249910
7089.44, 12.249910
7089.5, 12.249910
7089.57, 12.249910
7089.63, 12.249910
7089.68, 12.249910
7089.74, 12.249910
7089.8, 12.249910
7089.86, 12.249911
7089.91, 12.249911
7089.97, 12.249911
7090.02, 12.249911
7090.08, 12.249911
7090.14, 12.249911
7090.21, 12.249911
7090.27, 12.249911
7090.34, 12.249911
7090.39, 12.249911
7090.45, 12.249911
7090.51, 12.249911
7090.57, 12.249911
7090.62, 12.249911
7090.68, 12.249911
7090.74, 12.249911
7090.81, 12.249911
7090.87, 12.249911
7090.94, 12.249912
7091.01, 12.249912
7091.08, 12.249912
7091.15, 12.249912
7091.22, 12.249912
7091.29, 12.249912
7091.34, 12.249912
7091.4, 12.249912
7091.47, 12.249912
7091.53, 12.249912
7091.58, 12.249912
7091.64, 12.249912
7091.7, 12.249912
7091.76, 12.249912
7091.83, 12.249912
7091.88, 12.249913
7091.94, 12.249912
7092, 12.249913
7092.06, 12.249913
7092.11, 12.249913
7092.17, 12.249913
7092.23, 12.249913
7092.3, 12.249913
7092.36, 12.249913
7092.41, 12.249913
7092.47, 12.249913
7092.53, 12.249913
7092.58, 12.249913
7092.63, 12.249913
7092.69, 12.249913
7092.76, 12.249914
7092.82, 12.249914
7092.87, 12.249914
7092.93, 12.249914
7092.99, 12.249914
7093.05, 12.249914
7093.12, 12.249914
7093.17, 12.249914
7093.23, 12.249914
7093.29, 12.249914
7093.35, 12.249914
7093.4, 12.249915
7093.46, 12.249914
7093.52, 12.249915
7093.59, 12.249915
7093.64, 12.249915
7093.7, 12.249915
7093.75, 12.249915
7093.81, 12.249915
7093.87, 12.249915
7093.92, 12.249915
7093.98, 12.249915
7094.04, 12.249915
7094.09, 12.249915
7094.14, 12.249915
7094.2, 12.249915
7094.26, 12.249915
7094.32, 12.249915
7094.39, 12.249916
7094.45, 12.249916
7094.5, 12.249916
7094.56, 12.249916
7094.63, 12.249916
7094.69, 12.249916
7094.75, 12.249916
7094.82, 12.249916
7094.89, 12.249916
7094.96, 12.249916
7095.03, 12.249916
7095.1, 12.249916
7095.18, 12.249916
7095.23, 12.249916
7095.29, 12.249916
7095.35, 12.249916
7095.41, 12.249917
7095.46, 12.249917
7095.52, 12.249917
7095.58, 12.249917
7095.65, 12.249917
7095.71, 12.249917
7095.78, 12.249917
7095.84, 12.249917
7095.89, 12.249917
7095.95, 12.249917
7096, 12.249917
7096.06, 12.249917
7096.13, 12.249917
7096.19, 12.249917
7096.25, 12.249918
7096.32, 12.249918
7096.39, 12.249918
7096.46, 12.249918
7096.53, 12.249918
7096.58, 12.249918
7096.64, 12.249918
7096.7, 12.249918
7096.76, 12.249918
7096.81, 12.249918
7096.87, 12.249918
7096.93, 12.249918
7097, 12.249918
7097.05, 12.249919
7097.11, 12.249919
7097.17, 12.249919
7097.23, 12.249919
7097.3, 12.249919
7097.36, 12.249919
7097.43, 12.249919
7097.5, 12.249919
7097.57, 12.249919
7097.65, 12.249919
7097.72, 12.249919
7097.77, 12.249919
7097.83, 12.249919
7097.88, 12.249919
7097.93, 12.249919
7097.99, 12.249919
7098.04, 12.249919
7098.1, 12.249919
7098.16, 12.249919
7098.22, 12.249919
7098.29, 12.249920
7098.36, 12.249920
7098.41, 12.249920
7098.47, 12.249920
7098.52, 12.249920
7098.58, 12.249920
7098.64, 12.249920
7098.69, 12.249920
7098.74, 12.249920
7098.8, 12.249920
7098.85, 12.249920
7098.91, 12.249920
7098.97, 12.249920
7099.02, 12.249921
7099.08, 12.249920
7099.14, 12.249921
7099.2, 12.249921
7099.27, 12.249921
7099.32, 12.249921
7099.38, 12.249921
7099.44, 12.249921
7099.49, 12.249921
7099.55, 12.249921
7099.61, 12.249921
7099.66, 12.249921
7099.72, 12.249921
7099.78, 12.249921
7099.85, 12.249922
7099.9, 12.249922
7099.96, 12.249922
7100.02, 12.249922
7100.08, 12.249922
7100.14, 12.249922
7100.21, 12.249922
7100.28, 12.249922
7100.33, 12.249922
7100.39, 12.249922
7100.45, 12.249922
7100.51, 12.249922
7100.56, 12.249923
7100.62, 12.249922
7100.68, 12.249923
7100.75, 12.249923
7100.81, 12.249923
7100.88, 12.249923
7100.95, 12.249923
7101.02, 12.249923
7101.07, 12.249923
7101.12, 12.249923
7101.18, 12.249923
7101.24, 12.249923
7101.29, 12.249923
7101.34, 12.249923
7101.4, 12.249923
7101.46, 12.249923
7101.51, 12.249923
7101.57, 12.249923
7101.62, 12.249924
7101.68, 12.249924
7101.74, 12.249924
7101.79, 12.249924
7101.85, 12.249924
7101.91, 12.249924
7101.97, 12.249924
7102.02, 12.249924
7102.08, 12.249924
7102.13, 12.249924
7102.19, 12.249924
7102.24, 12.249924
7102.3, 12.249924
7102.37, 12.249924
7102.42, 12.249924
7102.48, 12.249925
7102.53, 12.249925
7102.59, 12.249925
7102.65, 12.249925
7102.71, 12.249925
7102.76, 12.249925
7102.82, 12.249925
7102.88, 12.249925
7102.95, 12.249925
7103.01, 12.249925
7103.08, 12.249925
7103.14, 12.249925
7103.19, 12.249926
7103.25, 12.249926
7103.32, 12.249926
7103.38, 12.249926
7103.44, 12.249926
7103.49, 12.249926
7103.55, 12.249926
7103.61, 12.249926
7103.68, 12.249926
7103.74, 12.249926
7103.81, 12.249926
7103.86, 12.249926
7103.92, 12.249927
7103.97, 12.249927
7104.03, 12.249927
7104.09, 12.249927
7104.14, 12.249927
7104.2, 12.249927
7104.26, 12.249927
7104.32, 12.249927
7104.39, 12.249927
7104.44, 12.249927
7104.5, 12.249927
7104.56, 12.249927
7104.61, 12.249927
7104.67, 12.249927
7104.73, 12.249927
7104.78, 12.249928
7104.84, 12.249928
7104.89, 12.249928
7104.95, 12.249928
7105.01, 12.249928
7105.06, 12.249928
7105.12, 12.249928
7105.17, 12.249928
7105.23, 12.249928
7105.3, 12.249928
7105.36, 12.249928
7105.41, 12.249928
7105.47, 12.249928
7105.53, 12.249928
7105.59, 12.249928
7105.66, 12.249928
7105.71, 12.249929
7105.77, 12.249929
7105.83, 12.249929
7105.88, 12.249929
7105.94, 12.249929
7106, 12.249929
7106.06, 12.249929
7106.13, 12.249929
7106.19, 12.249929
7106.24, 12.249929
7106.3, 12.249929
7106.37, 12.249929
7106.43, 12.249929
7106.48, 12.249929
7106.54, 12.249930
7106.6, 12.249930
7106.66, 12.249930
7106.73, 12.249930
7106.78, 12.249930
7106.84, 12.249930
7106.9, 12.249930
7106.96, 12.249930
7107.03, 12.249930
7107.08, 12.249930
7107.14, 12.249930
7107.19, 12.249930
7107.25, 12.249930
7107.31, 12.249930
7107.36, 12.249931
7107.42, 12.249930
7107.48, 12.249931
7107.54, 12.249931
7107.61, 12.249931
7107.67, 12.249931
7107.74, 12.249931
7107.79, 12.249931
7107.85, 12.249931
7107.91, 12.249931
7107.98, 12.249931
7108.03, 12.249931
7108.09, 12.249931
7108.14, 12.249932
7108.2, 12.249932
7108.26, 12.249932
7108.32, 12.249932
7108.37, 12.249932
7108.43, 12.249932
7108.49, 12.249932
7108.54, 12.249932
7108.6, 12.249932
7108.66, 12.249932
7108.73, 12.249932
7108.78, 12.249932
7108.84, 12.249932
7108.9, 12.249932
7108.96, 12.249932
7109.01, 12.249933
7109.07, 12.249933
7109.13, 12.249933
7109.18, 12.249933
7109.24, 12.249933
7109.3, 12.249933
7109.35, 12.249933
7109.41, 12.249933
7109.46, 12.249933
7109.52, 12.249933
7109.59, 12.249933
7109.64, 12.249933
7109.7, 12.249933
7109.76, 12.249934
7109.82, 12.249934
7109.87, 12.249934
7109.93, 12.249934
7109.98, 12.249934
7110.04, 12.249934
7110.1, 12.249934
7110.15, 12.249934
7110.21, 12.249934
7110.27, 12.249934
7110.32, 12.249934
7110.38, 12.249934
7110.45, 12.249934
7110.51, 12.249935
7110.56, 12.249935
7110.62, 12.249935
7110.68, 12.249935
7110.74, 12.249935
7110.79, 12.249935
7110.85, 12.249935
7110.91, 12.249935
7110.98, 12.249935
7111.04, 12.249935
7111.11, 12.249935
7111.16, 12.249935
7111.22, 12.249936
7111.28, 12.249936
7111.34, 12.249936
7111.41, 12.249936
7111.46, 12.249936
7111.52, 12.249936
7111.58, 12.249936
7111.64, 12.249936
7111.71, 12.249936
7111.76, 12.249936
7111.81, 12.249936
7111.87, 12.249936
7111.92, 12.249936
7111.97, 12.249936
7112.03, 12.249936
7112.09, 12.249937
7112.15, 12.249937
7112.22, 12.249937
7112.28, 12.249937
7112.35, 12.249937
7112.42, 12.249937
7112.49, 12.249937
7112.56, 12.249937
7112.64, 12.249937
7112.72, 12.249937
7112.79, 12.249937
7112.87, 12.249937
7112.96, 12.249937
7113.04, 12.249937
7113.13, 12.249937
7113.22, 12.249938
7113.31, 12.249938
7113.4, 12.249938
7113.5, 12.249938
7113.55, 12.249938
7113.61, 12.249938
7113.67, 12.249938
7113.72, 12.249938
7113.78, 12.249938
7113.84, 12.249938
7113.91, 12.249938
7113.97, 12.249938
7114.02, 12.249938
7114.08, 12.249939
7114.14, 12.249939
7114.19, 12.249939
7114.25, 12.249939
7114.31, 12.249939
7114.36, 12.249939
7114.42, 12.249939
7114.48, 12.249939
7114.55, 12.249939
7114.61, 12.249939
7114.68, 12.249939
7114.75, 12.249939
7114.82, 12.249939
7114.89, 12.249939
7114.96, 12.249939
7115.04, 12.249940
7115.11, 12.249940
7115.16, 12.249940
7115.22, 12.249940
7115.28, 12.249940
7115.35, 12.249940
7115.41, 12.249940
7115.48, 12.249940
7115.55, 12.249940
7115.61, 12.249940
7115.69, 12.249941
7115.76, 12.249940
7115.81, 12.249940
7115.87, 12.249941
7115.93, 12.249941
7115.99, 12.249941
7116.06, 12.249941
7116.12, 12.249941
7116.17, 12.249941
7116.23, 12.249941
7116.28, 12.249941
7116.34, 12.249941
7116.39, 12.249941
7116.45, 12.249941
7116.5, 12.249941
7116.56, 12.249941
7116.63, 12.249941
7116.69, 12.249941
7116.74, 12.249941
7116.8, 12.249942
7116.85, 12.249942
7116.91, 12.249942
7116.97, 12.249942
7117.02, 12.249942
7117.08, 12.249942
7117.14, 12.249942
7117.19, 12.249942
7117.25, 12.249942
7117.3, 12.249942
7117.35, 12.249942
7117.4, 12.249942
7117.46, 12.249942
7117.52, 12.249942
7117.59, 12.249942
7117.65, 12.249942
7117.72, 12.249943
7117.77, 12.249943
7117.83, 12.249943
7117.89, 12.249943
7117.95, 12.249943
7118.02, 12.249943
7118.08, 12.249943
7118.15, 12.249943
7118.22, 12.249943
7118.27, 12.249943
7118.33, 12.249943
7118.39, 12.249943
7118.44, 12.249943
7118.5, 12.249943
7118.55, 12.249943
7118.61, 12.249944
7118.67, 12.249944
7118.74, 12.249944
7118.8, 12.249944
7118.87, 12.249944
7118.94, 12.249944
7119, 12.249944
7119.05, 12.249944
7119.11, 12.249944
7119.16, 12.249944
7119.22, 12.249944
7119.27, 12.249944
7119.33, 12.249944
7119.4, 12.249944
7119.46, 12.249944
7119.51, 12.249945
7119.57, 12.249944
7119.63, 12.249945
7119.69, 12.249945
7119.76, 12.249945
7119.82, 12.249945
7119.89, 12.249945
7119.94, 12.249945
7120, 12.249945
7120.05, 12.249945
7120.11, 12.249945
7120.17, 12.249945
7120.22, 12.249945
7120.28, 12.249945
7120.35, 12.249945
7120.41, 12.249946
7120.46, 12.249946
7120.51, 12.249946
7120.57, 12.249946
7120.63, 12.249946
7120.69, 12.249946
7120.74, 12.249946
7120.8, 12.249946
7120.86, 12.249946
7120.93, 12.249946
7120.99, 12.249946
7121.04, 12.249946
7121.1, 12.249946
7121.16, 12.249946
7121.21, 12.249947
7121.27, 12.249946
7121.34, 12.249947
7121.4, 12.249947
7121.45, 12.249947
7121.51, 12.249947
7121.56, 12.249947
7121.62, 12.249947
7121.68, 12.249947
7121.74, 12.249947
7121.81, 12.249947
7121.86, 12.249947
7121.92, 12.249947
7121.98, 12.249947
7122.04, 12.249947
7122.09, 12.249947
7122.15, 12.249947
7122.21, 12.249948
7122.28, 12.249948
7122.33, 12.249948
7122.38, 12.249948
7122.44, 12.249948
7122.49, 12.249948
7122.55, 12.249948
7122.6, 12.249948
7122.66, 12.249948
7122.71, 12.249948
7122.77, 12.249948
7122.83, 12.249948
7122.89, 12.249948
7122.94, 12.249948
7123, 12.249948
7123.06, 12.249948
7123.13, 12.249949
7123.18, 12.249949
7123.24, 12.249949
7123.29, 12.249949
7123.35, 12.249949
7123.41, 12.249949
7123.47, 12.249949
7123.53, 12.249949
7123.6, 12.249949
7123.67, 12.249949
7123.74, 12.249949
7123.81, 12.249949
7123.88, 12.249949
7123.93, 12.249950
7123.99, 12.249949
7124.04, 12.249950
7124.1, 12.249950
7124.16, 12.249950
7124.23, 12.249950
7124.29, 12.249950
7124.36, 12.249950
7124.43, 12.249950
7124.48, 12.249950
7124.54, 12.249950
7124.6, 12.249950
7124.66, 12.249950
7124.71, 12.249950
7124.77, 12.249950
7124.83, 12.249951
7124.9, 12.249951
7124.95, 12.249951
7125.01, 12.249951
7125.07, 12.249951
7125.13, 12.249951
7125.18, 12.249951
7125.24, 12.249951
7125.3, 12.249951
7125.35, 12.249951
7125.41, 12.249951
7125.47, 12.249951
7125.54, 12.249951
7125.6, 12.249951
7125.67, 12.249951
7125.73, 12.249952
7125.8, 12.249952
7125.88, 12.249952
7125.93, 12.249952
7125.99, 12.249952
7126.04, 12.249952
7126.1, 12.249952
7126.16, 12.249952
7126.22, 12.249952
7126.28, 12.249952
7126.35, 12.249952
7126.4, 12.249952
7126.46, 12.249952
7126.51, 12.249952
7126.57, 12.249952
7126.63, 12.249952
7126.7, 12.249953
7126.76, 12.249953
7126.83, 12.249953
7126.89, 12.249953
7126.96, 12.249953
7127.03, 12.249953
7127.08, 12.249953
7127.14, 12.249953
7127.21, 12.249953
7127.27, 12.249953
7127.33, 12.249953
7127.4, 12.249953
7127.45, 12.249953
7127.5, 12.249954
7127.56, 12.249954
7127.62, 12.249954
7127.68, 12.249954
7127.75, 12.249954
7127.82, 12.249954
7127.88, 12.249954
7127.95, 12.249954
7128.02, 12.249954
7128.07, 12.249954
7128.13, 12.249954
7128.18, 12.249954
7128.23, 12.249954
7128.29, 12.249954
7128.36, 12.249954
7128.41, 12.249954
7128.47, 12.249955
7128.52, 12.249954
7128.58, 12.249955
7128.64, 12.249955
7128.7, 12.249955
7128.75, 12.249955
7128.81, 12.249955
7128.87, 12.249955
7128.94, 12.249955
7129, 12.249955
7129.07, 12.249955
7129.12, 12.249955
7129.18, 12.249955
7129.23, 12.249955
7129.29, 12.249955
7129.35, 12.249955
7129.41, 12.249955
7129.46, 12.249956
7129.52, 12.249956
7129.58, 12.249956
7129.63, 12.249956
7129.69, 12.249956
7129.75, 12.249956
7129.82, 12.249956
7129.88, 12.249956
7129.95, 12.249956
7130.02, 12.249956
7130.08, 12.249956
7130.16, 12.249956
7130.23, 12.249956
7130.28, 12.249956
7130.34, 12.249956
7130.4, 12.249956
7130.46, 12.249956
7130.53, 12.249956
7130.59, 12.249957
7130.66, 12.249957
7130.73, 12.249957
7130.8, 12.249957
7130.88, 12.249957
7130.95, 12.249957
7131.03, 12.249957
7131.11, 12.249957
7131.19, 12.249957
7131.27, 12.249957
7131.32, 12.249957
7131.38, 12.249957
7131.43, 12.249957
7131.49, 12.249957
7131.54, 12.249958
7131.6, 12.249958
7131.66, 12.249958
7131.72, 12.249958
7131.79, 12.249958
7131.86, 12.249958
7131.92, 12.249958
7131.99, 12.249958
7132.06, 12.249958
7132.14, 12.249958
7132.19, 12.249958
7132.25, 12.249958
7132.3, 12.249958
7132.36, 12.249958
7132.42, 12.249958
7132.48, 12.249958
7132.53, 12.249959
7132.58, 12.249959
7132.64, 12.249959
7132.7, 12.249959
7132.77, 12.249959
7132.82, 12.249959
7132.88, 12.249959
7132.94, 12.249959
7132.99, 12.249959
7133.05, 12.249959
7133.11, 12.249959
7133.16, 12.249959
7133.22, 12.249959
7133.28, 12.249959
7133.33, 12.249959
7133.39, 12.249960
7133.45, 12.249960
7133.5, 12.249960
7133.55, 12.249960
7133.61, 12.249960
7133.67, 12.249960
7133.72, 12.249960
7133.78, 12.249960
7133.85, 12.249960
7133.9, 12.249960
7133.96, 12.249960
7134.02, 12.249960
7134.08, 12.249960
7134.14, 12.249960
7134.21, 12.249960
7134.28, 12.249961
7134.35, 12.249961
7134.42, 12.249960
7134.49, 12.249961
7134.54, 12.249961
7134.6, 12.249961
7134.65, 12.249961
7134.71, 12.249961
7134.77, 12.249961
7134.84, 12.249961
7134.89, 12.249961
7134.95, 12.249961
7135.01, 12.249961
7135.06, 12.249961
7135.12, 12.249961
7135.17, 12.249961
7135.23, 12.249961
7135.29, 12.249962
7135.35, 12.249961
7135.4, 12.249962
7135.46, 12.249962
7135.52, 12.249962
7135.59, 12.249962
7135.64, 12.249962
7135.7, 12.249962
7135.75, 12.249962
7135.81, 12.249962
7135.87, 12.249962
7135.93, 12.249962
7135.98, 12.249962
7136.04, 12.249962
7136.1, 12.249962
7136.17, 12.249962
7136.23, 12.249963
7136.28, 12.249963
7136.34, 12.249963
7136.4, 12.249963
7136.47, 12.249963
7136.53, 12.249963
7136.6, 12.249963
7136.66, 12.249963
7136.73, 12.249963
7136.81, 12.249963
7136.88, 12.249963
7136.95, 12.249963
7137.03, 12.249963
7137.11, 12.249963
7137.19, 12.249963
7137.27, 12.249963
7137.36, 12.249963
7137.41, 12.249964
7137.47, 12.249964
7137.53, 12.249964
7137.59, 12.249964
7137.64, 12.249964
7137.7, 12.249964
7137.76, 12.249964
7137.81, 12.249964
7137.86, 12.249964
7137.91, 12.249964
7137.97, 12.249964
7138.02, 12.249964
7138.08, 12.249964
7138.15, 12.249965
7138.21, 12.249965
7138.27, 12.249965
7138.34, 12.249965
7138.41, 12.249965
7138.46, 12.249965
7138.52, 12.249965
7138.58, 12.249965
7138.64, 12.249965
7138.69, 12.249965
7138.75, 12.249965
7138.8, 12.249965
7138.86, 12.249965
7138.91, 12.249965
7138.96, 12.249965
7139.02, 12.249966
7139.08, 12.249966
7139.13, 12.249966
7139.19, 12.249966
7139.25, 12.249966
7139.3, 12.249966
7139.36, 12.249966
7139.43, 12.249966
7139.48, 12.249966
7139.54, 12.249966
7139.6, 12.249966
7139.65, 12.249966
7139.71, 12.249966
7139.76, 12.249966
7139.81, 12.249966
7139.87, 12.249966
7139.92, 12.249967
7139.97, 12.249967
7140.03, 12.249967
7140.09, 12.249967
7140.15, 12.249967
7140.22, 12.249967
7140.27, 12.249967
7140.33, 12.249967
7140.39, 12.249967
7140.44, 12.249967
7140.5, 12.249967
7140.56, 12.249967
7140.61, 12.249967
7140.67, 12.249967
7140.73, 12.249967
7140.79, 12.249968
7140.86, 12.249968
7140.92, 12.249968
7140.97, 12.249968
7141.03, 12.249968
7141.1, 12.249968
7141.16, 12.249968
7141.22, 12.249968
7141.29, 12.249968
7141.36, 12.249968
7141.43, 12.249968
7141.5, 12.249968
7141.57, 12.249968
7141.62, 12.249968
7141.68, 12.249968
7141.73, 12.249969
7141.79, 12.249969
7141.85, 12.249969
7141.9, 12.249969
7141.96, 12.249969
7142.03, 12.249969
7142.09, 12.249969
7142.15, 12.249969
7142.2, 12.249969
7142.26, 12.249969
7142.31, 12.249969
7142.37, 12.249969
7142.43, 12.249969
7142.5, 12.249969
7142.56, 12.249969
7142.63, 12.249970
7142.7, 12.249970
7142.77, 12.249970
7142.84, 12.249970
7142.91, 12.249970
7142.96, 12.249970
7143.02, 12.249970
7143.07, 12.249970
7143.13, 12.249970
7143.18, 12.249970
7143.23, 12.249970
7143.29, 12.249970
7143.35, 12.249970
7143.41, 12.249970
7143.48, 12.249971
7143.55, 12.249971
7143.61, 12.249971
7143.68, 12.249971
7143.75, 12.249971
7143.83, 12.249971
7143.88, 12.249971
7143.94, 12.249971
7143.99, 12.249971
7144.05, 12.249971
7144.11, 12.249971
7144.17, 12.249971
7144.24, 12.249971
7144.3, 12.249971
7144.37, 12.249971
