0.05, 1922.258995157
0.1, 1922.258995157
0.15, 1922.258995157
0.2, 1922.258995157
0.25, 1922.258995157
0.3, 1922.258995157
0.35, 1922.258995157
0.4, 1922.258995157
0.45, 1922.258995157
0.5, 1922.258995157
0.55, 1922.258995157
0.6, 1922.258995157
0.65, 1922.258995157
0.7, 1922.258995157
0.75, 1922.258995157
0.8, 1922.258995157
0.85, 1922.258995157
0.9, 1922.258995157
0.95, 1922.258995157
1, 1922.258995157
1.05, 1922.258995157
1.1, 1922.258995157
1.15, 1922.258995157
1.2, 1922.258995157
1.25, 1922.258995157
1.3, 1922.258995157
1.35, 1922.258995157
1.4, 1922.258995157
1.45, 1922.258995157
1.5, 1922.258995157
1.55, 1922.258995157
1.6, 1922.258995157
1.65, 1922.258995157
1.7, 1922.258995157
1.75, 1922.258995157
1.8, 1922.258995157
1.85, 1922.258995157
1.9, 1922.258995157
1.95, 1922.258995157
2, 1922.258995157
2.05, 1922.258995157
2.1, 1922.258995157
2.15, 1922.258995157
2.2, 1922.258995157
2.25, 1922.258995157
2.3, 1922.258995157
2.35, 1922.258995157
2.4, 1922.258995157
2.45, 1922.258995157
2.5, 1922.258995157
2.55, 1922.258995157
2.6, 1922.258995157
2.65, 1922.258995157
2.7, 1922.258995157
2.75, 1922.258995157
2.8, 1922.258995157
2.85, 1922.258995157
2.9, 1922.258995157
2.95, 1922.258995157
3, 1922.259795976
3.05, 1922.236730445
3.11, 1922.104468820
3.1715, 1921.875724122
3.23454, 1921.250292153
3.29915, 1920.133283316
3.36538, 1918.780034029
3.43326, 1916.960635861
3.50285, 1914.150954065
3.57417, 1910.674367223
3.64727, 1906.570380242
3.7222, 1901.320000762
3.79901, 1895.071569530
3.87773, 1888.186306094
3.95843, 1879.945506047
4.04114, 1868.940989424
4.12592, 1855.557512470
4.21281, 1840.312067264
4.30188, 1822.620456738
4.39318, 1802.662079861
4.48676, 1781.299672795
4.58268, 1757.495256452
4.681, 1732.231164210
4.78177, 1705.839065789
4.88507, 1678.396158466
4.99094, 1649.791499928
5.09947, 1619.788023910
5.2107, 1588.877896222
5.32472, 1557.279656729
5.44159, 1524.994379086
5.56138, 1492.116678140
5.68416, 1459.393681813
5.81002, 1426.682903051
5.93902, 1394.350096086
6.07124, 1362.785011097
6.20677, 1331.970445530
6.34569, 1302.001001314
6.48808, 1273.069410384
6.63404, 1245.245712981
6.78364, 1218.261497008
6.93698, 1192.559887896
7.09415, 1167.580510067
7.25526, 1143.716399813
7.42039, 1121.180051133
7.58965, 1099.709095807
7.76314, 1079.559098647
7.94097, 1060.406131811
8.12324, 1042.160197040
8.31007, 1024.932184405
8.50157, 1008.751991042
8.69786, 993.385454069
8.89906, 978.848897665
9.10529, 964.952557916
9.31667, 951.750570232
9.53334, 939.146503017
9.75542, 927.049901508
9.98306, 915.240293540
10.2164, 903.871191695
10.4555, 892.871006224
10.7007, 882.197742628
10.9519, 871.903508066
11.2095, 861.872162742
11.4735, 852.056624721
11.7441, 842.567339941
12.0214, 833.356248566
12.3057, 824.397934070
12.5971, 815.732615549
12.8958, 807.369789168
13.2019, 799.319361175
13.5157, 791.493659930
13.8374, 783.945556070
14.167, 776.617571390
14.505, 769.426910804
14.8513, 762.511986154
15.2064, 755.793360307
15.5703, 749.234252824
15.9433, 742.796238358
16.3256, 736.587080242
16.7175, 730.507083725
17.1192, 724.545559037
17.5309, 718.728550613
17.953, 713.107316799
18.3855, 707.609640410
18.8289, 702.271218179
19.2834, 697.052033919
19.7492, 691.930734543
20.2267, 686.966807473
20.7161, 682.212075637
21.2178, 677.534369584
21.732, 672.985661369
22.259, 668.612893685
22.7993, 664.370448910
23.353, 660.284317698
23.9206, 656.290523306
24.5023, 652.439723326
25.0986, 648.687957159
25.7098, 645.045121850
26.3363, 641.532941191
26.9785, 638.101124020
27.6367, 634.762821974
28.3114, 631.466428190
29.0029, 628.241188586
29.7117, 625.127505879
30.4383, 622.095407655
31.183, 619.160600138
31.9463, 616.314254110
32.7287, 613.591787031
33.5307, 610.980347712
34.3527, 608.439017828
35.1953, 605.988203563
36.0589, 603.617595850
36.9441, 601.336633996
37.8515, 599.164308306
38.7815, 597.031362413
39.7348, 594.973944090
40.7119, 592.998919537
41.7135, 591.087842130
42.7401, 589.218824755
43.7923, 587.405361526
44.8709, 585.656250781
45.9764, 583.972009075
47.1096, 582.330132774
48.271, 580.746878529
49.4616, 579.217859885
50.6819, 577.720392645
51.9327, 576.274467217
53.2147, 574.898283275
54.5288, 573.557355928
55.8758, 572.246760816
57.2565, 570.989274679
58.6716, 569.760159281
60.1222, 568.540842773
61.609, 567.334320209
63.1329, 566.183989143
64.695, 565.059477764
66.2961, 563.965785976
67.9373, 562.907858636
69.6195, 561.882872706
71.3437, 560.875924251
73.1111, 559.905191414
74.9226, 558.954172628
76.7794, 558.045520209
78.6826, 557.143565923
80.6334, 556.248866428
82.633, 555.407728300
84.6826, 554.578648796
86.7834, 553.780076610
88.9368, 552.989550217
91.1439, 552.227454184
93.4063, 551.481795069
95.7252, 550.751305809
98.1021, 550.046123878
100.538, 549.356044205
103.036, 548.690960360
105.595, 548.038380004
108.219, 547.413220459
110.908, 546.783520530
113.665, 546.180122200
116.49, 545.579329273
119.386, 544.997816049
122.354, 544.435677117
125.397, 543.888147999
128.516, 543.350235374
131.712, 542.828221766
134.989, 542.320368339
138.347, 541.811045724
141.79, 541.308302080
145.318, 540.831536170
148.935, 540.361092599
152.642, 539.895995549
156.442, 539.425359243
160.337, 538.982969108
164.329, 538.539023846
168.421, 538.112508571
172.615, 537.683029307
176.914, 537.271363701
181.321, 536.865422267
185.837, 536.453086617
190.467, 536.060031547
195.213, 535.672009609
200.077, 535.306637497
205.062, 534.925515506
210.173, 534.566448905
215.411, 534.192473960
220.78, 533.842417996
226.283, 533.464266647
231.924, 533.136777756
237.706, 532.768754121
243.632, 532.431745263
249.707, 532.105531812
255.933, 531.779161959
262.315, 531.445807626
268.857, 531.113705231
275.562, 530.796015653
282.435, 530.493099245
289.479, 530.186169369
296.7, 529.908472284
304.101, 529.595402208
311.687, 529.348944186
319.463, 529.023704908
327.434, 528.788262113
335.603, 528.466859336
343.977, 528.264402807
352.56, 527.874508237
361.358, 527.785538764
370.376, 527.259909984
379.619, 527.398306788
379.669, 526.920342327
379.729, 526.918245504
379.79, 526.916262121
379.854, 526.914216314
379.918, 526.912134402
379.984, 526.910011691
380.052, 526.907845985
380.122, 526.905638240
380.193, 526.903393196
380.266, 526.901104772
380.341, 526.898772988
380.418, 526.896433505
380.497, 526.894010931
380.577, 526.891551131
380.66, 526.889029025
380.745, 526.886470182
380.832, 526.883858218
380.921, 526.881229113
381.012, 526.878520400
381.106, 526.875756534
381.202, 526.872940495
381.3, 526.870061023
381.401, 526.867124255
381.504, 526.864127959
381.61, 526.861065597
381.718, 526.857942472
381.83, 526.854754146
381.944, 526.851497608
382.061, 526.848174052
382.18, 526.844784933
382.303, 526.841317253
382.429, 526.837773642
382.558, 526.834156137
382.69, 526.830459851
382.826, 526.826693738
382.965, 526.822859520
383.107, 526.818940919
383.253, 526.814914092
383.403, 526.810791290
383.556, 526.806582618
383.713, 526.802267937
383.874, 526.797864635
384.039, 526.793353823
384.209, 526.788733972
384.382, 526.784015657
384.56, 526.779180143
384.742, 526.774263666
384.929, 526.769308212
385.121, 526.764175940
385.317, 526.758911039
385.518, 526.753518980
385.724, 526.748043526
385.936, 526.742398680
386.152, 526.736606873
386.374, 526.730666107
386.602, 526.724612720
386.835, 526.718399827
387.075, 526.712023097
387.32, 526.705495574
387.571, 526.698796438
387.828, 526.691942238
388.092, 526.684915060
388.363, 526.677744001
388.64, 526.670402561
388.925, 526.662890874
389.216, 526.655157754
389.515, 526.647304799
389.821, 526.639245180
390.135, 526.631004243
390.456, 526.622499778
390.786, 526.613783156
391.124, 526.605003608
391.47, 526.595914743
391.825, 526.586557474
392.189, 526.576969242
392.562, 526.567182347
392.945, 526.557239504
393.336, 526.546942525
393.738, 526.536404528
394.15, 526.525651015
394.572, 526.514861014
395.005, 526.503692911
395.448, 526.492287974
395.902, 526.480716591
396.368, 526.468677963
396.846, 526.456449427
397.335, 526.443883921
397.837, 526.430967338
398.351, 526.417719738
398.878, 526.404151154
399.418, 526.390350157
399.972, 526.376242203
400.54, 526.361708736
401.121, 526.346899452
401.718, 526.331634245
402.329, 526.316020146
402.955, 526.300310120
403.597, 526.284040038
404.256, 526.267298031
404.93, 526.250193236
405.622, 526.232788743
406.331, 526.214897950
407.057, 526.196977785
407.802, 526.178379939
408.565, 526.159143479
409.348, 526.139467735
410.15, 526.119561297
410.972, 526.099504086
411.814, 526.078708473
412.678, 526.057700159
413.563, 526.035828921
414.47, 526.013553628
415.4, 525.990733270
416.354, 525.967509300
417.331, 525.943887380
418.332, 525.919596710
419.359, 525.895241941
420.411, 525.870627291
421.49, 525.845119351
422.595, 525.818894757
423.729, 525.791949277
424.89, 525.764248371
426.081, 525.736046770
427.301, 525.707756592
428.552, 525.678544985
429.834, 525.649115012
431.148, 525.618851530
432.495, 525.587538849
433.875, 525.555898632
435.291, 525.524551619
436.741, 525.491435404
438.228, 525.457776270
439.752, 525.423131026
441.314, 525.387698176
0.05, 670.285457548
0.1, 669.957432974
0.16, 669.613610609
0.221, 669.224143725
0.285, 668.829011776
0.349, 668.428352730
0.415, 668.023185675
0.483, 667.611013382
0.553, 667.193564668
0.624, 666.771137823
0.697, 666.342997003
0.772, 665.908269884
0.849, 665.466522328
0.928, 665.018184637
1.008, 664.564036482
1.091, 664.103728261
1.176, 663.636435124
1.263, 663.162100499
1.352, 662.682305673
1.443, 662.198372899
1.537, 661.709464007
1.633, 661.213970339
1.731, 660.713706321
1.832, 660.210989408
1.935, 659.701869897
2.041, 659.187225183
2.149, 658.665923864
2.261, 658.134915551
2.375, 657.595100225
2.492, 657.046333889
2.611, 656.489431697
2.734, 655.925686843
2.86, 655.355921185
2.989, 654.779169521
3.121, 654.195269515
3.257, 653.603259729
3.396, 653.003948578
3.538, 652.399255307
3.684, 651.786451155
3.834, 651.167473135
3.987, 650.540650485
4.144, 649.904285815
4.305, 649.263467008
4.47, 648.617154792
4.64, 647.963841840
4.813, 647.307339411
4.991, 646.639450432
5.173, 645.959347729
5.36, 645.270549867
5.552, 644.578218771
5.748, 643.877647466
5.949, 643.167780443
6.155, 642.450829814
6.367, 641.725745731
6.583, 640.996079208
6.805, 640.262214728
7.033, 639.514757326
7.266, 638.762398141
7.506, 637.992572934
7.751, 637.211965067
8.002, 636.426698614
8.259, 635.638321141
8.523, 634.844577625
8.794, 634.041723367
9.071, 633.233408268
9.356, 632.410990467
9.647, 631.580364001
9.946, 630.739506052
10.252, 629.902187912
10.566, 629.055886107
10.887, 628.198900001
11.217, 627.346624849
11.555, 626.478597970
11.901, 625.602474735
12.256, 624.719208415
12.62, 623.835358269
12.993, 622.935470589
13.376, 622.022413103
13.768, 621.101622151
14.169, 620.166531534
14.581, 619.223932911
15.003, 618.274495572
15.436, 617.331499166
15.879, 616.389461833
16.333, 615.444312071
16.799, 614.484547633
17.277, 613.531430171
17.766, 612.567034653
18.268, 611.605482948
18.782, 610.652081157
19.309, 609.700892129
19.849, 608.752871088
20.403, 607.800621210
20.971, 606.851830130
21.552, 605.894352776
22.149, 604.929525256
22.76, 603.955655028
23.386, 602.971615315
24.028, 601.976736050
24.687, 600.973789838
25.361, 599.966120281
26.053, 598.967652579
26.762, 597.959353665
27.488, 596.944745578
28.233, 595.912414326
28.996, 594.890264651
29.779, 593.850514990
30.581, 592.797545930
31.403, 591.750968971
32.245, 590.691926901
33.109, 589.623419607
33.994, 588.555804711
34.901, 587.494557352
35.832, 586.436807021
36.785, 585.349133551
37.762, 584.270149114
38.763, 583.196598763
39.79, 582.138331332
40.842, 581.102485338
41.921, 580.079142141
43.026, 579.034492408
44.16, 578.003455152
45.321, 576.988457425
46.512, 575.994696433
47.732, 575.005488533
48.983, 574.018639649
50.265, 573.052451272
51.579, 572.098386759
52.926, 571.143818119
54.306, 570.212010982
55.722, 569.293235238
57.172, 568.376942957
58.659, 567.454086905
60.183, 566.552391932
61.745, 565.673259643
63.346, 564.788475398
64.987, 563.918322829
66.669, 563.052391797
68.394, 562.211162761
70.161, 561.362148458
71.973, 560.534622517
73.829, 559.727823009
75.733, 558.943340278
77.683, 558.151941713
79.683, 557.382590238
81.733, 556.630484649
83.833, 555.868942728
85.987, 555.142696952
88.194, 554.439946745
90.456, 553.733208067
92.775, 553.044168825
95.152, 552.361804057
97.588, 551.688511603
100.086, 551.032729769
102.645, 550.384513947
105.269, 549.768728706
107.958, 549.177069253
110.715, 548.601248061
113.54, 548.037564889
116.436, 547.480706052
119.404, 546.928761975
122.447, 546.385023825
125.566, 545.872908945
128.762, 545.359224690
132.039, 544.867485888
135.397, 544.366676116
138.84, 543.888863342
142.368, 543.413636046
145.985, 542.942501631
149.692, 542.478546643
153.492, 542.029971967
157.387, 541.592525919
161.379, 541.164679949
165.471, 540.741295098
169.665, 540.333919158
173.964, 539.930171649
178.371, 539.528025147
182.887, 539.140205312
187.517, 538.760032370
192.263, 538.386285245
197.127, 538.027339982
202.112, 537.659287487
207.223, 537.308951345
212.461, 536.967629841
217.83, 536.626167293
223.333, 536.302835844
228.974, 535.961819427
234.756, 535.643794272
240.682, 535.343060930
246.757, 535.033445624
252.983, 534.737761063
259.365, 534.442871620
265.907, 534.161408925
272.612, 533.860677757
279.485, 533.600480452
286.529, 533.321524683
293.75, 533.054403673
301.151, 532.779801051
308.737, 532.541241723
316.513, 532.268119820
324.484, 532.036136186
332.653, 531.783779765
341.027, 531.551190374
349.61, 531.308636579
358.408, 531.103074714
367.426, 530.849595849
376.669, 530.650400108
386.143, 530.411645951
395.854, 530.220507257
405.808, 530.008998028
416.011, 529.836501248
426.469, 529.612080151
437.188, 529.441665518
448.175, 529.220214436
459.437, 529.072833726
470.98, 528.832607292
482.812, 528.730392793
494.94, 528.442122336
507.371, 528.414373248
520.113, 528.018978687
533.173, 528.191779154
533.223, 527.834650888
533.283, 527.833656862
533.345, 527.832760007
533.408, 527.831848267
533.472, 527.830912662
533.539, 527.829952959
533.606, 527.828985319
533.676, 527.827987326
533.747, 527.826969276
533.82, 527.825935380
533.895, 527.824870809
533.972, 527.823785611
534.051, 527.822676900
534.132, 527.821550528
534.214, 527.820392625
534.299, 527.819210957
534.386, 527.818003342
534.475, 527.816774416
534.566, 527.815521849
534.66, 527.814231985
534.756, 527.812920393
534.854, 527.811573968
534.955, 527.810205071
535.058, 527.808803757
535.164, 527.807373885
535.273, 527.805907884
535.384, 527.804418549
535.498, 527.802888244
535.615, 527.801327162
535.735, 527.799727029
535.857, 527.798102304
535.983, 527.796436194
536.112, 527.794729344
536.244, 527.792990848
536.38, 527.791209148
536.519, 527.789390370
536.661, 527.787544631
536.807, 527.785646706
536.957, 527.783695972
537.11, 527.781704555
537.267, 527.779671913
537.428, 527.777589117
537.594, 527.775460111
537.763, 527.773282928
537.936, 527.771052371
538.114, 527.768764974
538.296, 527.766435626
538.483, 527.764066763
538.675, 527.761628814
538.871, 527.759122059
539.072, 527.756578971
539.278, 527.754004254
539.49, 527.751330223
539.707, 527.748586100
539.929, 527.745782830
540.156, 527.742911370
540.39, 527.739966960
540.629, 527.736951590
540.874, 527.733868509
541.125, 527.730710647
541.383, 527.727469284
541.647, 527.724153762
541.917, 527.720759061
542.195, 527.717286091
542.479, 527.713807209
542.77, 527.710172477
543.069, 527.706447850
543.375, 527.702625509
543.689, 527.698730282
544.011, 527.694725101
544.34, 527.690616293
544.678, 527.686402705
545.025, 527.682100519
545.38, 527.677685019
545.744, 527.673157752
546.117, 527.668561259
546.499, 527.663830507
546.891, 527.658985157
547.292, 527.654005454
547.704, 527.648902906
548.126, 527.643669948
548.559, 527.638312499
549.002, 527.632820797
549.457, 527.627192007
549.922, 527.621443862
550.4, 527.615660485
550.889, 527.609654697
551.391, 527.603453388
551.905, 527.597105543
552.432, 527.590839098
552.972, 527.584294471
553.526, 527.577482949
554.094, 527.570503729
554.676, 527.563366756
555.272, 527.556126902
555.883, 527.548651538
556.51, 527.541030645
557.152, 527.533384529
557.81, 527.525529700
558.485, 527.517569244
559.176, 527.509270738
559.886, 527.500728920
560.616, 527.491969744
561.356, 527.483020066
562.116, 527.473868557
562.906, 527.464497964
563.706, 527.454902920
564.526, 527.445130927
565.366, 527.435340804
566.236, 527.425158320
567.116, 527.414690056
568.026, 527.404011236
568.956, 527.393109328
569.906, 527.381985444
570.886, 527.370760298
571.886, 527.359017002
572.916, 527.347007014
573.966, 527.334724101
575.046, 527.322165784
576.146, 527.309323285
577.286, 527.296457546
578.446, 527.283040260
579.636, 527.269313504
580.856, 527.255275142
582.106, 527.240917713
583.386, 527.226231550
584.706, 527.211521768
586.046, 527.196741846
587.426, 527.181049991
588.846, 527.165129199
590.296, 527.148834866
591.786, 527.132102129
593.306, 527.115005648
594.866, 527.097744464
596.466, 527.079934630
598.106, 527.062564404
599.796, 527.044168012
601.516, 527.025338438
603.286, 527.006373258
605.096, 526.986904072
606.956, 526.967583867
608.856, 526.947992832
610.806, 526.927067971
612.806, 526.905829735
614.856, 526.884804145
616.956, 526.862458181
619.106, 526.839984675
621.316, 526.817417047
623.576, 526.794622084
625.896, 526.770921948
628.276, 526.746841656
630.716, 526.722091999
633.206, 526.697372359
635.766, 526.671971301
638.396, 526.645768000
641.086, 526.619558698
643.836, 526.593455341
646.666, 526.565581217
649.556, 526.537260178
652.526, 526.508547731
655.566, 526.479504996
658.686, 526.449716288
661.886, 526.421016306
665.166, 526.390748295
668.516, 526.359116014
671.966, 526.327287754
675.496, 526.294887675
679.106, 526.261542710
682.816, 526.228362108
686.616, 526.195776915
690.506, 526.160609638
694.506, 526.126581596
698.596, 526.091620584
702.786, 526.056633124
707.086, 526.021755816
711.496, 525.985330900
716.006, 525.947438639
720.636, 525.909409408
725.386, 525.872287390
