0.05	0
0.1	0.428528
0.122831	0.42572
0.133755	0.424377
0.146021	0.423492
0.177509	0.423187
0.237509	0.422119
0.298592	0.419281
0.330839	0.416748
0.348618	0.415161
0.368976	0.414703
0.416507	0.414276
0.478007	0.412384
0.537439	0.410889
0.583994	0.409241
0.6248	0.407257
0.675399	0.406525
0.738436	0.405579
0.80305	0.403839
0.869279	0.401978
0.937163	0.399872
1.00674	0.39859
1.07807	0.395935
1.15117	0.393799
1.2261	0.39151
1.30291	0.389465
1.38163	0.38739
1.46233	0.385681
1.54504	0.383789
1.62981	0.382355
1.71671	0.380341
1.80578	0.378174
1.89708	0.376099
1.99066	0.37442
2.08658	0.372864
2.1849	0.371399
2.28567	0.369171
2.38896	0.367218
2.49484	0.364868
2.60336	0.362946
2.7146	0.360931
2.82862	0.359192
2.94549	0.357086
3.06528	0.355286
3.18806	0.353088
3.31392	0.351166
3.44292	0.34906
3.57514	0.347046
3.71067	0.345184
3.84959	0.343292
3.99198	0.341492
4.13794	0.33963
4.28754	0.337646
4.44088	0.335876
4.59805	0.333344
4.75916	0.331421
4.92429	0.329193
5.09355	0.326935
5.26704	0.324829
5.44487	0.32254
5.62714	0.32016
5.81397	0.318237
6.00547	0.316528
6.20176	0.314636
6.40296	0.312408
6.60919	0.310394
6.82057	0.307953
7.03724	0.305359
7.25932	0.303192
7.48695	0.301117
7.72028	0.298523
7.95944	0.295563
8.20458	0.293457
8.45585	0.290924
8.71339	0.288666
8.97738	0.285645
9.24797	0.283112
9.52532	0.280762
9.80961	0.278168
10.101	0.276031
10.3997	0.272614
10.7058	0.270081
11.0196	0.267609
11.3413	0.265594
11.6709	0.262756
12.0089	0.260162
12.3552	0.258118
12.7103	0.25589
13.0742	0.253754
13.4472	0.251556
13.8295	0.248871
14.2214	0.246429
14.6231	0.244385
15.0348	0.241699
15.4569	0.239929
15.8894	0.237549
16.3328	0.235016
16.7873	0.232208
17.2531	0.229584
17.7306	0.227264
18.22	0.225037
18.7217	0.222595
19.2359	0.220001
19.7629	0.217712
20.3032	0.215698
20.8569	0.213165
21.4245	0.210724
22.0062	0.208344
22.6025	0.206085
23.2137	0.204193
23.8402	0.201874
24.4824	0.199921
25.1406	0.197601
25.8153	0.195374
26.5068	0.193115
27.2156	0.191162
27.9422	0.188904
28.6869	0.186554
29.4502	0.184296
30.2326	0.181824
31.0346	0.17984
31.8566	0.177948
32.6992	0.175476
33.5628	0.17337
34.448	0.171021
35.3554	0.169067
36.2854	0.16684
37.2387	0.165009
38.2158	0.162872
39.2174	0.161041
40.244	0.158783
41.2962	0.156677
42.3748	0.154938
43.4803	0.153168
44.6135	0.151123
45.7749	0.149261
46.9655	0.147095
48.1858	0.145264
49.4366	0.143463
50.7186	0.141815
52.0327	0.140259
53.3797	0.138702
54.7604	0.137146
56.1755	0.135437
57.6261	0.133453
59.1129	0.131866
60.6368	0.130341
62.1989	0.128418
63.8	0.126984
65.4412	0.125092
67.1234	0.123444
68.8476	0.121918
70.615	0.12027
72.4265	0.118835
74.2833	0.11731
76.1865	0.115906
78.1373	0.114288
80.1369	0.112762
82.1865	0.11142
84.2873	0.110138
86.4407	0.108551
88.6478	0.106995
90.9102	0.105743
93.2291	0.104675
95.606	0.103119
98.0423	0.101746
100.539	0.100403
103.099	0.0990906
105.723	0.0977173
108.412	0.0967102
111.168	0.0951843
113.994	0.0939331
116.89	0.0928345
119.858	0.0917053
122.901	0.0905151
126.019	0.0889587
129.216	0.0877991
132.493	0.0867004
135.851	0.0856934
139.294	0.0845032
142.822	0.0834961
146.439	0.0823059
150.146	0.0812378
153.946	0.0801697
157.84	0.0787354
161.833	0.0778198
165.925	0.0767517
170.119	0.0754089
174.418	0.0746155
178.825	0.0737915
183.341	0.072876
187.971	0.0717773
192.716	0.0710754
197.581	0.0700378
202.566	0.0691833
207.677	0.0681152
212.915	0.0671082
218.284	0.0663452
223.787	0.0655518
223.837	0.0648804
223.897	0.0648804
223.958	0.0648804
224.021	0.0648804
224.086	0.0648499
224.152	0.0648499
224.22	0.0648499
224.29	0.0648499
224.361	0.0648193
224.434	0.0647888
224.509	0.0647888
224.586	0.0646973
224.665	0.0646973
224.745	0.0646973
224.828	0.0646973
224.913	0.0646973
225	0.0646973
225.089	0.0646973
225.18	0.0646362
225.274	0.0646362
225.37	0.0646362
225.468	0.0646362
225.569	0.0646362
225.672	0.0646362
225.778	0.0646362
225.886	0.0645447
225.998	0.0645142
226.112	0.0645142
226.228	0.0645142
226.348	0.0644836
226.471	0.0644531
226.597	0.0644531
226.726	0.0644531
226.858	0.0644226
226.994	0.0644226
227.133	0.0644226
227.275	0.0644226
227.421	0.0643921
227.57	0.0643921
227.724	0.0643005
227.881	0.064209
228.042	0.0641785
228.207	0.0641785
228.376	0.0641785
228.55	0.0641479
228.728	0.0640869
228.91	0.0640259
229.097	0.0639954
229.288	0.0639343
229.485	0.0639038
229.686	0.0639038
229.892	0.0639038
230.103	0.0638123
230.32	0.0636902
230.542	0.0636597
230.77	0.0636292
231.003	0.0635376
231.242	0.0635071
231.488	0.063446
231.739	0.063446
231.996	0.0634155
232.26	0.0634155
232.531	0.063385
232.808	0.063385
233.093	0.0633545
233.384	0.0632935
233.683	0.0632324
233.989	0.0631409
234.303	0.0631104
234.624	0.0630493
234.954	0.0630188
235.292	0.0630188
235.638	0.0629883
235.993	0.0629272
236.357	0.0628052
236.73	0.0627441
237.112	0.0626526
237.504	0.0626221
237.906	0.0625916
238.318	0.0624084
238.74	0.0624084
239.172	0.0623474
239.616	0.0623474
240.07	0.0622253
240.536	0.0622253
241.014	0.0621643
241.503	0.0621338
242.005	0.0620728
242.519	0.0619812
243.046	0.0619507
243.586	0.0618896
244.14	0.0617676
244.707	0.0617065
245.289	0.061676
245.885	0.0614929
246.497	0.0613708
247.123	0.0611877
247.765	0.0611572
248.424	0.0610962
249.098	0.0610046
249.79	0.0610046
250.499	0.0608826
251.225	0.0607605
251.97	0.0606384
252.733	0.0606079
253.516	0.0604858
254.318	0.0604553
255.14	0.0603333
255.982	0.0602722
256.846	0.0600281
257.731	0.059845
258.638	0.0597839
259.568	0.0596924
260.522	0.0596619
261.499	0.0596619
262.5	0.0595398
263.527	0.0594482
264.579	0.0594177
265.658	0.0592346
266.763	0.0591431
267.896	0.059082
269.058	0.059021
270.248	0.0588989
271.469	0.0587463
272.719	0.0585632
274.002	0.0585327
275.316	0.0584717
276.663	0.0583191
278.043	0.058136
279.458	0.0579834
280.909	0.0577393
282.396	0.0576477
283.92	0.0574646
285.482	0.0572205
287.083	0.0570984
288.724	0.0570068
290.406	0.0568237
292.131	0.0567017
293.898	0.0565491
295.709	0.0563049
297.566	0.0560913
299.469	0.0559082
301.42	0.0557861
303.42	0.055603
305.469	0.0554504
307.57	0.0551758
309.724	0.0548706
311.931	0.0546265
314.193	0.0542603
316.512	0.0540466
318.889	0.053833
321.325	0.0536499
323.822	0.0535278
326.382	0.0531921
329.006	0.0530396
331.695	0.052887
334.451	0.0527039
337.277	0.0525208
340.173	0.0522461
343.141	0.0520325
346.184	0.0518188
349.302	0.0516663
352.499	0.0512085
355.776	0.0508118
359.134	0.0506592
362.576	0.0503845
366.105	0.0500183
369.722	0.0498047
373.429	0.0495911
377.229	0.0493774
381.123	0.0492859
385.116	0.0491028
389.208	0.0488586
393.402	0.0486755
397.701	0.0484924
402.108	0.0483398
406.624	0.0480042
411.254	0.047821
415.999	0.0476074
420.863	0.0473633
425.849	0.0470581
430.959	0.0467834
436.197	0.0464783
441.567	0.0462646
447.07	0.04599
452.711	0.0457764
458.492	0.0455627
464.419	0.0451965
470.493	0.0449219
476.72	0.0448914
483.102	0.0445862
489.643	0.0442505
496.349	0.0440063
503.221	0.0436096
510.266	0.0435486
517.487	0.0432434
524.888	0.0429993
532.474	0.0427246
540.25	0.042511
548.221	0.0421143
556.39	0.041687
