0 0.35719 0.0931998 305595
2 0.345392 0.0140219 183861
4 0.309765 0.0100483 125726
6 0.282947 0.00808276 96258
8 0.261349 0.00674194 78124
10 0.243769 0.00554437 63529
12 0.228711 0.00501165 57923
14 0.2158 0.00448564 49636
16 0.20492 0.0039198 42832
18 0.195321 0.00361462 39885
20 0.187123 0.00312864 33741
22 0.179233 0.00312403 35904
24 0.172188 0.00294567 30634
26 0.16613 0.00270194 26923
28 0.160668 0.00251594 26346
30 0.155177 0.00248083 27138
32 0.150388 0.00227708 22171
34 0.146172 0.00215928 21288
36 0.142196 0.00208146 20773
38 0.138381 0.0020094 20123
40 0.134752 0.00197071 19496
42 0.131321 0.00196356 18828
44 0.1281 0.00196124 18151
46 0.125421 0.0017717 15020
48 0.122457 0.00175445 17089
50 0.120203 0.00168434 12926
52 0.117497 0.00171741 17445
54 0.11531 0.0016341 12540
56 0.112824 0.00166238 15931
58 0.110782 0.00163828 13269
60 0.108898 0.00150684 10800
62 0.106788 0.00160684 14821
64 0.104948 0.00161248 12243
66 0.103229 0.00155108 12053
68 0.101549 0.00145023 10881
70 0.100019 0.00138507 10000
72 0.0986201 0.00137453 10003
74 0.0972401 0.0013624 10000
76 0.0958786 0.00135357 10000
78 0.0945339 0.00134128 10000
80 0.0932089 0.00132763 10000
82 0.0918989 0.00132034 9999
84 0.0906067 0.00131293 9998
86 0.0893306 0.0013047 10000
88 0.088072 0.00129755 10000
90 0.0868335 0.00128932 10000
92 0.085607 0.00127776 8441
94 0.0846461 0.00135859 7626
96 0.0843988 0.00128612 3945
98 0.0832164 0.00126202 9988
100 0.0820455 0.00124954 10000
102 0.0808908 0.00124239 9281
104 0.0798741 0.00127829 6050
106 0.0797495 0.00124301 4669
108 0.078616 0.00122012 10000
110 0.0775142 0.00120698 8836
112 0.0773307 0.00128792 1351
114 0.0764173 0.00120134 9813
116 0.075341 0.00119078 10000
118 0.0742649 0.00117622 4448
120 0.074288 0.00117981 5552
122 0.0732295 0.00116726 10000
126 0.0721963 0.00115901 9972
128 0.0711817 0.00114518 8516
130 0.0711755 0.00117362 1484
132 0.0701797 0.00114075 10000
134 0.0691804 0.00113076 4493
136 0.0692054 0.00113227 5507
138 0.0682274 0.00112338 8016
140 0.0682139 0.00112096 1984
142 0.0672674 0.00111326 10000
146 0.0663241 0.00110213 10000
150 0.0653932 0.00109368 9997
152 0.0644754 0.00108624 2026
154 0.0644806 0.00108502 7974
156 0.0635682 0.00107166 4570
158 0.0635867 0.00107944 5430
160 0.0626808 0.00106579 4612
162 0.0627016 0.00107021 5388
164 0.0617936 0.00105711 2848
166 0.0618291 0.00105909 7152
170 0.0609605 0.00105113 9997
174 0.0601149 0.00104416 10000
178 0.0592838 0.00103467 10000
182 0.058466 0.00102835 7706
184 0.0584673 0.00102153 2294
188 0.0576599 0.00101723 9012
192 0.0568691 0.0010087 10000
196 0.0560889 0.000999123 6211
198 0.0560959 0.0010052 3789
202 0.0553259 0.000990681 10000
206 0.0545714 0.000979834 5616
208 0.0545793 0.000988032 4384
212 0.0538338 0.000979238 10000
218 0.0531051 0.000971654 9997
222 0.0523795 0.000965432 4913
224 0.0523784 0.000978258 5249
228 0.0516805 0.000961588 7274
230 0.051666 0.000971785 3251
234 0.0509772 0.00095334 8895
236 0.050853 0.00101243 2009
240 0.0502973 0.000945354 9506
242 0.0500866 0.000958516 1883
246 0.049612 0.000932343 9406
248 0.0494107 0.000962715 3337
250 0.0490004 0.000941267 1315
252 0.0489239 0.000942587 8591
254 0.0486539 0.000985517 6627
256 0.0481911 0.000948028 2667
258 0.0482254 0.000939087 6773
260 0.0481312 0.000934073 10459
262 0.0477209 0.000908298 4070
264 0.0475078 0.000905525 3123
266 0.0475103 0.000930693 16933
268 0.0470968 0.000887415 7065
270 0.0469019 0.000882842 5337
272 0.0469057 0.000916429 16125
274 0.0465775 0.000889158 11371
276 0.0463646 0.000884875 7985
278 0.0462451 0.000896731 8421
280 0.0461654 0.000890557 22106
282 0.0458631 0.000863262 11933
284 0.0456867 0.000862309 9272
286 0.0456328 0.000895477 21928
288 0.0453471 0.000884696 19105
290 0.045172 0.00088483 13946
292 0.0450099 0.000879696 11214
294 0.0449416 0.000893801 29758
296 0.0446818 0.000882806 19518
298 0.0445213 0.000879781 15280
300 0.0444106 0.000880695 18873
302 0.0442361 0.000880544 31414
304 0.0440438 0.000870722 21480
306 0.0438926 0.000869442 17648
308 0.0437878 0.000884416 25980
310 0.0435755 0.000878943 31460
312 0.0434166 0.000872187 23068
314 0.0432755 0.00087034 19043
316 0.0431723 0.000867254 30945
318 0.042978 0.000843932 32678
320 0.0428409 0.000847037 25387
322 0.0427039 0.000848858 21041
324 0.0425907 0.000864215 31436
326 0.0424245 0.000855585 33993
328 0.0422884 0.000853153 26318
330 0.042164 0.000852558 22457
332 0.0420495 0.000855319 29794
334 0.0418722 0.000845854 35828
336 0.0417446 0.000842215 27661
338 0.0416257 0.000842798 23663
340 0.0415191 0.000838648 25343
342 0.0413918 0.000841243 36008
344 0.0412599 0.000837406 28561
346 0.0411409 0.000835386 23249
348 0.0410239 0.00083262 20874
350 0.0409127 0.000817875 34310
352 0.0407775 0.000814365 27428
354 0.0406633 0.000813282 23503
356 0.0405491 0.000816574 20500
358 0.0404261 0.000814252 26160
360 0.0402873 0.00080136 26750
362 0.0401858 0.000805402 22771
364 0.0400825 0.000806409 19692
366 0.0399814 0.000806763 18489
368 0.0398588 0.000816092 26582
370 0.0397468 0.000809251 22047
372 0.0396434 0.000810272 19146
374 0.039545 0.000807508 17445
376 0.0394321 0.000807264 19067
378 0.0393131 0.000801492 21226
380 0.0392168 0.000800977 17516
382 0.0391279 0.000800606 17311
384 0.0390288 0.000800262 15368
386 0.0389229 0.000801968 17757
388 0.0388135 0.000802458 17097
390 0.0387102 0.000800716 14850
392 0.0386396 0.000799491 14382
394 0.0385467 0.000798703 13502
396 0.0384258 0.000789252 15331
398 0.0383324 0.000792756 14879
400 0.0382296 0.000786031 12948
402 0.0381686 0.000794859 12343
404 0.0380749 0.000789183 12174
406 0.0379831 0.000784423 13047
408 0.037901 0.000785889 12609
410 0.0378033 0.000782484 10423
412 0.0377382 0.000785798 11475
414 0.0376387 0.000782248 10667
416 0.0375333 0.000795974 10569
418 0.0374603 0.00078931 10478
420 0.0373663 0.000783017 8588
422 0.0373043 0.000786289 10787
424 0.0372148 0.000778643 8829
426 0.0371091 0.000785514 9112
428 0.0370107 0.000783622 8707
430 0.0369554 0.000784882 9442
432 0.0368816 0.000783604 8721
434 0.0367853 0.000782846 6730
436 0.0367516 0.000779557 8637
438 0.0366254 0.000770107 8045
440 0.03658 0.000774216 8998
442 0.0364766 0.000767728 6241
444 0.0364375 0.00077455 8576
446 0.0363257 0.000770513 6963
448 0.0362811 0.000774012 7175
450 0.0361937 0.000769175 6265
452 0.0361322 0.000768636 7290
454 0.0360564 0.000772405 7090
456 0.0359812 0.000765443 5372
458 0.035912 0.000766628 7367
460 0.0358365 0.000767353 6016
462 0.0357629 0.000760563 6784
464 0.0356998 0.000768618 4943
466 0.0356279 0.00075846 6948
468 0.0355467 0.000765872 4386
470 0.0355174 0.000761989 6710
472 0.0354078 0.000753673 5088
474 0.0353574 0.000758146 6887
476 0.0353077 0.000765181 4070
478 0.0352207 0.000754749 6748
480 0.035146 0.00075793 3595
482 0.0351064 0.000752325 6418
484 0.0350265 0.000755689 4576
486 0.0349634 0.000750742 6376
488 0.0349246 0.000762684 3927
490 0.0348255 0.00074299 5972
492 0.034767 0.000761979 3344
494 0.0347276 0.000749672 6039
496 0.0346457 0.000749395 4416
498 0.0345795 0.000746478 5622
500 0.0345494 0.000752666 3896
502 0.0344516 0.000746489 5402
504 0.0344082 0.000749099 3283
506 0.0343465 0.000748659 5817
508 0.0342884 0.000745653 4067
510 0.0342175 0.000744 3845
512 0.0341761 0.000744972 4311
514 0.034122 0.000744982 4407
516 0.0340534 0.000743218 4740
518 0.0339789 0.000740822 3987
520 0.0339567 0.000743388 4454
522 0.0338848 0.000739817 2869
524 0.0338098 0.000734255 5254
526 0.0338068 0.000744337 3948
528 0.0336814 0.000736353 4292
530 0.0336434 0.000726027 2413
532 0.0336205 0.000740104 5630
534 0.0335427 0.000736243 3642
536 0.0334632 0.000732577 2918
538 0.0334724 0.00073751 4162
540 0.0333922 0.000739941 3852
542 0.0333081 0.00072596 4093
544 0.0332627 0.000733081 2060
546 0.0331562 0.000718387 2789
548 0.0331465 0.00072308 2102
550 0.0330331 0.000712189 2118
552 0.032965 0.00071655 1394
554 0.0329431 0.000723203 1250
556 0.0328601 0.000703665 1473
560 0.0327452 0.000704733 1468
