0.05, 1896.123693755
0.1, 1896.123693755
0.15, 1896.123693755
0.2, 1896.123693755
0.25, 1896.123693755
0.3, 1896.123693755
0.35, 1896.123693755
0.4, 1896.123693755
0.45, 1896.123693755
0.5, 1896.123693755
0.55, 1896.123693755
0.6, 1896.123693755
0.65, 1896.123693755
0.7, 1896.123693755
0.75, 1896.123693755
0.8, 1896.123693755
0.85, 1896.123693755
0.9, 1896.123693755
0.95, 1896.123693755
1, 1896.123693755
1.05, 1896.123693755
1.1, 1896.123693755
1.15, 1896.123693755
1.2, 1896.123693755
1.25, 1896.123693755
1.3, 1896.123693755
1.35, 1896.123693755
1.4, 1896.123693755
1.45, 1896.123693755
1.5, 1896.123693755
1.55, 1896.123693755
1.6, 1896.123693755
1.65, 1896.123693755
1.7, 1896.123693755
1.75, 1896.123693755
1.8, 1896.123693755
1.85, 1896.123693755
1.9, 1896.123693755
1.95, 1896.123693755
2, 1896.123693755
2.05, 1896.123693755
2.1, 1896.123693755
2.15, 1896.123693755
2.2, 1896.123693755
2.25, 1896.123693755
2.3, 1896.123693755
2.35, 1896.123693755
2.4, 1896.123693755
2.45, 1896.123693755
2.5, 1896.123693755
2.55, 1896.123693755
2.6, 1896.123693755
2.65, 1896.123693755
2.7, 1896.123693755
2.75, 1896.123693755
2.8, 1896.123693755
2.85, 1896.123693755
2.9, 1896.123693755
2.95, 1896.123693755
3, 1896.125790677
3.05, 1896.060724718
3.11, 1895.851270151
3.1715, 1895.540154572
3.23454, 1894.860068460
3.29915, 1893.686735992
3.36538, 1892.265326095
3.43326, 1890.407956455
3.50285, 1887.755323896
3.57417, 1884.291351135
3.64727, 1879.721683405
3.7222, 1873.695312425
3.79901, 1866.156028329
3.87773, 1857.307905783
3.95843, 1847.172268050
4.04114, 1834.822250402
4.12592, 1820.948156780
4.21281, 1804.576753154
4.30188, 1786.174781145
4.39318, 1764.702468571
4.48676, 1741.695612781
4.58268, 1717.801340437
4.681, 1692.275334409
4.78177, 1665.127978682
4.88507, 1636.927762505
4.99094, 1608.347754274
5.09947, 1579.349597712
5.2107, 1549.642336183
5.32472, 1519.255281252
5.44159, 1487.970061306
5.56138, 1456.370634570
5.68416, 1425.153677782
5.81002, 1394.544360039
5.93902, 1364.230953745
6.07124, 1334.281101112
6.20677, 1305.138013935
6.34569, 1277.134133743
6.48808, 1249.985152357
6.63404, 1223.963941764
6.78364, 1198.946418424
6.93698, 1174.898077209
7.09415, 1151.639560320
7.25526, 1129.185401512
7.42039, 1107.360858077
7.58965, 1086.690282997
7.76314, 1066.851849605
7.94097, 1047.779882347
8.12324, 1029.669828600
8.31007, 1012.494352052
8.50157, 996.266761937
8.69786, 981.112390997
8.89906, 966.929086550
9.10529, 953.359904435
9.31667, 940.535824650
9.53334, 928.346529633
9.75542, 916.554806379
9.98306, 905.018402499
10.2164, 893.854681728
10.4555, 882.987167598
10.7007, 872.515731901
10.9519, 862.449950955
11.2095, 852.574318495
11.4735, 842.958803620
11.7441, 833.727238667
12.0214, 824.823360328
12.3057, 816.200317674
12.5971, 807.749646140
12.8958, 799.544221702
13.2019, 791.528970917
13.5157, 783.781276303
13.8374, 776.178284339
14.167, 768.788420264
14.505, 761.636203112
14.8513, 754.723109601
15.2064, 747.816520774
15.5703, 741.061653561
15.9433, 734.559592072
16.3256, 728.248261293
16.7175, 722.141085495
17.1192, 716.103597768
17.5309, 710.199876943
17.953, 704.449207381
18.3855, 698.837766200
18.8289, 693.406274137
19.2834, 688.157090379
19.7492, 683.058032233
20.2267, 678.142165222
20.7161, 673.348744134
21.2178, 668.699972920
21.732, 664.152435342
22.259, 659.733237608
22.7993, 655.424076215
23.353, 651.212706535
23.9206, 647.138437514
24.5023, 643.121862920
25.0986, 639.264464055
25.7098, 635.536738078
26.3363, 631.950661571
26.9785, 628.516059775
27.6367, 625.178423456
28.3114, 621.938442477
29.0029, 618.835792686
29.7117, 615.878097307
30.4383, 613.036616527
31.183, 610.305746578
31.9463, 607.667463836
32.7287, 605.133546461
33.5307, 602.676991187
34.3527, 600.340926138
35.1953, 598.069012850
36.0589, 595.884017908
36.9441, 593.751012479
37.8515, 591.686721105
38.7815, 589.679564116
39.7348, 587.750344323
40.7119, 585.862256839
41.7135, 584.027951319
42.7401, 582.232504735
43.7923, 580.481852680
44.8709, 578.802952596
45.9764, 577.166542532
47.1096, 575.585015209
48.271, 574.066408705
49.4616, 572.571254071
50.6819, 571.131959155
51.9327, 569.732326946
53.2147, 568.367175434
54.5288, 567.017775136
55.8758, 565.720786748
57.2565, 564.457185026
58.6716, 563.216269890
60.1222, 562.005017516
61.609, 560.828866503
63.1329, 559.669318026
64.695, 558.532288890
66.2961, 557.435574947
67.9373, 556.369465506
69.6195, 555.341314620
71.3437, 554.324401808
73.1111, 553.335644860
74.9226, 552.373715025
76.7794, 551.432887934
78.6826, 550.522911203
80.6334, 549.615270205
82.633, 548.737979275
84.6826, 547.885674675
86.7834, 547.053826573
88.9368, 546.232355949
91.1439, 545.433925808
93.4063, 544.656930606
95.7252, 543.901560375
98.1021, 543.177946091
100.538, 542.453800058
103.036, 541.755272475
105.595, 541.078945767
108.219, 540.418818153
110.908, 539.780687188
113.665, 539.156927545
116.49, 538.546964917
119.386, 537.941607660
122.354, 537.356746063
125.397, 536.800155781
128.516, 536.253645541
131.712, 535.705418532
134.989, 535.168428850
138.347, 534.648489142
141.79, 534.150318036
145.318, 533.654541360
148.935, 533.176685755
152.642, 532.702098010
156.442, 532.254662996
160.337, 531.812436819
164.329, 531.379252221
168.421, 530.949603125
172.615, 530.537794010
176.914, 530.117446841
181.321, 529.708378812
185.837, 529.314164197
190.467, 528.915154356
195.213, 528.534082811
200.077, 528.153440348
205.062, 527.759587782
210.173, 527.419662178
215.411, 527.052186278
220.78, 526.707712359
226.283, 526.347929167
231.924, 526.011325647
237.706, 525.664654595
243.632, 525.335771948
249.707, 524.982840502
255.933, 524.674334969
262.315, 524.337368910
268.857, 524.033855269
275.562, 523.719314632
282.435, 523.407208546
289.479, 523.117973122
296.7, 522.799537832
304.101, 522.514363158
311.687, 522.232455226
319.463, 521.926462014
327.434, 521.658969188
335.603, 521.373829526
343.977, 521.107219301
352.56, 520.829038986
361.358, 520.594936402
370.376, 520.279278783
379.619, 520.128255616
389.093, 519.722280244
398.804, 519.744975524
398.854, 519.332191383
398.914, 519.330370351
398.976, 519.328497213
399.039, 519.326594566
399.103, 519.324663621
399.17, 519.322687854
399.238, 519.320680122
399.307, 519.318640037
399.378, 519.316557063
399.452, 519.314435872
399.526, 519.312288902
399.603, 519.310090976
399.682, 519.307857626
399.763, 519.305606427
399.845, 519.303303109
399.93, 519.300950176
400.017, 519.298549666
400.106, 519.296104271
400.197, 519.293619446
400.291, 519.291089598
400.387, 519.288505705
400.485, 519.285873197
400.586, 519.283194802
400.689, 519.280458583
400.795, 519.277672825
400.904, 519.274835892
401.015, 519.271941962
401.129, 519.268987278
401.246, 519.265976477
401.366, 519.262907705
401.488, 519.259773904
401.614, 519.256574928
401.743, 519.253372183
401.876, 519.250062519
402.011, 519.246672180
402.15, 519.243213143
402.292, 519.239681840
402.438, 519.236076851
402.588, 519.232388400
402.741, 519.228616642
402.898, 519.224774986
403.06, 519.220835956
403.225, 519.216845173
403.394, 519.212754986
403.567, 519.208560222
403.745, 519.204270854
403.928, 519.199994639
404.114, 519.195569047
404.306, 519.191007743
404.502, 519.186331346
404.703, 519.181551501
404.91, 519.176658672
405.121, 519.171648387
405.338, 519.166519590
405.56, 519.161267300
405.787, 519.155895303
406.021, 519.150389818
406.26, 519.144860258
406.505, 519.139124110
406.756, 519.133235119
407.014, 519.127207477
407.278, 519.121061500
407.548, 519.114746967
407.826, 519.108264614
408.11, 519.101629089
408.401, 519.094832868
408.7, 519.087934072
409.006, 519.080891879
409.32, 519.073609998
409.642, 519.066147728
409.971, 519.058503885
410.309, 519.050676375
410.656, 519.042878268
411.011, 519.034719634
411.375, 519.026337109
411.748, 519.017740196
412.13, 519.008944605
412.522, 519.000106539
412.923, 518.990885754
413.335, 518.981435581
413.757, 518.971754218
414.19, 518.962157224
414.633, 518.952251334
415.088, 518.941896608
415.554, 518.931333922
416.031, 518.920627301
416.52, 518.909629180
417.022, 518.898286292
417.536, 518.886754852
418.063, 518.874950302
418.604, 518.862890669
419.157, 518.850463970
419.725, 518.837745153
420.307, 518.824722051
420.903, 518.811397284
421.514, 518.797756110
422.141, 518.783792444
422.783, 518.769593044
423.441, 518.755235435
424.116, 518.740401186
424.807, 518.725173926
425.516, 518.709714456
426.243, 518.693746550
426.987, 518.677405605
427.751, 518.660704762
428.533, 518.643687750
429.335, 518.626423682
430.157, 518.608542224
431, 518.590298260
431.863, 518.571905185
432.748, 518.552774915
433.656, 518.533326396
434.586, 518.513779332
435.539, 518.493541516
436.516, 518.472656625
437.518, 518.451329987
438.544, 518.430055804
439.597, 518.408021607
440.675, 518.385240288
441.781, 518.362598367
442.914, 518.339105791
444.075, 518.315508165
445.266, 518.291404967
446.486, 518.266865409
447.737, 518.241358017
449.019, 518.215394296
450.333, 518.189046269
451.68, 518.161830731
453.061, 518.134362189
454.476, 518.106576680
455.926, 518.077980232
457.413, 518.048357567
