0.05	0.000000
0.1	0.000000
0.15	55.425888
0.2	55.425888
0.25	55.425888
0.3	55.425888
0.35	55.425888
0.4	55.425888
0.45	55.425888
0.5	55.425888
0.55	55.425888
0.6	55.425888
0.65	55.425888
0.7	55.425888
0.75	55.425888
0.8	55.425888
0.85	55.425888
0.9	55.425888
0.95	55.425888
1	55.425888
1.05	55.425888
1.1	55.425888
1.15	55.425888
1.2	55.425888
1.25	55.425888
1.3	55.425888
1.35	55.425888
1.4	55.425888
1.45	55.425888
1.5	55.425888
1.55	55.425888
1.6	55.425888
1.65	55.425888
1.7	55.425888
1.75	55.425888
1.8	55.425888
1.85	55.425888
1.9	55.425888
1.95	55.425888
2	55.425888
2.05	55.425888
2.1	55.425888
2.15	55.425888
2.2	55.425888
2.25	55.425888
2.3	55.425888
2.35	55.425888
2.4	55.425888
2.45	55.425888
2.5	55.425888
2.55	55.425888
2.6	55.425888
2.65	55.425888
2.7	55.425888
2.75	55.425888
2.8	55.425888
2.85	55.425888
2.9	55.425888
2.95	55.425888
3	55.425888
3.05	55.425888
3.1	55.425888
3.15	55.425848
3.2	55.420422
3.26	55.412659
3.3215	55.396823
3.38454	55.368238
3.44915	55.326945
3.51538	55.279660
3.58326	55.219931
3.65285	55.146451
3.72417	55.065337
3.79727	54.963687
3.8722	54.839497
3.94901	54.676707
4.02773	54.482456
4.10843	54.260077
4.19114	53.991035
4.27592	53.673471
4.36281	53.317762
4.45188	52.921722
4.54318	52.501676
4.63676	52.040322
4.73268	51.551440
4.831	51.029233
4.93177	50.476444
5.03507	49.870290
5.14094	49.230435
5.24947	48.569430
5.3607	47.878111
5.47472	47.158884
5.59159	46.425742
5.71138	45.690990
5.83416	44.935669
5.96002	44.167869
6.08902	43.406096
6.22124	42.641264
6.35677	41.885250
6.49569	41.137624
6.63808	40.400343
6.78404	39.672542
6.93364	38.957146
7.08698	38.258784
7.24415	37.582239
7.40526	36.923716
7.57039	36.292852
7.73965	35.679366
7.91314	35.085864
8.09097	34.518566
8.27324	33.975268
8.46007	33.454194
8.65157	32.954741
8.84786	32.475321
9.04906	32.015090
9.25529	31.570781
9.46667	31.146406
9.68334	30.732816
9.90542	30.329116
10.1331	29.932672
10.3664	29.543840
10.6055	29.164304
10.8507	28.792955
11.1019	28.428588
11.3595	28.066822
11.6235	27.708383
11.8941	27.352552
12.1714	27.000758
12.4557	26.653855
12.7471	26.315314
13.0458	25.987332
13.3519	25.665838
13.6657	25.348678
13.9874	25.037608
14.317	24.733526
14.655	24.433997
15.0013	24.134741
15.3564	23.836724
15.7203	23.540443
16.0933	23.246498
16.4756	22.957899
16.8675	22.675777
17.2692	22.395823
17.6809	22.117805
18.103	21.838086
18.5355	21.556149
18.9789	21.277684
19.4334	21.001783
19.8992	20.725094
20.3767	20.451797
20.8661	20.181185
21.3678	19.914730
21.882	19.651972
22.409	19.390458
22.9493	19.134527
23.503	18.884398
24.0706	18.639831
24.6523	18.400442
25.2486	18.165926
25.8598	17.935975
26.4863	17.710564
27.1285	17.491211
27.7867	17.279038
28.4614	17.070381
29.1529	16.866190
29.8617	16.667896
30.5883	16.474122
31.333	16.286438
32.0963	16.105046
32.8787	15.928012
33.6807	15.756626
34.5027	15.588593
35.3453	15.426489
36.2089	15.268849
37.0941	15.115178
38.0015	14.967201
38.9315	14.825081
39.8848	14.687897
40.8619	14.554546
41.8635	14.424672
42.8901	14.300284
43.9423	14.180153
45.0209	14.064077
46.1264	13.953580
47.2596	13.848192
48.421	13.748130
49.6116	13.651054
50.8319	13.558285
52.0827	13.469074
53.3647	13.384296
54.6788	13.303621
56.0258	13.224929
57.4065	13.149624
58.8216	13.077825
60.2722	13.009596
61.759	12.944224
63.2829	12.882389
64.845	12.823101
66.4461	12.767356
68.0873	12.715216
69.7695	12.666841
71.4937	12.621800
73.2611	12.579585
75.0726	12.539617
76.9294	12.502552
78.8326	12.468422
80.7834	12.436584
82.783	12.405791
84.8326	12.376849
86.9334	12.349762
89.0868	12.324567
91.2939	12.300828
93.5563	12.279203
95.8752	12.259251
98.2521	12.239926
100.688	12.221926
103.186	12.206235
105.745	12.192295
108.369	12.179324
111.058	12.167537
113.815	12.156792
116.64	12.147307
119.536	12.138659
122.504	12.130545
125.547	12.123787
128.666	12.117899
131.862	12.113395
135.139	12.108640
138.497	12.104711
141.94	12.101797
145.468	12.099640
149.085	12.097531
152.792	12.095644
156.592	12.093040
160.487	12.090512
164.479	12.089445
168.571	12.088080
172.765	12.086504
177.064	12.085956
181.471	12.085692
185.987	12.086241
190.617	12.086389
195.363	12.086474
200.227	12.086722
205.212	12.087846
210.323	12.089427
215.561	12.090288
220.93	12.091171
226.433	12.093302
232.074	12.095998
237.856	12.097544
243.782	12.099576
249.857	12.101622
256.083	12.104466
262.465	12.106931
269.007	12.111254
275.712	12.114149
282.585	12.118131
289.629	12.119793
296.85	12.123493
304.251	12.125472
311.837	12.129279
319.613	12.130306
327.584	12.134123
335.753	12.135119
344.127	12.139525
352.71	12.139384
361.508	12.144112
370.526	12.141652
379.769	12.148671
379.819	12.142374
379.879	12.142441
379.94	12.142520
380.004	12.142599
380.068	12.142680
380.134	12.142762
380.202	12.142845
380.272	12.142929
380.343	12.143013
380.416	12.143099
380.491	12.143185
380.568	12.143271
380.647	12.143359
380.727	12.143447
380.81	12.143536
380.895	12.143626
380.982	12.143717
381.071	12.143808
381.162	12.143900
381.256	12.143993
381.352	12.144087
381.45	12.144181
381.551	12.144276
381.654	12.144369
381.76	12.144460
381.868	12.144552
381.98	12.144644
382.094	12.144737
382.211	12.144830
382.33	12.144924
382.453	12.145018
382.579	12.145112
382.708	12.145207
382.84	12.145301
382.976	12.145396
383.115	12.145492
383.257	12.145587
383.403	12.145683
383.553	12.145778
383.706	12.145872
383.863	12.145967
384.024	12.146062
384.189	12.146157
384.359	12.146252
384.532	12.146348
384.71	12.146440
384.892	12.146525
385.079	12.146610
385.271	12.146694
385.467	12.146779
385.668	12.146867
385.874	12.146958
386.086	12.147047
386.302	12.147137
386.524	12.147226
386.752	12.147315
386.985	12.147405
387.225	12.147494
387.47	12.147584
387.721	12.147675
387.978	12.147766
388.242	12.147858
388.513	12.147950
388.79	12.148042
389.075	12.148136
389.366	12.148230
389.665	12.148324
389.971	12.148419
390.285	12.148509
390.606	12.148601
390.936	12.148694
391.274	12.148788
391.62	12.148884
391.975	12.148977
392.339	12.149055
392.712	12.149133
393.095	12.149212
393.486	12.149294
393.888	12.149381
394.3	12.149473
394.722	12.149569
395.155	12.149665
395.598	12.149747
396.052	12.149819
396.518	12.149894
396.996	12.149977
397.485	12.150058
397.987	12.150141
398.501	12.150226
399.028	12.150316
399.568	12.150414
400.122	12.150519
400.69	12.150636
401.271	12.150738
401.868	12.150857
402.479	12.150988
403.105	12.151128
403.747	12.151279
404.406	12.151440
405.08	12.151610
405.772	12.151775
406.481	12.151887
407.207	12.151998
407.952	12.152122
408.715	12.152259
409.498	12.152401
410.3	12.152542
411.122	12.152704
411.964	12.152878
412.828	12.153071
413.713	12.153286
414.62	12.153469
415.55	12.153662
416.504	12.153831
417.481	12.153976
418.482	12.154158
419.509	12.154327
420.561	12.154416
421.64	12.154500
422.745	12.154616
423.879	12.154740
425.04	12.154846
426.231	12.154963
427.451	12.155102
428.702	12.155213
429.984	12.155344
431.298	12.155466
432.645	12.155615
434.025	12.155797
435.441	12.156035
436.891	12.156253
