0.05, 0
0.1, 0
0.15, 0
0.2, 0
0.25, 0
0.3, 0
0.35, 0
0.4, 0
0.45, 0
0.5, 0
0.55, 0
0.6, 0
0.65, 0
0.7, 0
0.75, 0
0.8, 0
0.85, 0
0.9, 0
0.95, 0
1, 0
1.05, 0
1.1, 0
1.15, 0
1.2, 0
1.25, 0
1.3, 0
1.35, 0
1.4, 0
1.45, 0
1.5, 0
1.55, 0
1.6, 0
1.65, 0
1.7, 0
1.75, 0
1.8, 0
1.85, 0
1.9, 0
1.95, 0
2, 0
2.05, 0
2.1, 0
2.15, 0
2.2, 0
2.25, 0
2.3, 0
2.35, 0
2.4, 0
2.45, 0
2.5, 0
2.55, 0
2.6, 0
2.65, 0
2.7, 0
2.75, 0
2.8, 0
2.85, 0
2.9, 0
2.95, 0
3, 0
3.05, 3.05176e-05
3.11, 6.10352e-05
3.1715, 6.10352e-05
3.23454, 0.000213623
3.29915, 0.000244141
3.36538, 0.000305176
3.43326, 0.000457764
3.50285, 0.000640869
3.57417, 0.000823975
3.64727, 0.00112915
3.7222, 0.00143433
3.79901, 0.00180054
3.87773, 0.00213623
3.95843, 0.00256348
4.04114, 0.00314331
4.12592, 0.00375366
4.21281, 0.00457764
4.30188, 0.00540161
4.39318, 0.00640869
4.48676, 0.00689697
4.58268, 0.00772095
4.681, 0.00872803
4.78177, 0.00967407
4.88507, 0.0105591
4.99094, 0.0114136
5.09947, 0.0124207
5.2107, 0.0137024
5.32472, 0.0152283
5.44159, 0.0166321
5.56138, 0.0177002
5.68416, 0.0190735
5.81002, 0.0202026
5.93902, 0.0220337
6.07124, 0.0231323
6.20677, 0.0244446
6.34569, 0.0257263
6.48808, 0.0270996
6.63404, 0.0283203
6.78364, 0.0297241
6.93698, 0.0308228
7.09415, 0.032196
7.25526, 0.033905
7.42039, 0.0350952
7.58965, 0.0361328
7.76314, 0.0376282
7.94097, 0.0386353
8.12324, 0.0397949
8.31007, 0.040863
8.50157, 0.0415649
8.69786, 0.0422668
8.89906, 0.0430908
9.10529, 0.0438538
9.31667, 0.0444031
9.53334, 0.0452881
9.75542, 0.0464478
9.98306, 0.0475159
10.2164, 0.0483093
10.4555, 0.0488586
10.7007, 0.0491943
10.9519, 0.0497131
11.2095, 0.0506897
11.4735, 0.051239
11.7441, 0.0516357
12.0214, 0.052002
12.3057, 0.0525818
12.5971, 0.052887
12.8958, 0.0535889
13.2019, 0.0540771
13.5157, 0.0545654
13.8374, 0.0550842
14.167, 0.0555725
14.505, 0.0559082
14.8513, 0.0562134
15.2064, 0.0569153
15.5703, 0.0571899
15.9433, 0.0572205
16.3256, 0.0572205
16.7175, 0.0578308
17.1192, 0.0584106
17.5309, 0.0586853
17.953, 0.0588989
18.3855, 0.0592651
18.8289, 0.0594177
19.2834, 0.0596008
19.7492, 0.0598145
20.2267, 0.0600281
20.7161, 0.0605164
21.2178, 0.0605774
21.732, 0.0609131
22.259, 0.0613708
22.7993, 0.0615845
23.353, 0.0619812
23.9206, 0.0621643
24.5023, 0.062439
25.0986, 0.0625916
25.7098, 0.0625916
26.3363, 0.0626526
26.9785, 0.0627747
27.6367, 0.0628662
28.3114, 0.0626831
29.0029, 0.0625916
29.7117, 0.0627136
30.4383, 0.0629883
31.183, 0.0632629
31.9463, 0.063385
32.7287, 0.0635071
33.5307, 0.0635986
34.3527, 0.0637207
35.1953, 0.0639648
36.0589, 0.0640564
36.9441, 0.0641174
37.8515, 0.0640259
38.7815, 0.0641174
39.7348, 0.06427
40.7119, 0.0643311
41.7135, 0.0644531
42.7401, 0.0643005
43.7923, 0.0642395
44.8709, 0.0641174
45.9764, 0.0639954
47.1096, 0.0637207
48.271, 0.0638123
49.4616, 0.0635986
50.6819, 0.0633545
51.9327, 0.0631714
53.2147, 0.0631409
54.5288, 0.0632324
55.8758, 0.0632019
57.2565, 0.0628967
58.6716, 0.0627441
60.1222, 0.0626221
61.609, 0.0627441
63.1329, 0.0627136
64.695, 0.0625916
66.2961, 0.0623169
67.9373, 0.0620422
69.6195, 0.0619507
71.3437, 0.0620422
73.1111, 0.0619507
74.9226, 0.0617676
76.7794, 0.0614014
78.6826, 0.0610962
80.6334, 0.0610046
82.633, 0.0609436
84.6826, 0.060791
86.7834, 0.0608215
88.9368, 0.0602417
91.1439, 0.0600891
93.4063, 0.059906
95.7252, 0.0598755
98.1021, 0.0596313
100.538, 0.0592957
103.036, 0.0589905
105.595, 0.0588684
108.219, 0.0584717
110.908, 0.0582886
113.665, 0.058075
116.49, 0.0578003
119.386, 0.0574341
122.354, 0.0570679
125.397, 0.0567322
128.516, 0.0563049
131.712, 0.0561523
134.989, 0.055542
138.347, 0.0552063
141.79, 0.0547485
145.318, 0.0543823
148.935, 0.0540466
152.642, 0.0537109
156.442, 0.0533752
160.337, 0.0529175
164.329, 0.0523987
168.421, 0.052002
172.615, 0.0514221
176.914, 0.0509949
181.321, 0.0509949
185.837, 0.0505371
190.467, 0.0500793
195.213, 0.0497742
200.077, 0.0494995
205.062, 0.0491638
210.173, 0.0489807
215.411, 0.0485229
220.78, 0.0480042
226.283, 0.0475464
231.924, 0.0471191
237.706, 0.046814
243.632, 0.0465088
249.707, 0.0460815
255.933, 0.0457153
262.315, 0.0453186
268.857, 0.0450745
275.562, 0.0444946
282.435, 0.0441589
289.479, 0.0438538
296.7, 0.0431824
304.101, 0.0427856
311.687, 0.042511
319.463, 0.0419617
327.434, 0.0414734
335.603, 0.0411682
343.977, 0.040802
352.56, 0.0403137
361.358, 0.039917
370.376, 0.0396118
379.619, 0.0392456
389.093, 0.0389099
398.804, 0.0384521
398.854, 0.0378113
398.914, 0.0378113
398.976, 0.0378113
399.039, 0.0378113
399.103, 0.0378113
399.17, 0.0378113
399.238, 0.0378113
399.307, 0.0378113
399.378, 0.0378113
399.452, 0.0378113
399.526, 0.0378113
399.603, 0.0378113
399.682, 0.0378113
399.763, 0.0378113
399.845, 0.0377808
399.93, 0.0377808
400.017, 0.0377808
400.106, 0.0377808
400.197, 0.0377808
400.291, 0.0377808
400.387, 0.0377808
400.485, 0.0377808
400.586, 0.0377808
400.689, 0.0377808
400.795, 0.0377808
400.904, 0.0377808
401.015, 0.0377808
401.129, 0.0377808
401.246, 0.0377808
401.366, 0.0377808
401.488, 0.0377808
401.614, 0.0377808
401.743, 0.0377808
401.876, 0.0377502
402.011, 0.0377502
402.15, 0.0377502
402.292, 0.0377502
402.438, 0.0377502
402.588, 0.0377502
402.741, 0.0377502
402.898, 0.0377502
403.06, 0.0377502
403.225, 0.0377502
403.394, 0.0377197
403.567, 0.0377197
403.745, 0.0377197
403.928, 0.0376892
404.114, 0.0376587
404.306, 0.0376587
404.502, 0.0376587
404.703, 0.0376587
404.91, 0.0376587
405.121, 0.0376587
405.338, 0.0376587
405.56, 0.0376587
405.787, 0.0376587
406.021, 0.0376587
406.26, 0.0376587
406.505, 0.0376282
406.756, 0.0376282
407.014, 0.0376282
407.278, 0.0376282
407.548, 0.0375977
407.826, 0.0375977
408.11, 0.0375977
408.401, 0.0375977
408.7, 0.0375977
409.006, 0.0375671
409.32, 0.0375671
409.642, 0.0375671
409.971, 0.0375671
410.309, 0.0375671
410.656, 0.0375671
411.011, 0.0375061
411.375, 0.0374756
411.748, 0.0374756
412.13, 0.0374756
412.522, 0.0374451
412.923, 0.0374146
413.335, 0.0374146
413.757, 0.0374146
414.19, 0.0374146
414.633, 0.0372925
415.088, 0.0372925
415.554, 0.0372925
416.031, 0.037262
416.52, 0.0372314
417.022, 0.0372314
417.536, 0.0372009
418.063, 0.0372009
418.604, 0.0371704
419.157, 0.0371704
419.725, 0.0371704
420.307, 0.0371704
420.903, 0.0371704
421.514, 0.0371704
422.141, 0.0371704
422.783, 0.0371704
423.441, 0.0371399
424.116, 0.0371094
424.807, 0.0371399
425.516, 0.0371399
426.243, 0.0371094
426.987, 0.0371094
427.751, 0.0370789
428.533, 0.0370789
429.335, 0.0370483
430.157, 0.0370178
431, 0.0370178
431.863, 0.0369568
432.748, 0.0369568
433.656, 0.0369263
434.586, 0.0369263
435.539, 0.0368652
436.516, 0.0368652
437.518, 0.0368652
438.544, 0.0368347
439.597, 0.0367737
440.675, 0.0367737
441.781, 0.0367432
442.914, 0.0366821
444.075, 0.0366516
445.266, 0.0366211
446.486, 0.036499
447.737, 0.0364685
449.019, 0.0364685
450.333, 0.036438
451.68, 0.0364075
453.061, 0.036377
454.476, 0.0363159
455.926, 0.0362244
0.05, 0.0361938
