 0.000  0.000000
 1.000  0.000000
 2.000  46.520460
 3.000  45.754748
 4.000  45.554566
 5.000  45.295248
 6.000  43.830247
 7.000  40.746991
 8.000  38.398435
 9.000  37.686829
10.000  37.396340
11.000  36.997486
12.000  35.387075
13.000  33.898026
14.000  32.978202
15.000  32.373146
16.000  31.707522
17.000  30.697789
18.000  29.781785
19.000  28.943389
20.000  28.171094
21.000  27.455631
22.000  26.789848
23.000  26.167201
24.000  25.583147
25.000  25.033902
26.000  24.516390
27.000  24.027631
28.000  23.565440
29.000  23.127762
30.000  22.712561
31.000  22.318505
32.000  21.944046
33.000  21.587911
34.000  21.248976
35.000  20.926161
36.000  20.618334
37.000  20.324701
38.000  20.044131
39.000  19.776231
40.000  19.520259
41.000  19.275233
42.000  19.040559
43.000  18.815710
44.000  18.600186
45.000  18.393478
46.000  18.195017
47.000  18.004306
48.000  17.820891
49.000  17.644236
50.000  17.474190
51.000  17.310595
52.000  17.152922
53.000  17.000681
54.000  16.853656
55.000  16.711746
56.000  16.574985
57.000  16.442817
58.000  16.315178
59.000  16.191904
60.000  16.072624
61.000  15.956910
62.000  15.845134
63.000  15.736801
64.000  15.631979
65.000  15.530760
66.000  15.432950
67.000  15.338061
68.000  15.245693
69.000  15.156048
70.000  15.069357
71.000  14.985141
72.000  14.903089
73.000  14.822963
74.000  14.745335
75.000  14.669911
76.000  14.596282
77.000  14.524799
78.000  14.455414
79.000  14.388483
80.000  14.323758
81.000  14.261080
82.000  14.200371
83.000  14.141502
84.000  14.083986
85.000  14.028435
86.000  13.974669
87.000  13.922071
88.000  13.870991
89.000  13.821757
90.000  13.773619
91.000  13.726503
92.000  13.680542
93.000  13.635451
94.000  13.591835
95.000  13.549591
96.000  13.508419
97.000  13.467971
98.000  13.429019
99.000  13.390854
100.000  13.354353
101.000  13.319375
102.000  13.285658
103.000  13.252269
104.000  13.219429
105.000  13.187312
106.000  13.156558
107.000  13.126522
108.000  13.097150
109.000  13.068193
110.000  13.039556
111.000  13.012698
112.000  12.986858
113.000  12.961113
114.000  12.935450
115.000  12.909798
116.000  12.885552
117.000  12.861749
118.000  12.837805
119.000  12.814490
120.000  12.791979
121.000  12.769355
122.000  12.746619
123.000  12.724687
124.000  12.703645
125.000  12.682505
126.000  12.662183
127.000  12.642269
128.000  12.623029
129.000  12.604124
130.000  12.583925
131.000  12.564767
132.000  12.545566
133.000  12.527110
134.000  12.509127
135.000  12.491098
136.000  12.474016
137.000  12.458081
138.000  12.442452
139.000  12.427768
140.000  12.414393
141.000  12.401762
142.000  12.389452
143.000  12.377820
144.000  12.366116
145.000  12.354371
146.000  12.343384
147.000  12.333058
148.000  12.322764
149.000  12.313357
150.000  12.304717
151.000  12.296710
152.000  12.289290
153.000  12.281359
154.000  12.274449
155.000  12.268263
156.000  12.262898
157.000  12.257567
158.000  12.252302
159.000  12.247347
160.000  12.243243
161.000  12.237625
162.000  12.232613
163.000  12.226919
164.000  12.221655
165.000  12.216692
166.000  12.211941
167.000  12.209003
168.000  12.204640
169.000  12.200609
170.000  12.195957
171.000  12.191546
172.000  12.186553
173.000  12.181679
174.000  12.177241
175.000  12.174170
176.000  12.170998
177.000  12.168128
178.000  12.165843
179.000  12.163110
180.000  12.162006
181.000  12.161278
182.000  12.161865
183.000  12.162143
184.000  12.164490
185.000  12.165514
186.000  12.169548
187.000  12.169727
188.000  12.174337
189.000  12.172062
190.000  12.179775
191.000  12.173097
192.000  12.173210
193.000  12.173345
194.000  12.173482
195.000  12.173622
196.000  12.173764
197.000  12.173908
198.000  12.174054
199.000  12.174201
200.000  12.174351
201.000  12.174502
202.000  12.174656
203.000  12.174813
204.000  12.174965
205.000  12.175119
206.000  12.175274
207.000  12.175417
208.000  12.175559
209.000  12.175701
210.000  12.175845
211.000  12.175988
212.000  12.176133
213.000  12.176278
214.000  12.176423
215.000  12.176566
216.000  12.176705
217.000  12.176842
218.000  12.176976
219.000  12.177105
220.000  12.177231
221.000  12.177353
222.000  12.177476
223.000  12.177598
224.000  12.177719
225.000  12.177840
226.000  12.177961
227.000  12.178079
228.000  12.178197
229.000  12.178316
230.000  12.178436
231.000  12.178554
232.000  12.178670
233.000  12.178781
234.000  12.178893
235.000  12.179007
236.000  12.179127
237.000  12.179251
238.000  12.179375
239.000  12.179490
240.000  12.179594
241.000  12.179686
242.000  12.179758
243.000  12.179826
244.000  12.179899
245.000  12.179974
246.000  12.180047
247.000  12.180126
248.000  12.180212
249.000  12.180302
250.000  12.180398
251.000  12.180484
252.000  12.180564
253.000  12.180638
254.000  12.180721
255.000  12.180805
256.000  12.180868
257.000  12.180919
258.000  12.180976
259.000  12.181049
260.000  12.181136
261.000  12.181237
262.000  12.181345
263.000  12.181459
264.000  12.181588
265.000  12.181700
266.000  12.181823
267.000  12.181950
268.000  12.182057
269.000  12.182172
270.000  12.182302
271.000  12.182461
272.000  12.182645
273.000  12.182819
274.000  12.182988
275.000  12.183098
276.000  12.183206
277.000  12.183289
278.000  12.183357
279.000  12.183454
280.000  12.183565
281.000  12.183692
282.000  12.183841
283.000  12.184004
284.000  12.184165
285.000  12.184356
286.000  12.184585
287.000  12.184806
288.000  12.185029
289.000  12.185257
290.000  12.185487
291.000  12.185734
292.000  12.186003
293.000  12.186315
294.000  12.186617
295.000  12.186827
296.000  12.187016
297.000  12.187131
298.000  12.187270
299.000  12.187431
300.000  12.187575
301.000  12.187750
302.000  12.187922
303.000  12.187972
304.000  12.187887
305.000  12.187845
306.000  12.187800
307.000  12.187736
308.000  12.187688
309.000  12.187742
310.000  12.187906
311.000  12.188089
312.000  12.188275
313.000  12.188442
314.000  12.188605
315.000  12.188805
316.000  12.188998
317.000  12.189171
318.000  12.189344
319.000  12.189562
320.000  12.189741
321.000  12.189962
322.000  12.190231
323.000  12.190494
324.000  12.190701
325.000  12.190902
326.000  12.191203
327.000  12.191363
328.000  12.191410
329.000  12.191650
330.000  12.192044
331.000  12.192581
332.000  12.192980
333.000  12.193330
334.000  12.193712
335.000  12.194191
336.000  12.194864
337.000  12.195668
338.000  12.196423
339.000  12.197367
340.000  12.198426
341.000  12.199519
342.000  12.200454
343.000  12.201125
344.000  12.201706
345.000  12.202323
346.000  12.202845
347.000  12.203275
348.000  12.203607
349.000  12.204204
350.000  12.204664
351.000  12.205452
352.000  12.206241
353.000  12.206518
354.000  12.206417
355.000  12.206534
356.000  12.206399
357.000  12.206413
358.000  12.206749
359.000  12.207022
360.000  12.207293
361.000  12.207128
362.000  12.206811
363.000  12.207055
364.000  12.207490
365.000  12.208084
366.000  12.208618
367.000  12.209158
368.000  12.209720
369.000  12.210010
370.000  12.210454
371.000  12.210759
372.000  12.210914
373.000  12.210832
374.000  12.210921
375.000  12.210927
376.000  12.210990
377.000  12.210993
378.000  12.211182
379.000  12.211221
380.000  12.211515
381.000  12.211320
382.000  12.211463
383.000  12.211224
384.000  12.211764
385.000  12.212193
386.000  12.213052
387.000  12.213192
388.000  12.213259
389.000  12.212628
390.000  12.211507
391.000  12.209979
392.000  12.208860
393.000  12.208201
394.000  12.206643
395.000  12.206717
396.000  12.204559
397.000  12.207769
398.000  12.200900
399.000  12.200931
400.000  12.200968
401.000  76.996928
402.000  76.369036
403.000  75.652198
404.000  74.952059
405.000  74.265700
406.000  73.588241
407.000  72.927495
408.000  72.281961
409.000  71.646077
410.000  71.017879
411.000  70.400623
412.000  69.791959
413.000  69.183606
414.000  68.585911
415.000  68.000736
416.000  67.421847
417.000  66.852238
418.000  66.293028
419.000  65.745863
420.000  65.200666
421.000  64.657853
422.000  64.118576
423.000  63.592229
424.000  63.074476
425.000  62.558153
426.000  62.034780
427.000  61.505065
428.000  60.975841
429.000  60.444058
430.000  59.904276
431.000  59.353173
432.000  58.787335
433.000  58.197674
434.000  57.587176
435.000  56.937657
436.000  56.252064
437.000  55.511745
438.000  54.725688
439.000  53.884343
440.000  52.985517
441.000  52.020248
442.000  50.998225
443.000  49.906941
444.000  48.750775
445.000  47.546182
446.000  46.413779
447.000  45.405840
448.000  44.449301
449.000  43.460237
450.000  42.423874
451.000  41.404394
452.000  40.418094
453.000  39.445918
454.000  38.466284
455.000  37.490136
456.000  36.519208
457.000  35.544145
458.000  34.573192
459.000  33.604399
460.000  32.654931
461.000  31.727168
462.000  30.844088
463.000  29.995743
464.000  29.175676
465.000  28.397311
466.000  27.650627
467.000  26.934748
468.000  26.261088
469.000  25.621343
470.000  25.013807
471.000  24.451258
472.000  23.920847
473.000  23.416675
474.000  22.937566
475.000  22.472967
476.000  22.025864
477.000  21.594039
478.000  21.176949
479.000  20.775638
480.000  20.386114
481.000  20.012124
482.000  19.648279
483.000  19.297166
484.000  18.956343
485.000  18.625742
486.000  18.304027
487.000  17.990618
488.000  17.684222
489.000  17.381822
490.000  17.087977
491.000  16.803918
492.000  16.528486
493.000  16.260187
494.000  15.998705
495.000  15.743333
496.000  15.491393
497.000  15.245768
498.000  15.005177
499.000  14.773602
500.000  14.550663
501.000  14.330249
502.000  14.115573
503.000  13.909353
504.000  13.714346
505.000  13.524325
506.000  13.345310
507.000  13.175267
508.000  13.012685
509.000  12.857167
510.000  12.708945
511.000  12.564757
512.000  12.422692
513.000  12.288414
514.000  12.161563
515.000  12.041649
516.000  11.927046
517.000  11.817963
518.000  11.713319
519.000  11.611449
520.000  11.516355
521.000  11.425446
522.000  11.338621
523.000  11.255053
524.000  11.175511
525.000  11.098776
526.000  11.026773
527.000  10.957195
528.000  10.893057
529.000  10.830692
530.000  10.771708
531.000  10.716634
532.000  10.664047
533.000  10.614662
534.000  10.566527
535.000  10.521412
536.000  10.475955
537.000  10.432792
538.000  10.392066
539.000  10.354135
540.000  10.320243
541.000  10.287874
542.000  10.257218
543.000  10.229049
544.000  10.205540
545.000  10.181917
546.000  10.162594
547.000  10.140210
548.000  10.123424
549.000  10.101437
550.000  10.090855
551.000  10.069283
552.000  10.064922
553.000  10.036636
554.000  10.045565
555.000  10.003418
556.000  10.048575
557.000  9.956698
558.000  9.958895
559.000  9.961437
560.000  9.963923
561.000  9.966340
562.000  9.968681
563.000  9.970940
564.000  9.973112
565.000  9.975190
566.000  9.977172
567.000  9.979056
568.000  9.980840
569.000  9.982519
570.000  9.984095
571.000  9.985568
572.000  9.986939
573.000  9.988198
574.000  9.989334
575.000  9.990357
576.000  9.991283
577.000  9.992121
578.000  9.992877
579.000  9.993547
580.000  9.994143
581.000  9.994670
582.000  9.995133
583.000  9.995530
584.000  9.995867
585.000  9.996164
586.000  9.996385
587.000  9.996562
588.000  9.996679
589.000  9.996789
590.000  9.996868
591.000  9.996919
592.000  9.996919
593.000  9.996891
594.000  9.996832
595.000  9.996738
596.000  9.996592
597.000  9.996415
598.000  9.996220
599.000  9.996022
600.000  9.995826
601.000  9.995633
602.000  9.995436
603.000  9.995243
604.000  9.995047
605.000  9.994859
606.000  9.994646
607.000  9.994471
608.000  9.994311
609.000  9.994163
610.000  9.994010
611.000  9.993833
612.000  9.993666
613.000  9.993507
614.000  9.993356
615.000  9.993249
616.000  9.993147
617.000  9.993043
618.000  9.992946
619.000  9.992847
620.000  9.992742
621.000  9.992599
622.000  9.992254
623.000  9.991928
624.000  9.991696
625.000  9.991475
626.000  9.991102
627.000  9.990699
628.000  9.990347
629.000  9.990023
630.000  9.989642
631.000  9.989384
632.000  9.989259
633.000  9.989188
634.000  9.989206
635.000  9.989222
636.000  9.989219
637.000  9.989303
638.000  9.989436
639.000  9.989638
640.000  9.989918
641.000  9.990145
642.000  9.990473
643.000  9.990826
644.000  9.991157
645.000  9.991542
646.000  9.991789
647.000  9.992100
648.000  9.992427
649.000  9.992793
650.000  9.993178
651.000  9.993510
652.000  9.993847
653.000  9.994373
654.000  9.994854
655.000  9.995449
656.000  9.996218
657.000  9.997018
658.000  9.997837
659.000  9.998865
660.000  10.000026
661.000  10.001384
662.000  10.002848
663.000  10.004269
664.000  10.005818
665.000  10.007550
666.000  10.009533
667.000  10.011527
668.000  10.013565
669.000  10.015825
670.000  10.018284
671.000  10.020749
672.000  10.023242
673.000  10.026133
674.000  10.029080
675.000  10.032270
676.000  10.035477
677.000  10.038369
678.000  10.041322
679.000  10.044256
680.000  10.047021
681.000  10.049689
682.000  10.052275
683.000  10.054927
684.000  10.057679
685.000  10.060913
686.000  10.064363
687.000  10.068118
688.000  10.072008
689.000  10.075941
690.000  10.079584
691.000  10.082843
692.000  10.086570
693.000  10.090062
694.000  10.093469
695.000  10.097260
696.000  10.101249
697.000  10.104944
698.000  10.108959
699.000  10.113930
700.000  10.118925
701.000  10.123768
702.000  10.128672
703.000  10.133873
704.000  10.139498
705.000  10.143182
706.000  10.148394
707.000  10.152804
708.000  10.157651
709.000  10.162899
710.000  10.168847
711.000  10.174853
712.000  10.180909
713.000  10.186349
714.000  10.193073
715.000  10.197788
716.000  10.204540
717.000  10.207563
718.000  10.217981
719.000  10.216777
720.000  10.235663
721.000  10.219672
722.000  10.220307
723.000  10.221043
724.000  10.221767
725.000  10.222477
726.000  10.223174
727.000  10.223857
728.000  10.224527
729.000  10.225180
730.000  10.225820
731.000  10.226445
732.000  10.227055
733.000  10.227650
734.000  10.228229
735.000  10.228791
736.000  10.229336
737.000  10.229865
738.000  10.230380
739.000  10.230880
740.000  10.231366
741.000  10.231836
742.000  10.232289
743.000  10.232728
744.000  10.233155
745.000  10.233569
746.000  10.233969
747.000  10.234355
748.000  10.234732
749.000  10.235098
750.000  10.235450
751.000  10.235794
752.000  10.236130
753.000  10.236460
754.000  10.236783
755.000  10.237088
756.000  10.237386
757.000  10.237680
758.000  10.237973
759.000  10.238265
760.000  10.238558
761.000  10.238852
762.000  10.239135
763.000  10.239413
764.000  10.239694
765.000  10.239979
766.000  10.240270
767.000  10.240568
768.000  10.240871
769.000  10.241181
770.000  10.241499
771.000  10.241823
772.000  10.242156
773.000  10.242503
774.000  10.242871
775.000  10.243236
776.000  10.243608
777.000  10.243992
778.000  10.244385
779.000  10.244790
780.000  10.245197
781.000  10.245602
782.000  10.246017
783.000  10.246438
784.000  10.246872
785.000  10.247319
786.000  10.247781
787.000  10.248246
788.000  10.248727
789.000  10.249218
790.000  10.249719
791.000  10.250234
792.000  10.250764
793.000  10.251311
794.000  10.251889
795.000  10.252489
796.000  10.253106
797.000  10.253739
798.000  10.254390
799.000  10.255029
800.000  10.255705
