time energy
  1.000000  1989.876380740
  2.000000  1741.929262502
  3.000000  1550.659199214
  4.000000  1515.258712417
  5.000000  1507.449340960
  6.000000  1504.928769273
  7.000000  1458.399013810
  8.000000  1339.155327185
  9.000000  1246.620746688
 10.000000  1220.188300679
 11.000000  1211.640105912
 12.000000  1208.353151376
 13.000000  1158.180547669
 14.000000  1110.380416808
 15.000000  1082.192790630
 16.000000  1066.236189444
 17.000000  1051.370516315
 18.000000  1024.644859820
 19.000000  1001.256270661
 20.000000  980.544208429
 21.000000  962.043514353
 22.000000  945.391165147
 23.000000  930.305858420
 24.000000  916.545529706
 25.000000  903.933244318
 26.000000  892.328456228
 27.000000  881.613461876
 28.000000  871.681913681
 29.000000  862.453829634
 30.000000  853.850961724
 31.000000  845.820428241
 32.000000  838.297516825
 33.000000  831.235683776
 34.000000  824.590479136
 35.000000  818.330703984
 36.000000  812.416056550
 37.000000  806.814443949
 38.000000  801.504580444
 39.000000  796.463449402
 40.000000  791.660114148
 41.000000  787.072915549
 42.000000  782.691107423
 43.000000  778.500580757
 44.000000  774.487511470
 45.000000  770.633468161
 46.000000  766.919139020
 47.000000  763.345109458
 48.000000  759.903543018
 49.000000  756.577091719
 50.000000  753.364243576
 51.000000  750.252590514
 52.000000  747.246990768
 53.000000  744.327292318
 54.000000  741.493841530
 55.000000  738.741660171
 56.000000  736.063793747
 57.000000  733.459891323
 58.000000  730.917149866
 59.000000  728.433292451
 60.000000  726.007384013
 61.000000  723.638617874
 62.000000  721.324837277
 63.000000  719.068957272
 64.000000  716.861299350
 65.000000  714.690933456
 66.000000  712.567120110
 67.000000  710.489895455
 68.000000  708.454383733
 69.000000  706.462081542
 70.000000  704.498142412
 71.000000  702.577403255
 72.000000  700.693641134
 73.000000  698.848798322
 74.000000  697.033567126
 75.000000  695.247328797
 76.000000  693.501158940
 77.000000  691.781916225
 78.000000  690.089727063
 79.000000  688.422986512
 80.000000  686.782478247
 81.000000  685.163885821
 82.000000  683.570395913
 83.000000  682.003958386
 84.000000  680.468252592
 85.000000  678.942437220
 86.000000  677.440818678
 87.000000  675.972572094
 88.000000  674.526615930
 89.000000  673.095860554
 90.000000  671.688697051
 91.000000  670.303888140
 92.000000  668.939075381
 93.000000  667.608075235
 94.000000  666.283222839
 95.000000  664.974764097
 96.000000  663.683346760
 97.000000  662.416507279
 98.000000  661.160147606
 99.000000  659.929393004
100.000000  658.698900032
101.000000  657.482980845
102.000000  656.284158168
103.000000  655.104336276
104.000000  653.938010517
105.000000  652.790248014
106.000000  651.641662355
107.000000  650.509357802
108.000000  649.382415308
109.000000  648.280709244
110.000000  647.192489632
111.000000  646.092636623
112.000000  645.018591352
113.000000  643.964735241
114.000000  642.914540210
115.000000  641.876899045
116.000000  640.839081015
117.000000  639.819776641
118.000000  638.821069520
119.000000  637.829682226
120.000000  636.844430692
121.000000  635.871264553
122.000000  634.903801850
123.000000  633.942687966
124.000000  633.006022052
125.000000  632.081938607
126.000000  631.157234999
127.000000  630.247518366
128.000000  629.333389370
129.000000  628.430303563
130.000000  627.563996354
131.000000  626.668331821
132.000000  625.807089842
133.000000  624.944440722
134.000000  624.097948461
135.000000  623.260458639
136.000000  622.416949411
137.000000  621.597260607
138.000000  620.796389236
139.000000  619.990495425
140.000000  619.189045838
141.000000  618.401311153
142.000000  617.617958638
143.000000  616.832144080
144.000000  616.085025874
145.000000  615.332493518
146.000000  614.588987540
147.000000  613.838734083
148.000000  613.099319980
149.000000  612.353685886
150.000000  611.619129285
151.000000  610.911526011
152.000000  610.191951789
153.000000  609.480935095
154.000000  608.771449481
155.000000  608.076535584
156.000000  607.380030583
157.000000  606.706206686
158.000000  606.010952283
159.000000  605.327958470
160.000000  604.642267236
161.000000  603.992953562
162.000000  603.315513506
163.000000  602.670669889
164.000000  602.030272674
165.000000  601.386807768
166.000000  600.757627944
167.000000  600.104774357
168.000000  599.513413580
169.000000  598.885334361
170.000000  598.294740077
171.000000  597.687567593
172.000000  597.107886791
173.000000  596.501183220
174.000000  595.916699839
175.000000  595.320858692
176.000000  594.759329089
177.000000  594.214678773
178.000000  593.640284056
179.000000  593.126382027
180.000000  592.571383539
181.000000  592.067145748
182.000000  591.486810134
183.000000  591.009332847
184.000000  590.426990985
185.000000  589.998645345
186.000000  589.377148410
187.000000  589.012370456
188.000000  588.299005991
189.000000  588.119532522
190.000000  587.223347977
191.000000  587.375903165
192.000000  586.781938265
193.000000  586.774473242
194.000000  586.767558286
195.000000  586.760532672
196.000000  586.753392188
197.000000  586.746136158
198.000000  586.738764277
199.000000  586.731281668
200.000000  586.723675289
201.000000  586.715916600
202.000000  586.708053701
203.000000  586.700040291
204.000000  586.691961125
205.000000  586.683635549
206.000000  586.675170250
207.000000  586.666643787
208.000000  586.657929943
209.000000  586.649044197
210.000000  586.639957773
211.000000  586.630636682
212.000000  586.621113264
213.000000  586.611447083
214.000000  586.601503405
215.000000  586.591428476
216.000000  586.581143252
217.000000  586.570550309
218.000000  586.559804519
219.000000  586.548763943
220.000000  586.537440172
221.000000  586.525868521
222.000000  586.513980232
223.000000  586.501850622
224.000000  586.489431822
225.000000  586.476663116
226.000000  586.463615089
227.000000  586.450267447
228.000000  586.436565925
229.000000  586.422511967
230.000000  586.408132307
231.000000  586.393418592
232.000000  586.378536704
233.000000  586.363222727
234.000000  586.347436574
235.000000  586.331225497
236.000000  586.314678006
237.000000  586.297718928
238.000000  586.280358990
239.000000  586.262641996
240.000000  586.244474882
241.000000  586.225892397
242.000000  586.207142893
243.000000  586.187804545
244.000000  586.167827935
245.000000  586.147342927
246.000000  586.126512588
247.000000  586.105053621
248.000000  586.082992798
249.000000  586.060513554
250.000000  586.037445527
251.000000  586.013956563
252.000000  585.989910386
253.000000  585.965280974
254.000000  585.939908368
255.000000  585.914171784
256.000000  585.888067814
257.000000  585.861557804
258.000000  585.834306559
259.000000  585.806340766
260.000000  585.777627914
261.000000  585.748209894
262.000000  585.718171058
263.000000  585.687246859
264.000000  585.655501733
265.000000  585.623297404
266.000000  585.590514261
267.000000  585.557028296
268.000000  585.523002026
269.000000  585.487891583
270.000000  585.452232504
271.000000  585.415723346
272.000000  585.377684131
273.000000  585.339169875
274.000000  585.299714908
275.000000  585.260163556
276.000000  585.220313526
277.000000  585.180085250
278.000000  585.138222117
279.000000  585.094544143
280.000000  585.050466765
281.000000  585.005029297
282.000000  584.959027049
283.000000  584.912328552
284.000000  584.864574099
285.000000  584.814943245
286.000000  584.764445953
287.000000  584.713760792
288.000000  584.661901792
289.000000  584.608202757
290.000000  584.553689239
291.000000  584.498020308
292.000000  584.441211626
293.000000  584.383019287
294.000000  584.324691742
295.000000  584.265296073
296.000000  584.203803487
297.000000  584.142091685
298.000000  584.077608819
299.000000  584.012141656
300.000000  583.946498592
301.000000  583.879374207
302.000000  583.811143435
303.000000  583.742268389
304.000000  583.671741831
305.000000  583.598162439
306.000000  583.524323342
307.000000  583.448593279
308.000000  583.372833546
309.000000  583.294407507
310.000000  583.215732584
311.000000  583.135154610
312.000000  583.052746566
313.000000  582.968448981
314.000000  582.883844164
315.000000  582.797917347
316.000000  582.708975568
317.000000  582.620561867
318.000000  582.530158626
319.000000  582.437124535
320.000000  582.344720462
321.000000  582.250387977
322.000000  582.153021514
323.000000  582.055432853
324.000000  581.955392666
325.000000  581.853034207
326.000000  581.750058908
327.000000  581.646199167
328.000000  581.543913136
329.000000  581.435777853
330.000000  581.327369384
331.000000  581.218764727
332.000000  581.106984431
333.000000  580.994847698
334.000000  580.882371604
335.000000  580.763807088
336.000000  580.648530020
337.000000  580.528298163
338.000000  580.412269497
339.000000  580.289551599
340.000000  580.165698822
341.000000  580.043256547
342.000000  579.914850584
343.000000  579.787468266
344.000000  579.661461448
345.000000  579.529702777
346.000000  579.396168620
347.000000  579.263841334
348.000000  579.129636131
349.000000  578.991501902
350.000000  578.854885015
351.000000  578.711407524
352.000000  578.563702848
353.000000  578.425932968
354.000000  578.281175437
355.000000  578.136462228
356.000000  577.991890993
357.000000  577.837914274
358.000000  577.694265584
359.000000  577.543457291
360.000000  577.392272748
361.000000  577.246048102
362.000000  577.095068926
363.000000  576.940049174
364.000000  576.782206413
365.000000  576.626074051
366.000000  576.470192754
367.000000  576.311516527
368.000000  576.145054703
369.000000  575.986835684
370.000000  575.822047429
371.000000  575.660844057
372.000000  575.494155290
373.000000  575.339108155
374.000000  575.174499843
375.000000  575.017106603
376.000000  574.839787513
377.000000  574.691694917
378.000000  574.514153075
379.000000  574.353953783
380.000000  574.176834352
381.000000  574.017675611
382.000000  573.843542198
383.000000  573.692407922
384.000000  573.518889439
385.000000  573.365600353
386.000000  573.186857374
387.000000  573.032764413
388.000000  572.866892017
389.000000  572.712501461
390.000000  572.543573525
391.000000  572.390138240
392.000000  572.229592618
393.000000  572.062484003
394.000000  571.918038805
395.000000  571.717041012
396.000000  571.672000275
397.000000  571.282851111
398.000000  571.637249459
399.000000  571.227971511
400.000000  571.225742093
401.000000  3661.678268041
402.000000  3608.594765175
403.000000  3556.950114302
404.000000  3498.918774624
405.000000  3442.682728776
406.000000  3387.975762102
407.000000  3334.428368208
408.000000  3282.579491302
409.000000  3232.286658684
410.000000  3183.145154377
411.000000  3135.029888877
412.000000  3088.127592942
413.000000  3042.222834588
414.000000  2996.745265369
415.000000  2952.398012501
416.000000  2909.296898331
417.000000  2866.993755314
418.000000  2825.713733263
419.000000  2785.502138032
420.000000  2746.425290492
421.000000  2707.793072094
422.000000  2669.656461889
423.000000  2632.116730405
424.000000  2595.763077668
425.000000  2560.263495960
426.000000  2525.149484989
427.000000  2489.897854918
428.000000  2454.613070366
429.000000  2419.696519596
430.000000  2384.964231558
431.000000  2350.132041930
432.000000  2315.087864380
433.000000  2279.695649655
434.000000  2243.434620059
435.000000  2206.431239713
436.000000  2167.790261406
437.000000  2127.840186235
438.000000  2085.571685874
439.000000  2041.625953446
440.000000  1995.681943049
441.000000  1947.688646390
442.000000  1897.318508994
443.000000  1845.284377756
444.000000  1791.150144773
445.000000  1735.297842157
446.000000  1678.483581019
447.000000  1626.443128858
448.000000  1581.282390970
449.000000  1539.492488543
450.000000  1497.219977843
451.000000  1453.719820845
452.000000  1411.782431710
453.000000  1372.033558871
454.000000  1333.597695082
455.000000  1295.547105193
456.000000  1258.483037478
457.000000  1222.446392788
458.000000  1187.169015747
459.000000  1152.977979217
460.000000  1119.805880178
461.000000  1088.181769053
462.000000  1058.035264288
463.000000  1030.108275295
464.000000  1004.086369194
465.000000  979.668244935
466.000000  957.129998129
467.000000  936.079918488
468.000000  916.314459119
469.000000  898.070344541
470.000000  881.097476161
471.000000  865.243552487
472.000000  850.810342684
473.000000  837.395230210
474.000000  824.773142419
475.000000  812.928408854
476.000000  801.593787207
477.000000  790.806384165
478.000000  780.533839335
479.000000  770.741099644
480.000000  761.429166906
481.000000  752.507843833
482.000000  744.050608783
483.000000  735.886366692
484.000000  728.072537376
485.000000  720.601950189
486.000000  713.474485604
487.000000  706.629574816
488.000000  700.047330289
489.000000  693.686092389
490.000000  687.456204049
491.000000  681.456158683
492.000000  675.695047009
493.000000  670.142484712
494.000000  664.790554166
495.000000  659.653551886
496.000000  654.685280869
497.000000  649.845582911
498.000000  645.190874964
499.000000  640.638341744
500.000000  636.230030868
501.000000  632.054966144
502.000000  627.934428565
503.000000  623.903314014
504.000000  620.068205194
505.000000  616.439261894
506.000000  612.913695770
507.000000  609.568378563
508.000000  606.371882634
509.000000  603.312253713
510.000000  600.346055335
511.000000  597.514086114
512.000000  594.807444155
513.000000  592.110054316
514.000000  589.498759940
515.000000  587.029860645
516.000000  584.638925735
517.000000  582.312425477
518.000000  580.073065721
519.000000  577.933974686
520.000000  575.850027959
521.000000  573.838967133
522.000000  571.869337054
523.000000  569.959631003
524.000000  568.093551829
525.000000  566.284789882
526.000000  564.501357308
527.000000  562.815336379
528.000000  561.107964039
529.000000  559.484345647
530.000000  557.893966362
531.000000  556.322591545
532.000000  554.803962790
533.000000  553.328040564
534.000000  551.903210530
535.000000  550.518529171
536.000000  549.174292075
537.000000  547.869031188
538.000000  546.606422063
539.000000  545.365572851
540.000000  544.128794549
541.000000  542.946737631
542.000000  541.789021469
543.000000  540.668501283
544.000000  539.554986107
545.000000  538.506166559
546.000000  537.418269121
547.000000  536.446519942
548.000000  535.402432462
549.000000  534.507489316
550.000000  533.487693536
551.000000  532.715061070
552.000000  531.656250327
553.000000  531.085221986
554.000000  529.871187126
555.000000  529.625746063
556.000000  527.898684418
557.000000  528.691947909
558.000000  526.887320765
559.000000  526.857925868
560.000000  526.831077390
561.000000  526.804716246
562.000000  526.778817316
563.000000  526.753293100
564.000000  526.728060434
565.000000  526.703034307
566.000000  526.678139526
567.000000  526.653230448
568.000000  526.628222406
569.000000  526.603244309
570.000000  526.577982402
571.000000  526.552406819
572.000000  526.526481044
573.000000  526.500212762
574.000000  526.473653796
575.000000  526.446596891
576.000000  526.418877319
577.000000  526.390539784
578.000000  526.361661850
579.000000  526.332110004
580.000000  526.301750732
581.000000  526.270731611
582.000000  526.239138939
583.000000  526.206820123
584.000000  526.173581400
585.000000  526.139651579
586.000000  526.105034156
587.000000  526.069374198
588.000000  526.032948210
589.000000  525.995692657
590.000000  525.957356665
591.000000  525.918193737
592.000000  525.878494671
593.000000  525.837669560
594.000000  525.796055039
595.000000  525.753608281
596.000000  525.710559283
597.000000  525.666507281
598.000000  525.621631035
599.000000  525.575532254
600.000000  525.528216605
601.000000  525.480089979
602.000000  525.430831167
603.000000  525.380762522
604.000000  525.329286689
605.000000  525.276773558
606.000000  525.223123058
607.000000  525.168754463
608.000000  525.113807469
609.000000  525.056860613
610.000000  524.998612128
611.000000  524.939964960
612.000000  524.879402863
613.000000  524.817605293
614.000000  524.754549750
615.000000  524.690462883
616.000000  524.624874919
617.000000  524.558355417
618.000000  524.489934745
619.000000  524.420399999
620.000000  524.349023530
621.000000  524.276907475
622.000000  524.204367281
623.000000  524.128754024
624.000000  524.051562671
625.000000  523.973537914
626.000000  523.895202537
627.000000  523.816355604
628.000000  523.735530252
629.000000  523.653266216
630.000000  523.569801262
631.000000  523.484466489
632.000000  523.397565568
633.000000  523.309022068
634.000000  523.217780217
635.000000  523.125463611
636.000000  523.031869451
637.000000  522.935616707
638.000000  522.837744001
639.000000  522.738949605
640.000000  522.638773942
641.000000  522.536691841
642.000000  522.431100802
643.000000  522.324354299
644.000000  522.215931959
645.000000  522.105481130
646.000000  521.994068153
647.000000  521.879695441
648.000000  521.765638662
649.000000  521.650585790
650.000000  521.534358323
651.000000  521.413949291
652.000000  521.290694413
653.000000  521.165366373
654.000000  521.039813376
655.000000  520.910380817
656.000000  520.780330351
657.000000  520.648879667
658.000000  520.514465939
659.000000  520.378651903
660.000000  520.240756318
661.000000  520.100413618
662.000000  519.958538073
663.000000  519.816497554
664.000000  519.671563212
665.000000  519.523458912
666.000000  519.371584145
667.000000  519.220715346
668.000000  519.069146209
669.000000  518.914825362
670.000000  518.757057892
671.000000  518.596790398
672.000000  518.436488637
673.000000  518.273776907
674.000000  518.110177509
675.000000  517.941032084
676.000000  517.773971373
677.000000  517.606013731
678.000000  517.434196817
679.000000  517.263284718
680.000000  517.090799891
681.000000  516.918426832
682.000000  516.744524724
683.000000  516.567086106
684.000000  516.386640919
685.000000  516.202981909
686.000000  516.018178899
687.000000  515.833632708
688.000000  515.650272548
689.000000  515.463611803
690.000000  515.278590104
691.000000  515.089714421
692.000000  514.898234166
693.000000  514.711256964
694.000000  514.527203953
695.000000  514.336462179
696.000000  514.146097157
697.000000  513.958637384
698.000000  513.766733484
699.000000  513.573875100
700.000000  513.385793454
701.000000  513.196678171
702.000000  513.014642786
703.000000  512.833134185
704.000000  512.646383154
705.000000  512.472965677
706.000000  512.279612359
707.000000  512.101176420
708.000000  511.918284844
709.000000  511.741438968
710.000000  511.550365081
711.000000  511.370002876
712.000000  511.181839926
713.000000  511.014006839
714.000000  510.813068739
715.000000  510.660004094
716.000000  510.451537611
717.000000  510.326743130
718.000000  510.062316864
719.000000  510.037624330
720.000000  509.611488115
721.000000  509.882321980
722.000000  509.380599556
723.000000  509.376398025
724.000000  509.372922664
725.000000  509.369424099
726.000000  509.365908597
727.000000  509.362355090
728.000000  509.358766730
729.000000  509.355142261
730.000000  509.351484945
731.000000  509.347783328
732.000000  509.344017896
733.000000  509.340180179
734.000000  509.336293244
735.000000  509.332373179
736.000000  509.328360048
737.000000  509.324245487
738.000000  509.320033202
739.000000  509.315743496
740.000000  509.311347568
741.000000  509.306860973
742.000000  509.302308102
743.000000  509.297594617
744.000000  509.292766407
745.000000  509.287821658
746.000000  509.282791821
747.000000  509.277624144
748.000000  509.272293665
749.000000  509.266827508
750.000000  509.261272918
751.000000  509.255525062
752.000000  509.249632735
753.000000  509.243589801
754.000000  509.237385690
755.000000  509.231111358
756.000000  509.224629258
757.000000  509.217945971
758.000000  509.211085513
759.000000  509.204120439
760.000000  509.196981478
761.000000  509.189587060
762.000000  509.182099057
763.000000  509.174466948
764.000000  509.166644543
765.000000  509.158535414
766.000000  509.150223209
767.000000  509.141701596
768.000000  509.132981014
769.000000  509.124041489
770.000000  509.114885440
771.000000  509.105494316
772.000000  509.095880850
773.000000  509.086190359
774.000000  509.076374041
775.000000  509.066191897
776.000000  509.055693924
777.000000  509.044947084
778.000000  509.033935383
779.000000  509.022662382
780.000000  509.011225886
781.000000  508.999592412
782.000000  508.987566334
783.000000  508.975294936
784.000000  508.962681229
785.000000  508.949801160
786.000000  508.936518361
787.000000  508.923145663
788.000000  508.909274760
789.000000  508.895170436
790.000000  508.880702082
791.000000  508.865868160
792.000000  508.850670347
793.000000  508.835107403
794.000000  508.819381371
795.000000  508.803235115
796.000000  508.786548007
797.000000  508.769477770
798.000000  508.752030901
799.000000  508.734544908
800.000000  508.716460853
