0.06, 520.888133770
0.12, 520.889969114
0.18, 520.889644557
0.2415, 520.889327390
0.304538, 520.888990690
0.369151, 520.888653277
0.43538, 520.888306376
0.503264, 520.887948891
0.572846, 520.887586560
0.644167, 520.887211682
0.717271, 520.886828780
0.792203, 520.886437493
0.869008, 520.886038341
0.947733, 520.885625560
1.02843, 520.885207828
1.11114, 520.884777564
1.19592, 520.884340233
1.28281, 520.883885483
1.37188, 520.883425329
1.46318, 520.883243534
1.55676, 520.883225587
1.65268, 520.883224145
1.751, 520.883222997
1.85177, 520.883221739
1.95507, 520.883215205
2.06094, 520.883217971
2.12094, 520.883217891
2.18244, 520.883212736
2.24548, 520.883211418
2.31009, 520.883216222
2.37009, 520.883213392
2.43159, 520.883211084
2.49463, 520.883214840
2.55463, 520.883212556
2.61613, 520.883207928
2.67917, 520.883206613
2.74378, 520.883204429
2.81001, 520.883204749
2.87001, 520.883206061
2.93001, 520.883202779
2.99151, 520.883204942
3.05151, 520.883203416
3.11301, 520.883201840
3.17605, 520.883197147
3.24066, 520.883197952
3.30066, 520.883198318
3.36066, 520.883196652
3.42216, 520.883196155
3.4852, 520.883195653
3.54981, 520.883193136
3.61604, 520.883192540
3.68393, 520.883192292
3.75351, 520.883193911
3.81351, 520.883188257
3.87501, 520.883189782
3.93501, 520.883188266
3.99651, 520.883187338
4.05954, 520.883184640
4.12416, 520.883180895
4.19039, 520.883183745
4.25039, 520.883178245
4.31189, 520.883178492
4.37189, 520.883176952
4.43339, 520.883177431
4.49339, 520.883177816
4.55339, 520.883176550
4.61489, 520.883176630
4.67489, 520.883169052
4.73639, 520.883174691
4.79639, 520.883170710
4.85789, 520.883170837
4.91789, 520.883172011
4.97789, 520.883169142
5.03939, 520.883165201
5.10242, 520.883167035
5.16242, 520.883164745
5.22392, 520.883165885
5.28392, 520.883165541
5.34542, 520.883165988
5.40542, 520.883161951
5.46692, 520.883160626
5.52996, 520.883159749
5.59458, 520.883159188
5.6608, 520.883157239
5.72869, 520.883156501
5.79827, 520.883151713
5.86959, 520.883155354
5.92959, 520.883151897
5.99109, 520.883150119
6.05413, 520.883149069
6.11874, 520.883148808
6.18497, 520.883148071
6.25286, 520.883149320
6.31286, 520.883145349
6.37436, 520.883143701
6.43739, 520.883143629
6.50201, 520.883141055
6.56824, 520.883143055
6.62824, 520.883141706
6.68974, 520.883143127
6.74974, 520.883142000
6.81124, 520.883139354
6.87427, 520.883135793
6.93889, 520.883135107
7.00511, 520.883132373
7.073, 520.883131166
7.14258, 520.883132758
7.20258, 520.883132811
7.26258, 520.883128877
7.32408, 520.883132106
7.38408, 520.883128026
7.44558, 520.883130010
7.50558, 520.883127216
7.56708, 520.883122795
7.63012, 520.883124747
7.69012, 520.883119183
7.75162, 520.883125287
7.81162, 520.883121968
7.87312, 520.883120231
7.93616, 520.883120177
8.00077, 520.883117184
8.067, 520.883116427
8.13488, 520.883117350
8.19488, 520.883111566
8.25638, 520.883111592
8.31638, 520.883114087
8.37638, 520.883111287
8.43788, 520.883108334
8.50092, 520.883107496
8.56553, 520.883111792
8.62553, 520.883108727
8.68703, 520.883108091
8.75007, 520.883100501
8.81468, 520.883106022
8.87468, 520.883104684
8.93618, 520.883101967
8.99922, 520.883097833
9.06384, 520.883102563
9.12384, 520.883098299
9.18534, 520.883097023
9.24837, 520.883094314
9.31299, 520.883094574
9.37299, 520.883092278
9.43449, 520.883091828
9.49752, 520.883087957
9.56214, 520.883090864
9.62214, 520.883088911
9.68364, 520.883088905
9.74667, 520.883088705
9.81129, 520.883085517
9.87752, 520.883083717
9.9454, 520.883085406
10.0054, 520.883082069
10.0669, 520.883082433
10.1269, 520.883078753
10.1884, 520.883081504
10.2484, 520.883076562
10.3099, 520.883077949
10.3699, 520.883078838
10.4299, 520.883072771
10.4914, 520.883074416
10.5514, 520.883072512
10.6129, 520.883072387
10.6759, 520.883072512
10.7359, 520.883068095
10.7974, 520.883071202
10.8574, 520.883069015
10.9189, 520.883071440
10.9789, 520.883064471
11.0404, 520.883067048
11.1004, 520.883064552
11.1619, 520.883065343
11.2219, 520.883061390
11.2834, 520.883062842
11.3434, 520.883060744
11.4049, 520.883059843
11.468, 520.883052791
11.5326, 520.883053021
11.5926, 520.883052459
11.6541, 520.883056055
11.7141, 520.883054192
11.7756, 520.883051934
11.8386, 520.883052408
11.8986, 520.883051548
11.9601, 520.883049700
12.0232, 520.883047936
12.0878, 520.883046679
12.154, 520.883045753
12.2219, 520.883048427
12.2819, 520.883046665
12.3434, 520.883045090
12.4064, 520.883041258
12.471, 520.883039903
12.5373, 520.883042008
12.5973, 520.883041136
12.6588, 520.883035805
12.7218, 520.883039896
12.7818, 520.883036626
12.8433, 520.883039259
12.9033, 520.883033347
12.9648, 520.883034236
13.0248, 520.883034436
13.0848, 520.883029496
13.1463, 520.883029826
13.2063, 520.883030170
13.2663, 520.883025166
13.3278, 520.883026516
13.3878, 520.883024647
13.4493, 520.883027109
13.5093, 520.883024694
13.5708, 520.883019350
13.6338, 520.883020310
13.6938, 520.883021783
13.7538, 520.883020657
13.8153, 520.883016390
13.8784, 520.883020012
13.9384, 520.883023052
13.9984, 520.883015719
14.0599, 520.883012592
14.1229, 520.883015939
14.1829, 520.883015723
14.2444, 520.883010550
14.3075, 520.883009163
14.3721, 520.883009753
14.4321, 520.883009379
14.4936, 520.883007823
14.5566, 520.883002376
14.6212, 520.883004673
14.6812, 520.883004385
14.7427, 520.883003176
14.8058, 520.883000786
14.8704, 520.882999478
14.9366, 520.882999713
14.9966, 520.882996094
15.0581, 520.882995966
15.1211, 520.882998483
15.1811, 520.882996254
15.2426, 520.882997698
15.3026, 520.882989437
15.3641, 520.882992016
15.4241, 520.882992273
15.4841, 520.882989347
15.5456, 520.882985776
15.6087, 520.882989992
15.6687, 520.882986444
15.7302, 520.882986579
15.7902, 520.882980386
15.8517, 520.882982901
15.9117, 520.882983673
15.9717, 520.882982755
16.0332, 520.882985696
16.0932, 520.882980553
16.1547, 520.882979132
16.2177, 520.882977468
16.2823, 520.882976192
16.3486, 520.882973105
16.4164, 520.882974424
16.4764, 520.882974403
16.5379, 520.882969532
16.601, 520.882970868
16.661, 520.882970797
16.7225, 520.882966648
16.7855, 520.882967721
16.8455, 520.882964732
16.907, 520.882967021
16.967, 520.882963471
17.0285, 520.882964405
17.0885, 520.882961209
17.15, 520.882960056
17.2131, 520.882961325
17.2731, 520.882956782
17.3346, 520.882959454
17.3946, 520.882954213
17.4561, 520.882957176
17.5161, 520.882954137
17.5776, 520.882951910
17.6406, 520.882949529
17.7052, 520.882953975
17.7652, 520.882951576
17.8267, 520.882947378
17.8897, 520.882948896
17.9497, 520.882948583
18.0112, 520.882946669
18.0743, 520.882941400
18.1389, 520.882942284
18.1989, 520.882942438
18.2589, 520.882941132
18.3204, 520.882941388
18.3804, 520.882937738
18.4419, 520.882938278
18.5019, 520.882936940
18.5634, 520.882939048
18.6234, 520.882934949
18.6849, 520.882937779
18.7449, 520.882936486
18.8064, 520.882932207
18.8694, 520.882931628
18.934, 520.882928709
19.0003, 520.882928441
19.0682, 520.882926917
19.1377, 520.882929777
19.1977, 520.882926175
19.2592, 520.882926428
19.3192, 520.882921246
19.3807, 520.882924905
19.4407, 520.882920391
19.5022, 520.882925301
19.5622, 520.882921082
19.6237, 520.882919067
19.6868, 520.882918296
19.7514, 520.882915429
19.8176, 520.882916803
19.8776, 520.882913475
19.9391, 520.882910691
20.0022, 520.882912210
20.0622, 520.882912291
20.1222, 520.882909510
20.1837, 520.882909390
20.2467, 520.882906939
20.3113, 520.882905614
20.3775, 520.882905154
20.4454, 520.882906168
20.5054, 520.882902128
20.5669, 520.882901551
20.63, 520.882902597
20.69, 520.882898596
20.7515, 520.882896774
20.8145, 520.882896718
20.8791, 520.882897775
20.9391, 520.882895670
21.0006, 520.882895117
21.0636, 520.882893422
21.1283, 520.882895437
21.1883, 520.882893203
21.2498, 520.882891407
21.3128, 520.882889363
21.3774, 520.882887766
21.4436, 520.882883669
21.5115, 520.882889808
21.5715, 520.882885230
21.633, 520.882883081
21.6961, 520.882882936
21.7607, 520.882882582
21.8269, 520.882883042
21.8869, 520.882881647
21.9484, 520.882882759
22.0084, 520.882879684
22.0699, 520.882876508
22.1329, 520.882876628
22.1929, 520.882877549
22.2529, 520.882875777
22.3144, 520.882870165
22.3775, 520.882872690
22.4375, 520.882869839
22.499, 520.882868747
22.562, 520.882871356
22.622, 520.882870930
22.6835, 520.882864085
22.7466, 520.882864003
22.8112, 520.882862834
22.8774, 520.882866885
22.9374, 520.882861811
22.9989, 520.882863484
23.0589, 520.882862125
23.1204, 520.882860388
23.1834, 520.882856631
23.248, 520.882855021
23.3143, 520.882855157
23.3743, 520.882857017
23.4343, 520.882858358
23.4943, 520.882855440
23.5558, 520.882849827
23.6188, 520.882850483
23.6788, 520.882852681
23.7388, 520.882848203
23.8003, 520.882845297
23.8634, 520.882843336
23.928, 520.882845477
23.988, 520.882844264
24.0495, 520.882843737
24.1125, 520.882840502
24.1771, 520.882843009
24.2371, 520.882841528
24.2986, 520.882842713
24.3586, 520.882838723
24.4201, 520.882838032
24.4832, 520.882836743
24.5478, 520.882834897
24.614, 520.882837572
24.674, 520.882834798
24.7355, 520.882832336
24.7985, 520.882832965
24.8585, 520.882830074
24.92, 520.882828049
24.9831, 520.882833611
25.0431, 520.882824623
25.1046, 520.882824109
25.1676, 520.882824378
25.2276, 520.882824816
25.2876, 520.882822441
25.3491, 520.882819622
25.4121, 520.882819181
25.4768, 520.882820399
25.5368, 520.882817065
25.5983, 520.882819726
25.6583, 520.882819628
25.7198, 520.882816700
25.7828, 520.882815538
25.8474, 520.882814496
25.9136, 520.882812671
25.9815, 520.882810002
26.0511, 520.882811708
26.1111, 520.882808879
26.1726, 520.882810438
26.2326, 520.882805740
26.2941, 520.882809855
26.3541, 520.882801346
26.4156, 520.882804097
26.4756, 520.882801143
26.5371, 520.882802564
26.5971, 520.882799146
26.6586, 520.882800495
26.7186, 520.882798815
26.7801, 520.882799347
26.8401, 520.882798004
26.9016, 520.882796954
26.9646, 520.882793822
27.0293, 520.882795491
27.0893, 520.882788436
27.1508, 520.882796185
27.2108, 520.882789863
27.2723, 520.882791143
27.3323, 520.882790860
27.3938, 520.882788908
27.4568, 520.882787538
27.5214, 520.882787176
27.5876, 520.882784364
27.6555, 520.882784987
27.7155, 520.882781712
27.777, 520.882783344
27.837, 520.882778227
27.8985, 520.882778449
27.9585, 520.882776288
28.02, 520.882779021
28.08, 520.882774460
28.1415, 520.882775117
28.2015, 520.882771324
28.263, 520.882774055
28.323, 520.882766710
28.3845, 520.882769801
28.4445, 520.882770739
28.5045, 520.882770503
28.566, 520.882768638
28.6291, 520.882765649
28.6937, 520.882761375
28.7599, 520.882761291
28.8278, 520.882763699
28.8878, 520.882762141
28.9493, 520.882763253
29.0093, 520.882761642
29.0708, 520.882759658
29.1338, 520.882759236
29.1984, 520.882761321
29.2584, 520.882753173
29.3199, 520.882752986
29.383, 520.882752571
29.4476, 520.882753912
29.5076, 520.882745100
29.5691, 520.882749185
29.6291, 520.882751475
29.6891, 520.882747587
29.7506, 520.882752171
29.8106, 520.882743089
29.8721, 520.882745297
29.9321, 520.882744247
29.9936, 520.882742805
30.0566, 520.882743429
30.1166, 520.882741460
30.1781, 520.882740494
30.2412, 520.882737348
30.3058, 520.882740726
30.3658, 520.882735345
30.4273, 520.882737405
30.4873, 520.882735331
30.5488, 520.882737326
30.6088, 520.882734029
30.6703, 520.882734598
30.7303, 520.882731574
30.7918, 520.882731761
30.8518, 520.882732546
30.9118, 520.882730263
30.9733, 520.882723134
31.0363, 520.882726921
31.0963, 520.882721999
31.1578, 520.882722619
31.2178, 520.882722397
31.2793, 520.882722721
31.3393, 520.882723168
31.3993, 520.882722380
31.4608, 520.882717363
31.5238, 520.882714800
31.5885, 520.882716490
31.6485, 520.882717748
31.7085, 520.882716406
31.77, 520.882711213
31.833, 520.882710977
31.8976, 520.882710315
31.9638, 520.882709013
32.0317, 520.882706467
32.1013, 520.882706699
32.1613, 520.882705292
32.2228, 520.882704729
32.2858, 520.882701624
32.3505, 520.882703439
32.4105, 520.882703303
32.472, 520.882700718
32.535, 520.882701205
32.595, 520.882698531
32.6565, 520.882698684
32.7165, 520.882694277
32.778, 520.882694163
32.841, 520.882694370
32.901, 520.882693039
32.9625, 520.882689196
33.0256, 520.882689034
33.0902, 520.882688833
33.1564, 520.882692365
33.2164, 520.882690625
33.2779, 520.882688179
33.341, 520.882686089
33.4056, 520.882683363
33.4718, 520.882685698
33.5318, 520.882681392
33.5933, 520.882681630
33.6533, 520.882678248
33.7148, 520.882679528
33.7748, 520.882681637
33.8348, 520.882677896
33.8963, 520.882675496
33.9593, 520.882677234
34.0193, 520.882678010
34.0793, 520.882674246
34.1408, 520.882668377
34.2039, 520.882671483
34.2639, 520.882671735
34.3239, 520.882671092
34.3854, 520.882669976
34.4484, 520.882664448
34.513, 520.882667425
34.573, 520.882664099
34.6345, 520.882663358
34.6976, 520.882663243
34.7622, 520.882661463
34.8284, 520.882665486
34.8884, 520.882658647
34.9499, 520.882660307
35.0099, 520.882657941
35.0714, 520.882658554
35.1314, 520.882655121
35.1929, 520.882652722
35.2559, 520.882651601
35.3206, 520.882649546
35.3868, 520.882652646
35.4468, 520.882648573
35.5083, 520.882654653
35.5683, 520.882649451
35.6298, 520.882649198
35.6928, 520.882644603
35.7574, 520.882646193
35.8174, 520.882643123
35.8789, 520.882647041
35.9389, 520.882640777
36.0004, 520.882643942
36.0604, 520.882639127
36.1219, 520.882640042
36.1819, 520.882634999
36.2434, 520.882639080
36.3034, 520.882634868
36.3649, 520.882636380
36.4249, 520.882636488
36.4849, 520.882633907
36.5464, 520.882634112
36.6064, 520.882630718
36.6679, 520.882627900
36.731, 520.882630905
36.791, 520.882628415
36.8525, 520.882627724
36.9155, 520.882623995
36.9801, 520.882630458
37.0401, 520.882624724
37.1016, 520.882620581
37.1647, 520.882620779
37.2247, 520.882619188
37.2862, 520.882623155
37.3462, 520.882621067
37.4077, 520.882618226
37.4707, 520.882616460
37.5353, 520.882616242
37.6015, 520.882614725
37.6694, 520.882612458
37.739, 520.882612424
37.8103, 520.882614460
37.8703, 520.882606832
37.9318, 520.882609193
37.9918, 520.882606624
38.0533, 520.882605151
38.1164, 520.882608731
38.1764, 520.882605336
38.2379, 520.882604946
38.3009, 520.882601983
38.3655, 520.882602328
38.4255, 520.882598151
38.487, 520.882599290
38.547, 520.882599206
38.6085, 520.882599250
38.6685, 520.882597479
38.73, 520.882595708
38.793, 520.882589748
38.8577, 520.882589458
38.9239, 520.882593292
38.9839, 520.882591906
39.0454, 520.882590219
39.1084, 520.882588771
39.173, 520.882583039
39.2393, 520.882587408
39.2993, 520.882585218
39.3608, 520.882586021
39.4208, 520.882584381
39.4823, 520.882584170
39.5453, 520.882579880
39.6099, 520.882576696
39.6762, 520.882575138
39.744, 520.882578865
39.804, 520.882575084
39.8655, 520.882579214
39.9255, 520.882570539
39.987, 520.882572458
40.047, 520.882573659
40.107, 520.882569429
40.1685, 520.882569965
40.2285, 520.882569513
40.29, 520.882565025
40.3531, 520.882567693
40.4131, 520.882566026
40.4746, 520.882568588
40.5346, 520.882561490
40.5961, 520.882565698
40.6561, 520.882560204
40.7176, 520.882557824
40.7806, 520.882558616
40.8406, 520.882559384
40.9006, 520.882559477
40.9606, 520.882558234
41.0221, 520.882554818
41.0851, 520.882555935
41.1451, 520.882550961
41.2066, 520.882556909
41.2666, 520.882548592
41.3281, 520.882549779
41.3881, 520.882549876
41.4481, 520.882549260
41.5096, 520.882547224
41.5727, 520.882549451
41.6327, 520.882547794
41.6942, 520.882544355
41.7572, 520.882545374
41.8172, 520.882543355
41.8787, 520.882543178
41.9418, 520.882541287
42.0064, 520.882538677
42.0726, 520.882537369
42.1405, 520.882534239
42.2101, 520.882535970
42.2701, 520.882534578
42.3316, 520.882534948
42.3916, 520.882533477
42.4531, 520.882531780
42.5161, 520.882532975
42.5761, 520.882531106
42.6376, 520.882526100
42.7006, 520.882527519
42.7606, 520.882526483
42.8221, 520.882525188
42.8852, 520.882527317
42.9452, 520.882522558
43.0067, 520.882524770
43.0667, 520.882520234
43.1282, 520.882520283
43.1882, 520.882519583
43.2497, 520.882519589
43.3097, 520.882517912
43.3712, 520.882519925
43.4312, 520.882514637
43.4927, 520.882516851
43.5527, 520.882513385
43.6142, 520.882511421
43.6772, 520.882508930
43.7418, 520.882511507
43.8018, 520.882511035
43.8633, 520.882509608
43.9264, 520.882507346
43.991, 520.882505658
44.0572, 520.882505786
44.1172, 520.882505956
44.1772, 520.882504416
44.2387, 520.882504224
44.3017, 520.882504279
44.3617, 520.882499958
44.4232, 520.882494687
44.4863, 520.882496515
44.5463, 520.882496612
44.6063, 520.882502204
44.6663, 520.882495641
44.7278, 520.882496897
44.7878, 520.882490151
44.8493, 520.882491544
44.9093, 520.882492433
44.9693, 520.882492719
45.0293, 520.882488330
45.0908, 520.882491414
45.1508, 520.882483325
45.2123, 520.882484690
45.2723, 520.882483951
45.3338, 520.882479801
45.3968, 520.882482495
45.4568, 520.882483833
45.5168, 520.882481264
45.5783, 520.882483370
45.6383, 520.882477896
45.6998, 520.882478108
45.7598, 520.882475219
45.8213, 520.882474384
45.8844, 520.882476645
45.9444, 520.882475287
46.0059, 520.882475855
46.0659, 520.882471091
46.1274, 520.882470955
46.1904, 520.882469331
46.255, 520.882465789
46.3212, 520.882468897
46.3812, 520.882469367
46.4412, 520.882466237
46.5027, 520.882464988
46.5658, 520.882461502
46.6304, 520.882460347
46.6966, 520.882460093
46.7645, 520.882459988
46.8341, 520.882461131
46.8941, 520.882457778
46.9556, 520.882457088
47.0186, 520.882457619
47.0786, 520.882455688
47.1401, 520.882456948
47.2001, 520.882449256
47.2616, 520.882449878
47.3216, 520.882450224
47.3816, 520.882449198
47.4431, 520.882446233
47.5062, 520.882448268
47.5662, 520.882447101
47.6277, 520.882445417
47.6907, 520.882442523
47.7553, 520.882447766
47.8153, 520.882442468
47.8768, 520.882442074
47.9399, 520.882443136
47.9999, 520.882440495
48.0614, 520.882435766
48.1244, 520.882433617
48.189, 520.882436307
48.249, 520.882437339
48.309, 520.882432091
48.3705, 520.882434810
48.4305, 520.882431212
48.492, 520.882429403
48.555, 520.882430524
48.615, 520.882428950
48.6765, 520.882428141
48.7396, 520.882425663
48.8042, 520.882426045
48.8642, 520.882426429
48.9242, 520.882423330
48.9857, 520.882422539
49.0487, 520.882423564
49.1087, 520.882419903
49.1702, 520.882420047
49.2302, 520.882419278
49.2917, 520.882414227
49.3548, 520.882415020
49.4148, 520.882415462
49.4748, 520.882414360
49.5363, 520.882413114
49.5993, 520.882406779
49.6639, 520.882409518
49.7239, 520.882411845
49.7839, 520.882407584
49.8454, 520.882409244
49.9054, 520.882405014
49.9669, 520.882401998
50.03, 520.882406369
50.09, 520.882407615
50.15, 520.882402193
50.2115, 520.882401611
50.2745, 520.882403623
50.3345, 520.882398148
50.396, 520.882399921
50.456, 520.882399238
50.5175, 520.882398210
50.5805, 520.882397555
50.6451, 520.882393911
50.7114, 520.882395400
50.7714, 520.882393270
50.8329, 520.882389515
50.8959, 520.882389991
50.9559, 520.882391537
51.0159, 520.882387918
51.0774, 520.882385205
51.1404, 520.882384641
51.2051, 520.882387786
51.2651, 520.882384000
51.3266, 520.882387392
51.3866, 520.882382611
51.4481, 520.882384480
51.5081, 520.882379224
51.5696, 520.882377749
51.6326, 520.882375445
51.6972, 520.882375785
51.7572, 520.882372394
51.8187, 520.882377149
51.8787, 520.882371736
51.9402, 520.882371280
52.0032, 520.882370963
52.0679, 520.882368961
52.1341, 520.882368636
52.202, 520.882369623
52.262, 520.882367618
52.3235, 520.882367443
52.3865, 520.882367492
52.4465, 520.882364128
52.508, 520.882363749
52.571, 520.882362733
52.6357, 520.882360975
52.7019, 520.882357338
52.7698, 520.882360490
52.8298, 520.882357322
52.8913, 520.882358095
52.9513, 520.882357611
53.0128, 520.882352918
53.0758, 520.882352127
53.1404, 520.882351029
53.2067, 520.882350676
53.2745, 520.882349865
53.3441, 520.882344414
53.4154, 520.882347393
53.4754, 520.882344083
53.5369, 520.882348502
53.5969, 520.882343418
53.6584, 520.882345089
53.7184, 520.882340052
53.7799, 520.882341700
53.8399, 520.882342151
53.8999, 520.882340313
53.9614, 520.882339942
54.0245, 520.882339559
54.0891, 520.882337046
54.1553, 520.882337132
54.2153, 520.882332583
54.2768, 520.882336710
54.3368, 520.882332306
54.3983, 520.882332855
54.4583, 520.882328088
54.5198, 520.882331562
54.5798, 520.882327941
54.6413, 520.882328627
54.7013, 520.882324697
54.7628, 520.882325068
54.8228, 520.882325204
54.8828, 520.882320662
54.9443, 520.882320415
55.0074, 520.882321412
55.0674, 520.882325189
55.1274, 520.882316608
55.1889, 520.882315960
55.2519, 520.882316389
55.3119, 520.882313873
55.3734, 520.882316745
55.4334, 520.882311133
55.4949, 520.882314817
55.5549, 520.882315090
55.6149, 520.882312603
55.6764, 520.882312340
55.7394, 520.882306360
55.804, 520.882306816
55.864, 520.882309993
55.924, 520.882306687
55.9855, 520.882305011
56.0486, 520.882304610
56.1132, 520.882301134
56.1794, 520.882303228
56.2394, 520.882299569
56.3009, 520.882300386
56.3609, 520.882299655
56.4224, 520.882300383
56.4824, 520.882298923
56.5439, 520.882297874
56.607, 520.882294465
56.6716, 520.882293167
56.7378, 520.882294957
56.7978, 520.882290826
56.8593, 520.882294342
56.9193, 520.882290054
56.9808, 520.882288337
57.0438, 520.882288940
57.1038, 520.882283033
57.1653, 520.882288337
57.2253, 520.882278921
57.2868, 520.882281472
57.3468, 520.882281678
57.4068, 520.882284769
57.4668, 520.882279873
57.5283, 520.882279752
57.5914, 520.882277551
57.656, 520.882275691
57.7222, 520.882274741
57.7901, 520.882275458
57.8501, 520.882273324
57.9116, 520.882273675
57.9716, 520.882271925
58.0331, 520.882268523
58.0961, 520.882269218
58.1561, 520.882267074
58.2176, 520.882268173
58.2776, 520.882265302
58.3391, 520.882265287
58.4022, 520.882263572
58.4668, 520.882263947
58.5268, 520.882260877
58.5883, 520.882261387
58.6483, 520.882259964
58.7098, 520.882258150
58.7728, 520.882258275
58.8328, 520.882258352
58.8928, 520.882257138
58.9543, 520.882256424
59.0174, 520.882249911
59.082, 520.882254073
59.142, 520.882253307
59.2035, 520.882253288
59.2665, 520.882251039
59.3311, 520.882246405
59.3974, 520.882252399
59.4574, 520.882249404
59.5189, 520.882245313
59.5819, 520.882244042
59.6465, 520.882242915
59.7127, 520.882241192
59.7806, 520.882238816
59.8502, 520.882242129
59.9102, 520.882240799
59.9717, 520.882238108
60.0347, 520.882236790
60.0994, 520.882233726
60.1656, 520.882235735
60.2256, 520.882232470
60.2871, 520.882231038
60.3501, 520.882233330
60.4101, 520.882230993
60.4716, 520.882229326
60.5347, 520.882226461
60.5993, 520.882228984
60.6593, 520.882226582
60.7208, 520.882222090
60.7838, 520.882225833
60.8438, 520.882222107
60.9053, 520.882224238
60.9653, 520.882221446
61.0268, 520.882220163
61.0899, 520.882220439
61.1499, 520.882218888
61.2114, 520.882216623
61.2744, 520.882215643
61.339, 520.882212597
61.4052, 520.882215649
61.4652, 520.882213137
61.5267, 520.882211309
61.5898, 520.882210370
61.6544, 520.882209105
61.7206, 520.882208894
61.7885, 520.882207367
61.8581, 520.882204993
61.9294, 520.882204479
62.0025, 520.882204249
62.0774, 520.882204940
62.1374, 520.882200155
62.1989, 520.882202282
62.2589, 520.882201131
62.3204, 520.882201107
62.3835, 520.882200055
62.4481, 520.882196388
62.5143, 520.882196182
62.5822, 520.882194830
62.6518, 520.882190858
62.7231, 520.882189126
62.7962, 520.882191150
62.8562, 520.882191220
62.9162, 520.882189648
62.9777, 520.882190629
63.0377, 520.882187537
63.0992, 520.882186999
63.1622, 520.882185166
63.2269, 520.882185280
63.2869, 520.882182182
63.3484, 520.882180020
63.4114, 520.882182671
63.4714, 520.882181260
63.5329, 520.882179439
63.5959, 520.882180447
63.6559, 520.882178433
63.7174, 520.882174882
63.7805, 520.882178629
63.8405, 520.882172757
63.902, 520.882169981
63.965, 520.882169356
64.0296, 520.882171020
64.0896, 520.882169379
64.1511, 520.882168518
64.2142, 520.882169972
64.2742, 520.882166541
64.3357, 520.882163557
64.3987, 520.882163077
64.4633, 520.882164450
64.5233, 520.882160460
64.5848, 520.882163790
64.6448, 520.882162072
64.7063, 520.882160394
64.7693, 520.882159821
64.834, 520.882159794
64.9002, 520.882152267
64.9681, 520.882154380
65.0281, 520.882152421
65.0896, 520.882152735
65.1496, 520.882152507
65.2111, 520.882149363
65.2741, 520.882149045
65.3387, 520.882145443
65.405, 520.882144446
65.4728, 520.882146248
65.5328, 520.882143694
65.5943, 520.882147478
65.6543, 520.882144126
65.7158, 520.882141555
65.7789, 520.882140582
65.8435, 520.882140780
65.9035, 520.882139496
65.965, 520.882140209
66.025, 520.882135321
66.0865, 520.882135109
66.1495, 520.882137072
66.2095, 520.882133269
66.271, 520.882134429
66.331, 520.882133996
66.3925, 520.882134910
66.4525, 520.882127309
66.514, 520.882129445
66.574, 520.882126094
66.6355, 520.882127877
66.6955, 520.882125477
66.757, 520.882126519
66.817, 520.882123012
66.8785, 520.882120344
66.9416, 520.882122639
67.0016, 520.882117618
67.0631, 520.882116477
67.1261, 520.882118078
67.1861, 520.882116874
67.2476, 520.882117701
67.3076, 520.882111721
67.3691, 520.882114020
67.4291, 520.882114809
67.4891, 520.882112889
67.5506, 520.882112382
67.6136, 520.882111305
67.6783, 520.882107000
67.7445, 520.882107197
67.8045, 520.882104463
67.866, 520.882107888
67.926, 520.882107616
67.9875, 520.882103467
68.0505, 520.882104168
68.1105, 520.882103216
68.172, 520.882101538
68.2351, 520.882098273
68.2997, 520.882098753
68.3597, 520.882098476
68.4212, 520.882097926
68.4842, 520.882094473
68.5488, 520.882096116
68.6088, 520.882090576
68.6703, 520.882094093
68.7303, 520.882093253
68.7918, 520.882090232
68.8549, 520.882087325
68.9195, 520.882088612
68.9795, 520.882083467
69.041, 520.882085361
69.101, 520.882083427
69.1625, 520.882084947
69.2225, 520.882080322
69.284, 520.882081687
69.344, 520.882080535
69.4055, 520.882080067
69.4685, 520.882079309
69.5331, 520.882077088
69.5994, 520.882076703
69.6672, 520.882077326
69.7272, 520.882076364
69.7887, 520.882072019
69.8518, 520.882074023
69.9118, 520.882073233
69.9733, 520.882070065
70.0363, 520.882068491
70.1009, 520.882067340
70.1672, 520.882066837
70.235, 520.882064858
70.3046, 520.882064736
70.3759, 520.882061120
70.449, 520.882061666
70.509, 520.882060449
70.5705, 520.882060394
70.6336, 520.882062089
70.6936, 520.882055045
70.7551, 520.882059608
70.8151, 520.882056351
70.8766, 520.882056082
70.9396, 520.882054619
71.0042, 520.882053611
71.0705, 520.882052750
71.1383, 520.882052789
71.1983, 520.882051793
71.2598, 520.882046285
71.3229, 520.882047069
71.3829, 520.882047642
71.4429, 520.882043286
71.5044, 520.882046961
71.5644, 520.882044300
71.6259, 520.882044097
71.6889, 520.882040912
71.7535, 520.882041330
71.8135, 520.882041042
71.875, 520.882040562
71.9381, 520.882037468
72.0027, 520.882035166
72.0689, 520.882036428
72.1289, 520.882036710
72.1889, 520.882035620
72.2504, 520.882033762
72.3135, 520.882033952
72.3735, 520.882030162
72.435, 520.882029368
72.498, 520.882030500
72.558, 520.882025000
72.6195, 520.882032756
72.6795, 520.882021909
72.741, 520.882024474
72.801, 520.882023200
72.8625, 520.882020162
72.9255, 520.882024153
72.9855, 520.882018968
73.047, 520.882020799
73.107, 520.882020538
73.1685, 520.882019719
73.2316, 520.882017824
73.2962, 520.882012033
73.3624, 520.882014746
73.4224, 520.882013929
73.4839, 520.882010422
73.5469, 520.882008458
73.6116, 520.882008906
73.6716, 520.882008642
73.7331, 520.882009620
73.7931, 520.882006451
73.8546, 520.882008288
73.9146, 520.882006483
73.9761, 520.882004541
74.0391, 520.882004491
74.1037, 520.882003792
74.1699, 520.881996650
74.2378, 520.882000911
74.2978, 520.882002106
74.3578, 520.881997201
74.4193, 520.881997386
74.4793, 520.881996669
74.5408, 520.881992539
74.6039, 520.881994761
74.6639, 520.881992547
74.7254, 520.881988878
74.7884, 520.881990365
74.8484, 520.881988517
74.9099, 520.881984877
74.9729, 520.881986419
75.0329, 520.881983434
75.0944, 520.881981525
75.1575, 520.881981766
75.2175, 520.881981619
75.279, 520.881980068
75.342, 520.881976659
75.4066, 520.881979568
75.4666, 520.881978587
75.5281, 520.881976865
75.5912, 520.881978685
75.6512, 520.881976709
75.7127, 520.881975262
75.7757, 520.881976542
75.8357, 520.881970348
75.8972, 520.881972963
75.9572, 520.881968640
76.0187, 520.881969559
76.0787, 520.881967618
76.1402, 520.881971684
76.2002, 520.881968935
76.2617, 520.881964283
76.3247, 520.881966728
76.3847, 520.881962117
76.4462, 520.881963589
76.5062, 520.881961851
76.5677, 520.881962434
76.6277, 520.881955911
76.6892, 520.881957779
76.7492, 520.881956814
76.8107, 520.881956402
76.8738, 520.881954515
76.9384, 520.881953889
77.0046, 520.881952213
77.0725, 520.881955037
77.1325, 520.881947385
77.194, 520.881945925
77.257, 520.881949514
77.317, 520.881950346
77.377, 520.881949740
77.4385, 520.881945651
77.5016, 520.881947001
77.5616, 520.881945536
77.6231, 520.881941452
77.6861, 520.881941036
77.7507, 520.881942021
77.8107, 520.881940506
77.8722, 520.881941497
77.9322, 520.881939526
77.9937, 520.881937069
78.0568, 520.881935455
78.1214, 520.881931106
78.1876, 520.881934321
78.2476, 520.881934738
78.3076, 520.881932085
78.3691, 520.881930730
78.4321, 520.881932154
78.4921, 520.881931427
78.5536, 520.881928408
78.6167, 520.881929772
78.6767, 520.881924598
78.7382, 520.881921586
78.8012, 520.881919903
78.8658, 520.881920031
78.9258, 520.881922182
78.9858, 520.881921848
79.0473, 520.881921883
79.1073, 520.881919686
79.1688, 520.881917023
79.2319, 520.881919277
79.2919, 520.881913946
79.3534, 520.881913267
79.4164, 520.881912906
79.481, 520.881915885
79.541, 520.881909730
79.6025, 520.881908971
79.6656, 520.881911214
79.7256, 520.881908212
79.7871, 520.881907777
79.8501, 520.881907483
79.9147, 520.881905393
79.9809, 520.881904828
80.0488, 520.881901829
80.1184, 520.881904110
80.1784, 520.881901964
80.2399, 520.881899677
80.3029, 520.881899188
80.3676, 520.881895513
80.4338, 520.881897343
80.4938, 520.881894420
80.5553, 520.881897386
80.6153, 520.881890713
80.6768, 520.881891867
80.7368, 520.881889372
80.7983, 520.881888676
80.8613, 520.881889815
80.9213, 520.881886073
80.9828, 520.881890565
81.0428, 520.881883898
81.1043, 520.881884562
81.1643, 520.881880943
81.2258, 520.881882028
81.2858, 520.881882277
81.3458, 520.881879925
81.4073, 520.881877888
81.4704, 520.881876757
81.535, 520.881878408
81.595, 520.881875305
81.6565, 520.881874869
81.7195, 520.881875247
81.7795, 520.881874965
81.841, 520.881870280
81.904, 520.881869869
81.9687, 520.881870282
82.0287, 520.881866106
82.0902, 520.881867791
82.1502, 520.881865442
82.2117, 520.881867664
82.2717, 520.881865758
82.3332, 520.881865686
82.3962, 520.881863601
82.4608, 520.881865308
82.5208, 520.881862364
82.5823, 520.881861246
82.6453, 520.881855559
82.71, 520.881856529
82.77, 520.881859813
82.83, 520.881852651
82.8915, 520.881858860
82.9515, 520.881848653
83.013, 520.881851195
83.073, 520.881849983
83.1345, 520.881852069
83.1945, 520.881843645
83.256, 520.881848044
83.316, 520.881843734
83.3775, 520.881845508
83.4375, 520.881844059
83.499, 520.881841441
83.562, 520.881843231
83.622, 520.881840312
83.6835, 520.881843360
83.7435, 520.881841710
83.805, 520.881841628
83.868, 520.881839973
83.9327, 520.881837463
83.9989, 520.881836739
84.0668, 520.881834959
84.1363, 520.881836128
84.1963, 520.881831396
84.2578, 520.881831906
84.3178, 520.881830399
84.3793, 520.881828217
84.4424, 520.881831852
84.5024, 520.881830587
84.5639, 520.881826382
84.6269, 520.881826463
84.6869, 520.881820395
84.7484, 520.881826447
84.8084, 520.881822754
84.8699, 520.881817912
84.933, 520.881820978
84.993, 520.881821102
85.053, 520.881820345
85.1145, 520.881818687
85.1775, 520.881817031
85.2421, 520.881814402
85.3083, 520.881818229
85.3683, 520.881814119
85.4298, 520.881814384
85.4898, 520.881810462
85.5513, 520.881812623
85.6113, 520.881812580
85.6728, 520.881808430
85.7359, 520.881812041
85.7959, 520.881807142
85.8574, 520.881807419
85.9174, 520.881806868
85.9789, 520.881804746
86.0419, 520.881807888
86.1019, 520.881803056
86.1634, 520.881802369
86.2265, 520.881804129
86.2865, 520.881801337
86.348, 520.881796150
86.411, 520.881795789
86.4756, 520.881796949
86.5356, 520.881794334
86.5971, 520.881795756
86.6571, 520.881792185
86.7186, 520.881793270
86.7786, 520.881793099
86.8401, 520.881786555
86.9031, 520.881793744
86.9631, 520.881786959
87.0246, 520.881786364
87.0877, 520.881786123
87.1523, 520.881785381
87.2185, 520.881778882
87.2864, 520.881781265
87.3464, 520.881775996
87.4079, 520.881777925
87.4679, 520.881781678
87.5279, 520.881778592
87.5894, 520.881777067
87.6524, 520.881776278
87.7171, 520.881776363
87.7771, 520.881774472
87.8386, 520.881773109
87.9016, 520.881774961
87.9616, 520.881771313
88.0231, 520.881770094
88.0861, 520.881770395
88.1461, 520.881770253
88.2076, 520.881768846
88.2707, 520.881767647
88.3353, 520.881765216
88.4015, 520.881763635
88.4694, 520.881760437
88.539, 520.881760319
88.6103, 520.881759385
88.6834, 520.881764314
88.7434, 520.881756758
88.8049, 520.881756315
88.8679, 520.881757768
88.9279, 520.881755817
88.9894, 520.881752688
89.0525, 520.881752113
89.1171, 520.881753640
89.1771, 520.881748576
89.2386, 520.881751816
89.2986, 520.881748152
89.3601, 520.881747722
89.4231, 520.881746807
89.4877, 520.881745922
89.554, 520.881743541
89.6219, 520.881741755
89.6914, 520.881744677
89.7514, 520.881741345
89.8129, 520.881741655
89.8729, 520.881740994
89.9344, 520.881737725
89.9975, 520.881735947
90.0621, 520.881734067
90.1283, 520.881736009
90.1883, 520.881732883
90.2498, 520.881734285
90.3098, 520.881731914
90.3713, 520.881727950
90.4344, 520.881731895
90.4944, 520.881731043
90.5559, 520.881726838
90.6189, 520.881727938
90.6789, 520.881724003
90.7404, 520.881729887
90.8004, 520.881722827
90.8619, 520.881720977
90.9249, 520.881721227
90.9849, 520.881718698
91.0464, 520.881720756
91.1064, 520.881720637
91.1679, 520.881719455
91.231, 520.881719369
91.2956, 520.881715166
91.3618, 520.881716156
91.4218, 520.881712025
91.4833, 520.881713660
91.5433, 520.881711006
91.6048, 520.881710443
91.6678, 520.881710374
91.7325, 520.881710795
91.7925, 520.881707034
91.854, 520.881705413
91.917, 520.881704945
91.9816, 520.881703883
92.0478, 520.881703867
92.1157, 520.881702646
92.1853, 520.881703670
92.2453, 520.881698522
92.3068, 520.881697895
92.3698, 520.881696669
92.4345, 520.881695566
92.5007, 520.881694635
92.5686, 520.881697055
92.6286, 520.881691817
92.6901, 520.881691575
92.7531, 520.881690660
92.8177, 520.881687243
92.8839, 520.881689463
92.9439, 520.881686951
93.0054, 520.881689938
93.0654, 520.881688619
93.1269, 520.881686496
93.19, 520.881685335
93.2546, 520.881683161
93.3208, 520.881681776
93.3887, 520.881680755
93.4583, 520.881679103
93.5296, 520.881679858
93.5896, 520.881677226
93.6511, 520.881678503
93.7111, 520.881675880
93.7726, 520.881675058
93.8357, 520.881674940
93.9003, 520.881671189
93.9665, 520.881672383
94.0265, 520.881669990
94.088, 520.881667174
94.151, 520.881673087
94.211, 520.881662985
94.2725, 520.881665047
94.3325, 520.881662273
94.394, 520.881665264
94.454, 520.881659415
94.5155, 520.881663032
94.5755, 520.881664897
94.6355, 520.881662401
94.697, 520.881659671
94.7601, 520.881659412
94.8247, 520.881657804
94.8909, 520.881657522
94.9588, 520.881655760
95.0284, 520.881653330
95.0997, 520.881655504
95.1597, 520.881655201
95.2212, 520.881650727
95.2842, 520.881649569
95.3489, 520.881647163
95.4151, 520.881647176
95.4751, 520.881645573
95.5366, 520.881645346
95.5996, 520.881645197
95.6642, 520.881646101
95.7242, 520.881639278
95.7857, 520.881644797
95.8457, 520.881640660
95.9072, 520.881639517
95.9703, 520.881641341
96.0303, 520.881637109
96.0918, 520.881637937
96.1518, 520.881636503
96.2133, 520.881637328
96.2733, 520.881637713
96.3333, 520.881631489
96.3948, 520.881635405
96.4548, 520.881629187
96.5163, 520.881629417
96.5763, 520.881628628
96.6378, 520.881624982
96.7008, 520.881626687
96.7608, 520.881626880
96.8208, 520.881625276
96.8823, 520.881625357
96.9423, 520.881623883
97.0038, 520.881620279
97.0668, 520.881622791
97.1268, 520.881617595
97.1883, 520.881620200
97.2483, 520.881616638
97.3098, 520.881614752
97.3729, 520.881617306
97.4329, 520.881617469
97.4929, 520.881614747
97.5544, 520.881614993
97.6144, 520.881609045
97.6759, 520.881611778
97.7359, 520.881607654
97.7974, 520.881608554
97.8574, 520.881608529
97.9189, 520.881607482
97.9819, 520.881604529
98.0465, 520.881605253
98.1065, 520.881604328
98.168, 520.881602682
98.2311, 520.881602415
98.2957, 520.881599569
98.3619, 520.881600187
98.4219, 520.881597941
98.4834, 520.881596971
98.5464, 520.881595800
98.6111, 520.881596070
98.6711, 520.881594399
98.7326, 520.881593360
98.7956, 520.881591053
98.8602, 520.881590512
98.9264, 520.881589611
98.9943, 520.881587195
99.0639, 520.881587990
99.1239, 520.881587983
99.1854, 520.881584013
99.2484, 520.881584809
99.3084, 520.881581485
99.3699, 520.881581601
99.4299, 520.881579431
99.4914, 520.881585748
99.5514, 520.881578760
99.6129, 520.881577205
99.676, 520.881576733
99.7406, 520.881577331
99.8006, 520.881576030
99.8621, 520.881575291
99.9251, 520.881573976
99.9897, 520.881574841
100.05, 520.881570894
100.111, 520.881572413
100.171, 520.881570946
100.233, 520.881570014
100.296, 520.881570157
100.356, 520.881566792
100.417, 520.881566941
100.477, 520.881562623
100.539, 520.881561752
100.602, 520.881563675
100.662, 520.881560656
100.723, 520.881561553
100.783, 520.881562674
100.843, 520.881557504
100.905, 520.881555508
100.968, 520.881554092
101.032, 520.881553128
101.099, 520.881551412
101.167, 520.881556482
101.227, 520.881553677
101.288, 520.881551456
101.351, 520.881553036
101.411, 520.881552119
101.473, 520.881549140
101.536, 520.881548340
101.6, 520.881548876
101.66, 520.881546458
101.722, 520.881545237
101.785, 520.881542607
101.849, 520.881541372
101.916, 520.881541064
101.984, 520.881541195
102.044, 520.881537237
102.105, 520.881536746
102.168, 520.881534187
102.233, 520.881538249
102.293, 520.881533540
102.354, 520.881534627
102.414, 520.881533417
102.476, 520.881530176
102.539, 520.881529456
102.603, 520.881532604
102.663, 520.881526570
102.725, 520.881526265
102.788, 520.881528932
102.848, 520.881529982
102.908, 520.881526564
102.969, 520.881525425
103.032, 520.881523164
103.097, 520.881523202
103.157, 520.881520391
103.219, 520.881520626
103.279, 520.881517308
103.34, 520.881516501
103.403, 520.881518083
103.463, 520.881517175
103.525, 520.881515869
103.588, 520.881511258
103.652, 520.881515197
103.712, 520.881510012
103.774, 520.881511091
103.834, 520.881508889
103.895, 520.881508584
103.958, 520.881505206
104.023, 520.881508125
104.083, 520.881503608
104.144, 520.881507205
104.204, 520.881502469
104.266, 520.881503102
104.326, 520.881498755
104.387, 520.881498692
104.45, 520.881498268
104.515, 520.881498279
104.575, 520.881497317
104.637, 520.881495174
104.7, 520.881494177
104.764, 520.881492862
104.83, 520.881494697
104.89, 520.881489922
104.952, 520.881490930
105.012, 520.881491657
105.072, 520.881489717
105.133, 520.881488382
105.196, 520.881483090
105.261, 520.881485709
105.321, 520.881476409
105.383, 520.881485632
105.443, 520.881482625
105.504, 520.881483530
105.564, 520.881480082
105.626, 520.881480169
105.686, 520.881478398
105.747, 520.881476576
105.81, 520.881481142
105.87, 520.881476538
105.932, 520.881476091
105.995, 520.881474289
106.059, 520.881473049
106.125, 520.881469861
106.193, 520.881469670
106.263, 520.881468799
106.334, 520.881467006
106.407, 520.881464474
106.482, 520.881464780
106.542, 520.881462043
106.604, 520.881461393
106.667, 520.881462217
106.727, 520.881459755
106.788, 520.881461584
106.848, 520.881459264
106.91, 520.881461130
106.97, 520.881457191
107.031, 520.881458304
107.091, 520.881457443
107.153, 520.881458765
107.213, 520.881452749
107.274, 520.881451725
107.337, 520.881452165
107.397, 520.881449465
107.459, 520.881448299
107.522, 520.881445734
107.587, 520.881444869
107.653, 520.881446874
107.713, 520.881447171
107.773, 520.881445540
107.834, 520.881443658
107.897, 520.881443164
107.962, 520.881441716
108.028, 520.881440539
108.096, 520.881438083
108.166, 520.881439493
108.226, 520.881434946
108.287, 520.881437383
108.347, 520.881434038
108.409, 520.881437668
108.469, 520.881432286
108.53, 520.881432048
108.593, 520.881432263
108.653, 520.881427733
108.715, 520.881429309
108.775, 520.881426165
108.836, 520.881425064
108.899, 520.881427643
108.959, 520.881423330
109.021, 520.881421995
109.084, 520.881423044
109.144, 520.881422958
109.205, 520.881415490
109.268, 520.881419892
109.328, 520.881418428
109.39, 520.881418321
109.453, 520.881416418
109.517, 520.881414337
109.584, 520.881414551
109.644, 520.881416503
109.704, 520.881412056
109.765, 520.881410282
109.828, 520.881411079
109.888, 520.881409980
109.95, 520.881403898
110.013, 520.881409767
110.073, 520.881405901
110.134, 520.881404942
110.197, 520.881403182
110.262, 520.881402143
110.328, 520.881402098
110.396, 520.881401120
110.466, 520.881405771
110.526, 520.881397428
110.587, 520.881396750
110.65, 520.881399450
110.71, 520.881397146
110.772, 520.881394870
110.835, 520.881394459
110.899, 520.881392914
110.965, 520.881390983
111.033, 520.881389451
111.103, 520.881389388
111.174, 520.881392047
111.234, 520.881385628
111.296, 520.881385922
111.356, 520.881382656
111.417, 520.881384243
111.477, 520.881380653
111.539, 520.881383936
111.599, 520.881382445
111.66, 520.881381790
111.723, 520.881380694
111.788, 520.881382169
111.848, 520.881375399
111.909, 520.881381337
111.969, 520.881372916
112.031, 520.881375281
112.091, 520.881371614
112.152, 520.881374209
112.212, 520.881372269
112.274, 520.881374303
112.334, 520.881364421
112.395, 520.881366760
112.455, 520.881364608
112.517, 520.881366449
112.577, 520.881363525
112.638, 520.881365242
112.698, 520.881365712
112.758, 520.881361250
112.82, 520.881359681
112.883, 520.881357146
112.948, 520.881362342
113.008, 520.881357599
113.069, 520.881354972
113.132, 520.881355966
113.192, 520.881357499
113.252, 520.881354383
113.314, 520.881354996
113.374, 520.881350785
113.435, 520.881351179
113.495, 520.881352730
113.555, 520.881350741
113.617, 520.881344652
113.68, 520.881345964
113.74, 520.881349008
113.8, 520.881345612
113.861, 520.881343861
113.924, 520.881345590
113.984, 520.881342507
114.046, 520.881340474
114.109, 520.881343130
114.169, 520.881340381
114.23, 520.881336608
114.293, 520.881340725
114.353, 520.881333405
114.415, 520.881340586
114.475, 520.881330565
114.536, 520.881331503
114.596, 520.881335411
114.656, 520.881333955
114.718, 520.881328516
114.781, 520.881330686
114.841, 520.881328665
114.902, 520.881328257
114.965, 520.881325828
115.03, 520.881324866
115.096, 520.881326301
115.156, 520.881318793
115.218, 520.881322304
115.278, 520.881320560
115.339, 520.881322517
115.399, 520.881322568
115.459, 520.881319180
115.521, 520.881321133
115.581, 520.881314896
115.642, 520.881316844
115.702, 520.881312411
115.764, 520.881315181
115.824, 520.881313203
115.885, 520.881311835
115.948, 520.881312737
116.008, 520.881310849
116.07, 520.881308430
116.133, 520.881306672
116.197, 520.881306238
116.264, 520.881303402
116.331, 520.881306330
116.391, 520.881300612
116.453, 520.881300401
116.516, 520.881302677
116.576, 520.881301200
116.637, 520.881298403
116.701, 520.881296395
116.765, 520.881299659
116.825, 520.881295535
116.887, 520.881292886
116.95, 520.881293394
117.01, 520.881290712
117.071, 520.881292287
117.131, 520.881290337
117.193, 520.881290300
117.256, 520.881285974
117.32, 520.881288572
117.38, 520.881286577
117.442, 520.881286565
117.505, 520.881284495
117.569, 520.881283837
117.636, 520.881281741
117.704, 520.881280056
117.773, 520.881278745
117.844, 520.881280747
117.904, 520.881280041
117.966, 520.881278527
118.029, 520.881273837
118.094, 520.881276453
118.154, 520.881274893
118.215, 520.881275383
118.275, 520.881270567
118.337, 520.881272761
118.397, 520.881270341
118.458, 520.881269095
118.521, 520.881267596
118.586, 520.881268674
118.646, 520.881268104
118.707, 520.881266641
118.77, 520.881266442
118.835, 520.881258435
118.901, 520.881260996
118.961, 520.881260931
119.023, 520.881259027
119.086, 520.881257532
119.15, 520.881259337
119.21, 520.881254367
119.272, 520.881254643
119.332, 520.881255532
119.392, 520.881255565
119.452, 520.881253013
119.513, 520.881251630
119.576, 520.881249544
119.641, 520.881248586
119.707, 520.881249757
119.767, 520.881244546
119.829, 520.881245794
119.889, 520.881245245
119.95, 520.881240122
120.013, 520.881244356
120.073, 520.881241552
120.135, 520.881238682
120.198, 520.881239925
120.258, 520.881241239
120.318, 520.881238340
120.379, 520.881236039
120.442, 520.881237401
120.502, 520.881237425
120.562, 520.881232720
120.624, 520.881232138
120.687, 520.881230117
120.751, 520.881233703
120.811, 520.881230162
120.873, 520.881229287
120.936, 520.881226209
121.001, 520.881227291
121.061, 520.881221983
121.122, 520.881222229
121.182, 520.881223851
121.242, 520.881223277
121.304, 520.881222929
121.367, 520.881218297
121.431, 520.881220004
121.491, 520.881218081
121.553, 520.881216660
121.616, 520.881220126
121.676, 520.881213612
121.737, 520.881214039
121.797, 520.881214155
121.857, 520.881213768
121.919, 520.881212269
121.982, 520.881209865
122.046, 520.881212793
122.106, 520.881207396
122.168, 520.881208320
122.228, 520.881206622
122.289, 520.881207038
122.349, 520.881206412
122.411, 520.881204587
122.474, 520.881202200
122.539, 520.881202999
122.599, 520.881204797
122.659, 520.881199493
122.72, 520.881203894
122.78, 520.881196269
122.842, 520.881196977
122.902, 520.881193715
122.963, 520.881194843
123.023, 520.881194730
123.085, 520.881194585
123.148, 520.881187097
123.212, 520.881195233
123.272, 520.881188592
123.334, 520.881186687
123.397, 520.881188749
123.457, 520.881181585
123.518, 520.881187790
123.578, 520.881185475
123.64, 520.881184154
123.703, 520.881180992
123.767, 520.881183067
123.827, 520.881181300
123.889, 520.881183348
123.949, 520.881178444
124.01, 520.881180408
124.07, 520.881175738
124.132, 520.881175394
124.195, 520.881177885
124.255, 520.881172257
124.316, 520.881176046
124.376, 520.881172420
124.438, 520.881175463
124.498, 520.881167750
124.559, 520.881169222
124.619, 520.881168447
124.681, 520.881167846
124.744, 520.881168563
124.804, 520.881166799
124.866, 520.881164016
124.929, 520.881162705
124.993, 520.881164682
125.053, 520.881160596
125.115, 520.881163416
125.175, 520.881159594
125.236, 520.881159495
125.299, 520.881157518
125.364, 520.881156790
125.43, 520.881155217
125.498, 520.881156552
125.558, 520.881151801
125.619, 520.881152899
125.679, 520.881151561
125.741, 520.881151657
125.801, 520.881149347
125.862, 520.881147774
125.925, 520.881148910
125.985, 520.881147212
126.047, 520.881143674
126.11, 520.881139432
126.175, 520.881143848
126.235, 520.881135718
126.296, 520.881137267
126.356, 520.881141235
126.416, 520.881142276
126.476, 520.881137038
126.538, 520.881136782
126.601, 520.881138761
126.661, 520.881131301
126.722, 520.881135274
126.782, 520.881132040
126.844, 520.881135385
126.904, 520.881132113
126.965, 520.881132745
127.025, 520.881126020
127.087, 520.881131209
127.147, 520.881128499
127.208, 520.881128529
127.268, 520.881122410
127.33, 520.881123610
127.39, 520.881118344
127.451, 520.881122683
127.511, 520.881119861
127.573, 520.881122729
127.633, 520.881120141
127.694, 520.881118634
127.757, 520.881116040
127.822, 520.881117929
127.882, 520.881115007
127.943, 520.881118662
128.003, 520.881111550
128.065, 520.881112315
128.125, 520.881109421
128.186, 520.881108696
128.249, 520.881110327
128.309, 520.881105892
128.371, 520.881111237
128.431, 520.881106564
128.492, 520.881104035
128.555, 520.881106299
128.615, 520.881100653
128.677, 520.881104064
128.737, 520.881099197
128.798, 520.881093472
128.861, 520.881097728
128.921, 520.881097801
128.981, 520.881097648
129.043, 520.881097906
129.103, 520.881094334
129.164, 520.881095591
129.224, 520.881093791
129.286, 520.881090556
129.349, 520.881094238
129.409, 520.881091315
129.47, 520.881085738
129.534, 520.881088718
129.594, 520.881086505
129.655, 520.881083311
129.718, 520.881084306
129.778, 520.881085006
129.838, 520.881083020
129.9, 520.881082342
129.963, 520.881083120
130.023, 520.881078144
130.084, 520.881081930
130.144, 520.881076640
130.206, 520.881077303
130.266, 520.881073161
130.327, 520.881076225
130.387, 520.881075281
130.449, 520.881074491
130.512, 520.881072189
130.576, 520.881071814
130.642, 520.881072892
130.702, 520.881071018
130.764, 520.881070558
130.827, 520.881065450
130.892, 520.881067526
130.952, 520.881064805
131.013, 520.881063968
131.076, 520.881063296
131.141, 520.881062499
131.207, 520.881065381
131.267, 520.881063529
131.328, 520.881062132
131.392, 520.881059743
131.456, 520.881059886
131.516, 520.881054293
131.578, 520.881053149
131.641, 520.881054842
131.701, 520.881048593
131.762, 520.881049633
131.822, 520.881053159
131.882, 520.881047984
131.944, 520.881048135
132.004, 520.881047736
132.065, 520.881043627
132.128, 520.881043076
132.193, 520.881042983
132.259, 520.881047414
132.319, 520.881040983
132.381, 520.881039429
132.444, 520.881036389
132.508, 520.881042757
132.568, 520.881036760
132.63, 520.881040785
132.69, 520.881034618
132.751, 520.881037488
132.811, 520.881033428
132.873, 520.881035152
132.933, 520.881032207
132.994, 520.881035468
133.054, 520.881027617
133.116, 520.881032416
133.176, 520.881025445
133.237, 520.881027929
133.297, 520.881025335
133.359, 520.881025889
133.419, 520.881022014
133.48, 520.881021972
133.543, 520.881021868
133.608, 520.881023164
133.668, 520.881013486
133.729, 520.881019051
133.789, 520.881015964
133.851, 520.881020423
133.911, 520.881017588
133.972, 520.881015516
134.035, 520.881014780
134.1, 520.881012118
134.166, 520.881016674
134.226, 520.881010048
134.288, 520.881015343
134.348, 520.881007630
134.409, 520.881007790
134.469, 520.881005846
134.531, 520.881006110
134.591, 520.881008187
134.651, 520.881004555
134.712, 520.881001756
134.775, 520.881003953
134.835, 520.880998030
134.897, 520.881001799
134.957, 520.880999978
135.018, 520.880999561
135.081, 520.880998376
135.146, 520.880997621
135.212, 520.880992455
135.28, 520.880993362
135.34, 520.880993378
135.4, 520.880993075
135.462, 520.880992228
135.525, 520.880989216
135.589, 520.880993111
135.649, 520.880988634
135.711, 520.880984652
135.774, 520.880988571
135.834, 520.880986031
135.895, 520.880985974
135.958, 520.880984752
136.023, 520.880982748
136.089, 520.880982227
136.157, 520.880981553
136.227, 520.880979627
136.298, 520.880975705
136.371, 520.880979433
136.431, 520.880974646
136.493, 520.880974523
136.556, 520.880973041
136.62, 520.880971839
136.686, 520.880969394
136.754, 520.880971831
136.814, 520.880963935
136.876, 520.880970418
136.936, 520.880966010
136.997, 520.880969098
137.057, 520.880963415
137.119, 520.880964687
137.179, 520.880961352
137.24, 520.880964047
137.3, 520.880958129
137.362, 520.880960864
137.422, 520.880957264
137.483, 520.880960519
137.543, 520.880956529
137.605, 520.880958066
137.665, 520.880959245
137.725, 520.880956555
137.786, 520.880952996
137.849, 520.880951464
137.914, 520.880953855
137.974, 520.880950582
138.035, 520.880950969
138.095, 520.880952014
138.155, 520.880948928
138.217, 520.880947384
138.28, 520.880944234
138.345, 520.880947179
138.405, 520.880941117
138.466, 520.880943968
138.526, 520.880939100
138.588, 520.880936102
138.651, 520.880936738
138.711, 520.880935103
138.772, 520.880933866
138.835, 520.880939910
138.895, 520.880934140
138.957, 520.880932552
139.02, 520.880936994
139.08, 520.880932204
139.141, 520.880934393
139.201, 520.880929607
139.263, 520.880929853
139.323, 520.880929583
139.384, 520.880930507
139.444, 520.880925199
139.506, 520.880925295
139.566, 520.880925902
139.626, 520.880923491
139.687, 520.880922732
139.75, 520.880922550
139.815, 520.880922798
139.875, 520.880921234
139.936, 520.880917754
139.999, 520.880916366
140.064, 520.880914734
140.13, 520.880917066
140.19, 520.880910357
140.252, 520.880917359
140.312, 520.880909422
140.373, 520.880914663
140.433, 520.880910850
140.495, 520.880908541
140.558, 520.880910610
140.618, 520.880908904
140.679, 520.880907476
140.742, 520.880903738
140.807, 520.880907796
140.867, 520.880902295
140.928, 520.880902531
140.988, 520.880903356
141.048, 520.880898201
141.11, 520.880896549
141.173, 520.880899272
141.233, 520.880897133
141.294, 520.880898672
141.354, 520.880893369
141.416, 520.880892019
141.479, 520.880893929
141.539, 520.880890111
141.6, 520.880891249
141.66, 520.880887681
141.722, 520.880890793
141.782, 520.880888469
141.843, 520.880889074
141.903, 520.880887354
141.965, 520.880888773
142.025, 520.880884430
142.086, 520.880883860
142.15, 520.880880744
142.214, 520.880883371
142.274, 520.880879424
142.336, 520.880881754
142.396, 520.880877603
142.457, 520.880876695
142.52, 520.880873859
142.585, 520.880872538
142.651, 520.880875635
142.711, 520.880872803
142.773, 520.880873350
142.833, 520.880870544
142.894, 520.880872864
142.954, 520.880869518
143.016, 520.880868817
143.079, 520.880869865
143.139, 520.880864879
143.2, 520.880866724
143.26, 520.880863084
143.322, 520.880863418
143.382, 520.880862657
143.443, 520.880859453
143.506, 520.880859264
143.571, 520.880859067
143.637, 520.880859840
143.697, 520.880860652
143.757, 520.880854461
143.818, 520.880856847
143.878, 520.880856141
143.94, 520.880855202
144.003, 520.880850994
144.068, 520.880853397
144.128, 520.880850225
144.189, 520.880844374
144.252, 520.880847568
144.312, 520.880847645
144.372, 520.880848801
144.432, 520.880843482
144.494, 520.880845156
144.554, 520.880846780
144.614, 520.880843282
144.675, 520.880846898
144.735, 520.880837976
144.797, 520.880837808
144.86, 520.880837031
144.924, 520.880839436
144.984, 520.880835473
145.046, 520.880835304
145.109, 520.880835924
145.169, 520.880833967
145.23, 520.880831839
145.293, 520.880831444
145.358, 520.880832813
145.418, 520.880826957
145.479, 520.880830620
145.539, 520.880826179
145.601, 520.880826068
145.664, 520.880824194
145.729, 520.880825550
145.789, 520.880822978
145.85, 520.880823817
145.91, 520.880822992
145.972, 520.880819411
146.035, 520.880818169
146.099, 520.880815830
146.165, 520.880818335
146.225, 520.880810195
146.287, 520.880816430
146.347, 520.880815015
146.408, 520.880813642
146.472, 520.880816156
146.532, 520.880812309
146.593, 520.880810626
146.656, 520.880812378
146.716, 520.880808391
146.778, 520.880808168
146.841, 520.880807514
146.905, 520.880805070
146.971, 520.880805600
147.031, 520.880799929
147.093, 520.880801731
147.153, 520.880801487
147.214, 520.880802293
147.274, 520.880803551
147.334, 520.880798695
147.396, 520.880797621
147.459, 520.880795785
147.524, 520.880797559
147.584, 520.880793300
147.645, 520.880791883
147.708, 520.880796651
147.768, 520.880790743
147.83, 520.880793272
147.89, 520.880792355
147.951, 520.880789500
148.014, 520.880785087
148.079, 520.880787074
148.139, 520.880784737
148.2, 520.880786305
148.26, 520.880781669
148.322, 520.880787115
148.382, 520.880781260
148.443, 520.880788381
148.503, 520.880782507
148.565, 520.880784486
148.625, 520.880780379
148.686, 520.880780253
148.749, 520.880774958
148.814, 520.880775388
148.874, 520.880771678
148.935, 520.880778967
148.995, 520.880771840
149.057, 520.880770761
149.12, 520.880769521
149.185, 520.880768470
149.251, 520.880768393
149.319, 520.880763271
149.388, 520.880765786
149.448, 520.880764935
149.51, 520.880764117
149.573, 520.880760658
149.637, 520.880763377
149.697, 520.880761458
149.759, 520.880763098
149.819, 520.880758021
149.88, 520.880759820
149.94, 520.880755868
150.002, 520.880752824
150.065, 520.880756340
150.125, 520.880756172
150.186, 520.880752197
150.25, 520.880753288
150.31, 520.880749942
150.371, 520.880749954
150.431, 520.880748332
150.493, 520.880752803
150.553, 520.880746714
150.614, 520.880744065
150.677, 520.880746319
150.737, 520.880745450
150.799, 520.880743950
150.862, 520.880744004
150.922, 520.880739944
150.983, 520.880740360
151.043, 520.880738727
151.105, 520.880738092
151.168, 520.880738026
151.232, 520.880736972
151.298, 520.880732514
151.366, 520.880739413
151.426, 520.880732467
151.488, 520.880730996
151.551, 520.880732829
151.611, 520.880729077
151.672, 520.880726471
151.735, 520.880727317
151.795, 520.880725188
151.857, 520.880725568
151.917, 520.880723246
151.978, 520.880724130
152.038, 520.880723032
152.1, 520.880718910
152.163, 520.880720152
152.223, 520.880719910
152.284, 520.880718127
152.347, 520.880717109
152.412, 520.880721258
152.472, 520.880717277
152.534, 520.880715400
152.597, 520.880715503
152.657, 520.880712446
152.718, 520.880713095
152.778, 520.880711734
152.84, 520.880708213
152.903, 520.880709164
152.963, 520.880708827
153.024, 520.880706735
153.087, 520.880707054
153.147, 520.880699970
153.209, 520.880702673
153.269, 520.880702706
153.329, 520.880702973
153.389, 520.880699967
153.45, 520.880703057
153.51, 520.880696798
153.572, 520.880699209
153.632, 520.880692700
153.693, 520.880696623
153.753, 520.880696789
153.813, 520.880691146
153.875, 520.880694368
153.935, 520.880695093
153.995, 520.880692528
154.056, 520.880691181
154.119, 520.880690074
154.184, 520.880687959
154.25, 520.880688197
154.31, 520.880683920
154.372, 520.880681316
154.435, 520.880684983
154.495, 520.880680505
154.556, 520.880678010
154.619, 520.880679934
154.679, 520.880679408
154.741, 520.880680557
154.801, 520.880678438
154.862, 520.880676613
154.925, 520.880676848
154.985, 520.880677048
155.045, 520.880675563
155.107, 520.880672859
155.17, 520.880674805
155.23, 520.880671370
155.291, 520.880670303
155.354, 520.880668592
155.419, 520.880673469
155.479, 520.880666049
155.54, 520.880668570
155.6, 520.880663857
155.662, 520.880666790
155.722, 520.880663048
155.783, 520.880663627
155.843, 520.880659900
155.905, 520.880661910
155.965, 520.880658610
156.026, 520.880660339
156.086, 520.880658613
156.148, 520.880662525
156.208, 520.880659017
156.269, 520.880654793
156.332, 520.880654181
156.397, 520.880654109
156.463, 520.880652106
156.531, 520.880649717
156.601, 520.880649184
156.672, 520.880646062
156.745, 520.880646966
156.805, 520.880643405
156.867, 520.880645937
156.927, 520.880642909
156.988, 520.880643668
157.048, 520.880643003
157.11, 520.880644123
157.17, 520.880637638
157.231, 520.880639705
157.291, 520.880637265
157.353, 520.880637517
157.413, 520.880633646
157.474, 520.880636396
157.534, 520.880632926
157.596, 520.880634929
157.656, 520.880630576
157.717, 520.880631089
157.777, 520.880631443
157.837, 520.880627205
157.899, 520.880628740
157.959, 520.880626542
158.02, 520.880629356
158.08, 520.880626861
158.142, 520.880622159
158.205, 520.880625511
158.265, 520.880623352
158.326, 520.880622228
158.389, 520.880626383
158.449, 520.880620004
158.511, 520.880620665
158.571, 520.880616876
158.632, 520.880618450
158.692, 520.880617025
158.754, 520.880614171
158.817, 520.880612011
158.881, 520.880614687
158.941, 520.880609194
159.003, 520.880609647
159.063, 520.880609408
159.124, 520.880609691
159.184, 520.880604945
159.246, 520.880605931
159.306, 520.880601687
159.367, 520.880607259
159.427, 520.880602113
159.489, 520.880601915
159.552, 520.880602879
159.612, 520.880598840
159.673, 520.880602850
159.733, 520.880597578
159.795, 520.880593874
159.858, 520.880599121
159.918, 520.880594556
159.979, 520.880592860
160.043, 520.880595044
160.103, 520.880590852
160.164, 520.880593725
160.224, 520.880590985
160.286, 520.880593340
160.346, 520.880585903
160.407, 520.880586313
160.467, 520.880585623
160.529, 520.880586086
160.589, 520.880583512
160.65, 520.880585696
160.71, 520.880585110
160.772, 520.880581205
160.835, 520.880586646
160.895, 520.880580637
160.956, 520.880585833
161.016, 520.880582286
161.078, 520.880574798
161.141, 520.880579118
161.201, 520.880576693
161.262, 520.880576317
161.325, 520.880574360
161.39, 520.880570155
161.456, 520.880572341
161.516, 520.880567370
161.577, 520.880570071
161.637, 520.880568705
161.699, 520.880562899
161.762, 520.880567094
161.822, 520.880563891
161.883, 520.880565561
161.943, 520.880566289
162.003, 520.880560600
162.065, 520.880559849
162.128, 520.880562765
162.188, 520.880559582
162.25, 520.880559623
162.31, 520.880554321
162.371, 520.880556175
162.431, 520.880556367
162.491, 520.880554390
162.553, 520.880553097
162.616, 520.880553944
162.676, 520.880551073
162.737, 520.880550329
162.8, 520.880548990
162.865, 520.880547734
162.931, 520.880546544
162.999, 520.880545984
163.068, 520.880544819
163.14, 520.880542017
163.213, 520.880541190
163.288, 520.880539750
163.365, 520.880541161
163.425, 520.880540226
163.486, 520.880538307
163.549, 520.880539708
163.609, 520.880537405
163.671, 520.880534096
163.734, 520.880537430
163.794, 520.880534690
163.855, 520.880532837
163.918, 520.880531010
163.983, 520.880530910
164.049, 520.880529041
164.117, 520.880529297
164.177, 520.880527166
164.238, 520.880526521
164.301, 520.880524508
164.366, 520.880523109
164.432, 520.880523487
164.492, 520.880520988
164.554, 520.880520835
164.617, 520.880517591
164.681, 520.880521051
164.741, 520.880515603
164.803, 520.880515623
164.863, 520.880517113
164.923, 520.880515840
164.984, 520.880514719
165.047, 520.880514957
165.107, 520.880509124
165.169, 520.880509307
165.229, 520.880508323
165.29, 520.880509463
165.35, 520.880505661
165.412, 520.880505825
165.472, 520.880505224
165.533, 520.880508065
165.593, 520.880502629
165.655, 520.880502084
165.718, 520.880504744
165.778, 520.880502915
165.84, 520.880498987
165.903, 520.880499452
165.963, 520.880493939
166.024, 520.880491484
166.087, 520.880496903
166.147, 520.880491047
166.209, 520.880491793
166.269, 520.880490843
166.33, 520.880493265
166.39, 520.880489734
166.452, 520.880491124
166.512, 520.880489473
166.573, 520.880487385
166.636, 520.880485375
166.701, 520.880483359
166.767, 520.880484851
166.827, 520.880479324
166.888, 520.880482776
166.948, 520.880481462
167.01, 520.880483614
167.07, 520.880475051
167.131, 520.880480222
167.191, 520.880474289
167.253, 520.880480080
167.313, 520.880476905
167.374, 520.880477616
167.434, 520.880477303
167.496, 520.880474390
167.559, 520.880471485
167.624, 520.880470937
167.69, 520.880472469
167.75, 520.880466019
167.811, 520.880468466
167.871, 520.880468358
167.933, 520.880466258
167.996, 520.880469540
168.056, 520.880463813
168.117, 520.880468524
168.177, 520.880460642
168.239, 520.880459906
168.302, 520.880459703
168.367, 520.880460178
168.427, 520.880460418
168.487, 520.880459261
168.548, 520.880457911
168.611, 520.880457721
168.676, 520.880455610
168.742, 520.880453854
168.81, 520.880453684
168.879, 520.880452150
168.951, 520.880452627
169.011, 520.880451301
169.072, 520.880450778
169.135, 520.880446070
169.2, 520.880445766
169.266, 520.880444624
169.334, 520.880443820
169.404, 520.880442284
169.475, 520.880441531
169.548, 520.880440636
169.623, 520.880437164
169.7, 520.880437914
169.76, 520.880439525
169.82, 520.880433458
169.881, 520.880436556
169.941, 520.880430624
170.003, 520.880432503
170.063, 520.880431202
170.124, 520.880434240
170.184, 520.880429229
170.246, 520.880428754
170.309, 520.880430678
170.369, 520.880427350
170.43, 520.880428346
170.49, 520.880424228
170.552, 520.880426730
170.612, 520.880424019
170.673, 520.880421380
170.736, 520.880421265
170.801, 520.880421870
170.861, 520.880418867
170.922, 520.880418392
170.985, 520.880416823
171.05, 520.880418213
171.11, 520.880413975
171.172, 520.880409258
171.235, 520.880414084
171.295, 520.880409934
171.356, 520.880414521
171.416, 520.880410330
171.478, 520.880410205
171.541, 520.880408562
171.605, 520.880408701
171.665, 520.880404163
171.727, 520.880407800
171.787, 520.880403940
171.848, 520.880403220
171.911, 520.880403588
171.971, 520.880403219
172.033, 520.880401570
172.096, 520.880400665
172.16, 520.880397242
172.227, 520.880400773
172.287, 520.880394469
172.348, 520.880394521
172.408, 520.880391469
172.47, 520.880392474
172.53, 520.880388582
172.591, 520.880388065
172.654, 520.880394527
172.714, 520.880388630
172.776, 520.880388613
172.839, 520.880387450
172.903, 520.880389740
172.963, 520.880379970
173.025, 520.880383207
173.085, 520.880383561
173.145, 520.880378901
173.206, 520.880383194
173.266, 520.880379191
173.328, 520.880380411
173.388, 520.880375428
173.449, 520.880375722
173.509, 520.880375291
173.571, 520.880377808
173.631, 520.880374251
173.692, 520.880375516
173.752, 520.880369896
173.814, 520.880371061
173.874, 520.880370975
173.935, 520.880373276
173.995, 520.880366586
174.057, 520.880365961
174.12, 520.880363345
174.185, 520.880365186
174.245, 520.880363890
174.306, 520.880363166
174.369, 520.880361681
174.434, 520.880362080
174.494, 520.880364710
174.554, 520.880359359
174.615, 520.880361257
174.675, 520.880357844
174.737, 520.880355857
174.8, 520.880358456
174.86, 520.880353672
174.921, 520.880354210
174.981, 520.880356086
175.041, 520.880350125
175.103, 520.880351395
175.163, 520.880349707
175.224, 520.880347633
175.287, 520.880352460
175.347, 520.880348079
175.409, 520.880348869
175.469, 520.880345436
175.53, 520.880341334
175.593, 520.880346112
175.653, 520.880340491
175.715, 520.880338231
175.778, 520.880341165
175.838, 520.880339922
175.899, 520.880339172
175.962, 520.880339288
176.022, 520.880334870
176.084, 520.880333454
176.147, 520.880334048
176.207, 520.880333045
176.268, 520.880331071
176.331, 520.880328573
176.396, 520.880332337
176.456, 520.880331374
176.518, 520.880329838
176.581, 520.880329505
176.645, 520.880327623
176.711, 520.880324635
176.779, 520.880326129
176.839, 520.880326626
176.899, 520.880318597
176.961, 520.880321953
177.021, 520.880320922
177.082, 520.880321960
177.142, 520.880317672
177.204, 520.880315188
177.267, 520.880321165
177.327, 520.880317095
177.388, 520.880318258
177.448, 520.880311901
177.51, 520.880312131
177.57, 520.880311862
177.631, 520.880312058
177.691, 520.880308737
177.753, 520.880307291
177.816, 520.880307965
177.876, 520.880306665
177.937, 520.880303301
178, 520.880304082
178.06, 520.880304789
178.12, 520.880304817
178.18, 520.880304071
178.242, 520.880300556
178.305, 520.880299949
178.37, 520.880300459
178.43, 520.880299522
178.491, 520.880298280
178.554, 520.880297881
178.619, 520.880296475
178.685, 520.880294297
178.753, 520.880293497
178.822, 520.880292055
178.894, 520.880292890
178.954, 520.880289664
179.015, 520.880290624
179.075, 520.880287794
179.137, 520.880286768
179.2, 520.880286920
179.26, 520.880285273
179.321, 520.880287340
179.381, 520.880281591
179.443, 520.880279028
179.506, 520.880285896
179.566, 520.880277837
179.627, 520.880277450
179.69, 520.880278449
179.75, 520.880277387
179.812, 520.880274931
179.875, 520.880277328
179.935, 520.880273402
179.996, 520.880274647
180.056, 520.880272735
180.118, 520.880272477
180.181, 520.880273591
180.241, 520.880271797
180.302, 520.880269196
180.365, 520.880267839
180.43, 520.880266430
180.496, 520.880269933
180.556, 520.880264976
180.618, 520.880261374
180.681, 520.880265245
180.741, 520.880260315
180.802, 520.880262974
180.862, 520.880257027
180.924, 520.880262052
180.984, 520.880256929
181.045, 520.880258313
181.105, 520.880253224
181.167, 520.880253508
181.227, 520.880254016
181.287, 520.880250957
181.348, 520.880250064
181.411, 520.880249856
181.476, 520.880251933
181.536, 520.880248348
181.597, 520.880252700
181.657, 520.880251213
181.719, 520.880248122
181.782, 520.880245438
181.847, 520.880247173
181.907, 520.880242765
181.968, 520.880240941
182.031, 520.880241287
182.091, 520.880236432
182.153, 520.880238650
182.213, 520.880238934
182.273, 520.880234516
182.334, 520.880236865
182.394, 520.880232003
182.456, 520.880234232
182.516, 520.880230969
182.577, 520.880232765
182.637, 520.880231091
182.699, 520.880232381
182.759, 520.880225188
182.82, 520.880229003
182.88, 520.880226842
182.942, 520.880231225
183.002, 520.880225358
183.063, 520.880225973
183.123, 520.880222124
183.185, 520.880224527
183.245, 520.880219522
183.306, 520.880220725
183.366, 520.880217149
183.428, 520.880219113
183.488, 520.880215313
183.549, 520.880217037
183.609, 520.880215400
183.671, 520.880216356
183.731, 520.880214053
183.792, 520.880217221
183.852, 520.880208719
183.914, 520.880213373
183.974, 520.880210975
184.035, 520.880210357
184.098, 520.880208197
184.163, 520.880207238
184.229, 520.880206739
184.297, 520.880204986
184.367, 520.880204338
184.438, 520.880204662
184.498, 520.880199799
184.559, 520.880199551
184.622, 520.880201085
184.682, 520.880198005
184.744, 520.880197272
184.807, 520.880200787
184.867, 520.880192476
184.928, 520.880197621
184.988, 520.880189863
185.05, 520.880192519
185.11, 520.880191154
185.171, 520.880190778
185.234, 520.880189538
185.299, 520.880189589
185.359, 520.880188786
185.421, 520.880186180
185.484, 520.880182742
185.548, 520.880186230
185.608, 520.880183395
185.67, 520.880181005
185.733, 520.880185022
185.793, 520.880181440
185.854, 520.880179659
185.917, 520.880177348
185.982, 520.880175877
186.048, 520.880177604
186.108, 520.880175130
186.17, 520.880175954
186.23, 520.880169602
186.291, 520.880173031
186.351, 520.880170187
186.413, 520.880170492
186.473, 520.880170358
186.534, 520.880169266
186.597, 520.880168034
186.662, 520.880165930
186.728, 520.880162790
186.796, 520.880165539
186.856, 520.880161514
186.917, 520.880162249
186.977, 520.880161419
187.039, 520.880161973
187.099, 520.880158577
187.16, 520.880161434
187.22, 520.880155432
187.282, 520.880160577
187.342, 520.880153564
187.403, 520.880156718
187.463, 520.880153951
187.525, 520.880153860
187.588, 520.880155058
187.648, 520.880149043
187.709, 520.880152695
187.769, 520.880147534
187.831, 520.880148491
187.891, 520.880143759
187.952, 520.880150135
188.012, 520.880143354
188.074, 520.880147442
188.134, 520.880143102
188.195, 520.880138493
188.258, 520.880141380
188.318, 520.880137032
188.38, 520.880137447
188.44, 520.880136974
188.501, 520.880138865
188.561, 520.880137279
188.623, 520.880134666
188.686, 520.880134899
188.746, 520.880134428
188.808, 520.880132548
188.871, 520.880130629
188.935, 520.880129057
189.001, 520.880130971
189.061, 520.880129191
189.123, 520.880127647
189.186, 520.880123656
189.251, 520.880126412
189.311, 520.880126130
189.372, 520.880121572
189.435, 520.880120983
189.5, 520.880118837
189.566, 520.880121201
189.626, 520.880117901
189.687, 520.880116689
189.75, 520.880116817
189.81, 520.880119593
189.87, 520.880115466
189.932, 520.880114580
189.995, 520.880112919
190.06, 520.880110453
190.126, 520.880110053
190.194, 520.880108333
190.263, 520.880109462
190.323, 520.880106642
190.385, 520.880109688
190.445, 520.880105526
190.506, 520.880104492
190.569, 520.880102673
190.634, 520.880105777
190.694, 520.880100279
190.755, 520.880099335
190.818, 520.880100524
190.878, 520.880100920
190.938, 520.880097565
191, 520.880093790
191.063, 520.880096305
191.123, 520.880094989
191.185, 520.880095345
191.245, 520.880091640
191.306, 520.880092254
191.366, 520.880089259
191.428, 520.880091853
191.488, 520.880088934
191.549, 520.880089754
191.609, 520.880085677
191.671, 520.880086363
191.731, 520.880082623
191.792, 520.880084548
191.852, 520.880084124
191.914, 520.880083346
191.977, 520.880083319
192.041, 520.880082060
192.107, 520.880078290
192.175, 520.880079566
192.235, 520.880074119
192.297, 520.880078162
192.357, 520.880077415
192.418, 520.880073931
192.481, 520.880073182
192.546, 520.880073306
192.606, 520.880070890
192.667, 520.880068378
192.73, 520.880067182
192.795, 520.880067912
192.855, 520.880067943
192.915, 520.880067156
192.977, 520.880064818
193.04, 520.880067247
193.1, 520.880066855
193.161, 520.880058904
193.224, 520.880065066
193.284, 520.880062126
193.346, 520.880060430
193.409, 520.880058327
193.473, 520.880059766
193.533, 520.880055609
193.595, 520.880058982
193.655, 520.880056655
193.716, 520.880054942
193.779, 520.880056162
193.839, 520.880051828
193.901, 520.880051811
193.964, 520.880050602
194.029, 520.880049577
194.095, 520.880050040
194.155, 520.880046258
194.216, 520.880046039
194.279, 520.880046304
194.339, 520.880043063
194.401, 520.880043957
194.461, 520.880043912
194.522, 520.880044512
194.582, 520.880039607
194.644, 520.880040443
194.704, 520.880037570
194.765, 520.880037037
194.828, 520.880037741
194.888, 520.880032865
194.95, 520.880028886
195.013, 520.880034351
195.073, 520.880029470
195.134, 520.880028462
195.197, 520.880031133
195.257, 520.880028446
195.319, 520.880027740
195.382, 520.880032668
195.442, 520.880025932
195.503, 520.880024119
195.566, 520.880027231
195.626, 520.880023853
195.688, 520.880022747
195.751, 520.880020682
195.816, 520.880023398
195.876, 520.880019689
195.937, 520.880014906
196, 520.880020966
196.06, 520.880017892
196.122, 520.880012012
196.185, 520.880014829
196.245, 520.880016908
196.305, 520.880011587
196.366, 520.880012538
196.426, 520.880012191
196.488, 520.880008658
196.551, 520.880008127
196.615, 520.880010984
196.675, 520.880005085
196.737, 520.880007943
196.797, 520.880002167
196.858, 520.880001379
196.921, 520.880005657
196.981, 520.880000498
197.043, 520.880001137
197.103, 520.879996605
197.164, 520.880000351
197.224, 520.880000540
197.284, 520.879997098
197.346, 520.879996171
197.409, 520.879996760
197.469, 520.879993505
197.53, 520.879996268
197.59, 520.879992996
197.652, 520.879994159
197.712, 520.879988139
197.773, 520.879985839
197.836, 520.879988470
197.896, 520.879985081
197.958, 520.879986510
198.018, 520.879983467
198.079, 520.879983326
198.142, 520.879987582
198.202, 520.879984243
198.264, 520.879980177
198.327, 520.879981323
198.387, 520.879980054
198.449, 520.879980131
198.509, 520.879975826
198.57, 520.879978694
198.63, 520.879974133
198.692, 520.879976089
198.752, 520.879973527
198.813, 520.879970176
198.876, 520.879975617
198.936, 520.879972073
198.998, 520.879969693
199.061, 520.879973880
199.121, 520.879969255
199.182, 520.879967556
199.245, 520.879967849
199.305, 520.879964309
199.367, 520.879963389
199.43, 520.879963561
199.49, 520.879962281
199.551, 520.879956789
199.614, 520.879960975
199.674, 520.879958515
199.736, 520.879957374
199.799, 520.879959613
199.859, 520.879956322
199.92, 520.879955743
199.983, 520.879958003
200.043, 520.879953358
200.105, 520.879953887
200.165, 520.879949776
200.226, 520.879951129
200.286, 520.879950833
200.348, 520.879950091
200.411, 520.879952083
200.471, 520.879946610
200.532, 520.879944752
200.595, 520.879947327
200.655, 520.879945253
200.717, 520.879943327
200.78, 520.879943646
200.84, 520.879938495
200.901, 520.879941766
200.961, 520.879938800
201.023, 520.879941126
201.083, 520.879934135
201.144, 520.879937381
201.204, 520.879934487
201.266, 520.879933452
201.329, 520.879933932
201.389, 520.879934536
201.449, 520.879931398
201.51, 520.879931113
201.573, 520.879930923
201.638, 520.879930809
201.704, 520.879925501
201.772, 520.879930030
201.832, 520.879921380
201.894, 520.879928938
201.954, 520.879925092
202.015, 520.879922688
202.078, 520.879922694
202.138, 520.879920543
202.2, 520.879921647
202.26, 520.879919241
202.321, 520.879916592
202.384, 520.879916842
202.444, 520.879918548
202.504, 520.879914791
202.566, 520.879911684
202.629, 520.879916310
202.689, 520.879907727
202.75, 520.879910272
202.81, 520.879907651
202.872, 520.879907674
202.932, 520.879909414
202.992, 520.879908664
203.053, 520.879909395
203.113, 520.879902509
203.175, 520.879903307
203.235, 520.879902769
203.296, 520.879904302
203.356, 520.879899081
203.418, 520.879901028
203.478, 520.879899707
203.539, 520.879900594
203.599, 520.879896161
203.661, 520.879897842
203.721, 520.879894370
203.782, 520.879893881
203.845, 520.879894862
203.905, 520.879892059
203.967, 520.879892485
204.027, 520.879889262
204.088, 520.879889768
204.148, 520.879886438
204.21, 520.879889488
204.27, 520.879884403
204.331, 520.879885177
204.391, 520.879881031
204.453, 520.879883547
204.513, 520.879880291
204.574, 520.879881303
204.634, 520.879880705
204.696, 520.879879915
204.759, 520.879879520
204.824, 520.879875861
204.89, 520.879878393
204.95, 520.879874625
205.011, 520.879876877
205.071, 520.879874342
205.133, 520.879873655
205.196, 520.879875706
205.256, 520.879871626
205.317, 520.879874449
205.377, 520.879866934
205.439, 520.879864674
205.502, 520.879866477
205.562, 520.879868356
205.622, 520.879861370
205.683, 520.879864837
205.743, 520.879863243
205.805, 520.879862926
205.868, 520.879860503
205.932, 520.879862801
205.992, 520.879862649
206.054, 520.879857456
206.117, 520.879859196
206.177, 520.879853487
206.238, 520.879858234
206.298, 520.879854094
206.36, 520.879859991
206.42, 520.879850949
206.481, 520.879857890
206.541, 520.879849809
206.603, 520.879846600
206.666, 520.879851577
206.726, 520.879846582
206.788, 520.879847598
206.848, 520.879847419
206.909, 520.879846873
206.972, 520.879841566
207.037, 520.879843664
207.097, 520.879837323
207.158, 520.879839523
207.218, 520.879838865
207.28, 520.879839400
207.34, 520.879839358
207.401, 520.879835900
207.464, 520.879836358
207.524, 520.879836170
207.586, 520.879839599
207.646, 520.879835473
207.707, 520.879832387
207.77, 520.879834667
207.83, 520.879827975
207.892, 520.879834263
207.952, 520.879825149
208.013, 520.879826343
208.073, 520.879828259
208.133, 520.879827109
208.195, 520.879825561
208.258, 520.879825018
208.322, 520.879820057
208.389, 520.879819303
208.457, 520.879823688
208.517, 520.879820322
208.578, 520.879818757
208.641, 520.879820852
208.701, 520.879817490
208.763, 520.879820194
208.823, 520.879815700
208.884, 520.879816616
208.944, 520.879808632
209.006, 520.879811484
209.066, 520.879810354
209.127, 520.879810920
209.187, 520.879804682
209.249, 520.879808473
209.309, 520.879805547
209.37, 520.879807667
209.43, 520.879801047
209.492, 520.879802670
209.552, 520.879800522
209.613, 520.879801256
209.673, 520.879798025
209.735, 520.879803551
209.795, 520.879799870
209.856, 520.879800752
209.916, 520.879792219
209.978, 520.879795040
210.038, 520.879793961
210.099, 520.879795778
210.159, 520.879792251
210.221, 520.879792114
210.284, 520.879793406
210.344, 520.879785543
210.405, 520.879786418
210.465, 520.879787170
210.525, 520.879787441
210.585, 520.879784464
210.647, 520.879786625
210.707, 520.879782051
210.768, 520.879785968
210.828, 520.879779654
210.89, 520.879782110
210.95, 520.879779793
211.011, 520.879781484
211.071, 520.879779875
211.133, 520.879779345
211.196, 520.879776393
211.26, 520.879775935
211.326, 520.879774897
211.394, 520.879777934
211.454, 520.879773684
211.516, 520.879773670
211.579, 520.879773736
211.639, 520.879769492
211.7, 520.879766889
211.763, 520.879769052
211.823, 520.879763487
211.885, 520.879771567
211.945, 520.879769167
212.006, 520.879765187
212.069, 520.879762334
212.134, 520.879763387
212.194, 520.879761661
212.256, 520.879763223
212.316, 520.879759890
212.377, 520.879757615
212.44, 520.879758325
212.5, 520.879757830
212.562, 520.879755780
212.625, 520.879759476
212.685, 520.879753381
212.746, 520.879752140
212.809, 520.879754863
212.869, 520.879754199
212.931, 520.879749134
212.994, 520.879750244
213.054, 520.879748925
213.115, 520.879745542
213.178, 520.879744117
213.243, 520.879747898
213.303, 520.879743668
213.364, 520.879743535
213.427, 520.879742002
213.492, 520.879740864
213.558, 520.879738645
213.626, 520.879738756
213.686, 520.879736340
213.748, 520.879739806
213.808, 520.879734833
213.869, 520.879732134
213.932, 520.879734846
213.992, 520.879732893
214.054, 520.879732725
214.117, 520.879732864
214.177, 520.879728954
214.238, 520.879730165
214.298, 520.879728404
214.36, 520.879728519
214.42, 520.879723820
214.481, 520.879728545
214.541, 520.879723690
214.603, 520.879724334
214.663, 520.879718927
214.724, 520.879728133
214.784, 520.879718632
214.846, 520.879717628
214.909, 520.879720027
214.969, 520.879718173
215.03, 520.879718551
215.09, 520.879714062
215.152, 520.879713138
215.215, 520.879713566
215.275, 520.879711583
215.336, 520.879715012
215.396, 520.879709636
215.458, 520.879710301
215.518, 520.879706280
215.579, 520.879710300
215.639, 520.879705075
215.701, 520.879708123
215.761, 520.879705330
215.822, 520.879705604
215.882, 520.879700905
215.944, 520.879706582
216.004, 520.879699955
216.065, 520.879701350
216.125, 520.879694796
216.187, 520.879698943
216.247, 520.879694349
216.308, 520.879698781
216.368, 520.879695137
216.43, 520.879695414
216.49, 520.879691710
216.551, 520.879691867
216.611, 520.879691767
216.673, 520.879692438
216.733, 520.879687146
216.794, 520.879689911
216.854, 520.879686356
216.916, 520.879690183
216.976, 520.879686268
217.037, 520.879684658
217.1, 520.879685921
217.16, 520.879681356
217.222, 520.879681492
217.282, 520.879680106
217.343, 520.879679479
217.406, 520.879682182
217.466, 520.879678881
217.528, 520.879677549
217.591, 520.879678582
217.651, 520.879671752
217.712, 520.879675178
217.772, 520.879672438
217.834, 520.879670641
217.897, 520.879671154
217.957, 520.879671251
218.017, 520.879670719
218.078, 520.879666687
218.141, 520.879671686
218.201, 520.879667113
218.263, 520.879660724
218.326, 520.879665892
218.386, 520.879663109
218.448, 520.879664393
218.508, 520.879665102
218.568, 520.879657839
218.629, 520.879658211
218.689, 520.879660290
218.749, 520.879657702
218.811, 520.879656229
218.874, 520.879657465
218.934, 520.879656109
218.995, 520.879656203
219.055, 520.879653651
219.117, 520.879655503
219.177, 520.879651092
219.238, 520.879653697
219.298, 520.879649037
219.36, 520.879648584
219.423, 520.879647290
219.487, 520.879646815
219.553, 520.879646192
219.621, 520.879646036
219.691, 520.879642255
219.762, 520.879642000
219.835, 520.879639565
219.91, 520.879641443
219.97, 520.879636250
220.032, 520.879639018
220.092, 520.879635594
220.153, 520.879639600
220.213, 520.879633516
220.275, 520.879635745
220.335, 520.879632246
220.396, 520.879632838
220.456, 520.879627845
220.518, 520.879629864
220.578, 520.879622915
220.639, 520.879627253
220.699, 520.879624568
220.761, 520.879631786
220.821, 520.879624882
220.882, 520.879627547
220.942, 520.879623717
221.004, 520.879623016
221.067, 520.879622377
221.131, 520.879621728
221.198, 520.879622231
221.258, 520.879615309
221.319, 520.879617229
221.379, 520.879614723
221.441, 520.879617217
221.501, 520.879610813
221.562, 520.879615983
221.622, 520.879611258
221.684, 520.879614303
221.744, 520.879609491
221.805, 520.879614316
221.865, 520.879610426
221.927, 520.879609912
221.99, 520.879609780
222.054, 520.879605300
222.121, 520.879604032
222.188, 520.879605631
222.248, 520.879599114
222.31, 520.879604339
222.37, 520.879603063
222.431, 520.879601873
222.494, 520.879599977
222.559, 520.879598891
222.625, 520.879596077
222.693, 520.879594972
222.763, 520.879596471
222.823, 520.879593352
222.884, 520.879593934
222.944, 520.879589852
223.006, 520.879592325
223.066, 520.879588416
223.127, 520.879590550
223.187, 520.879586952
223.249, 520.879583984
223.312, 520.879582020
223.376, 520.879585736
223.436, 520.879579454
223.498, 520.879580689
223.558, 520.879581341
223.618, 520.879577849
223.679, 520.879580065
223.739, 520.879579993
223.801, 520.879578029
223.864, 520.879579876
223.924, 520.879570772
223.985, 520.879576122
224.045, 520.879571959
224.107, 520.879574874
224.167, 520.879565564
224.228, 520.879571024
224.288, 520.879568224
224.35, 520.879568451
224.41, 520.879568841
224.47, 520.879565951
224.531, 520.879566881
224.591, 520.879569108
224.651, 520.879562879
224.713, 520.879563997
224.773, 520.879562697
224.834, 520.879563263
224.894, 520.879563648
224.954, 520.879559906
225.016, 520.879561522
225.076, 520.879556513
225.137, 520.879554384
225.2, 520.879559845
225.26, 520.879555982
225.322, 520.879553221
225.385, 520.879554580
225.445, 520.879552153
225.507, 520.879553764
225.567, 520.879547757
225.628, 520.879548090
225.688, 520.879550088
225.748, 520.879546047
225.81, 520.879549693
225.87, 520.879544301
225.931, 520.879543079
225.994, 520.879543776
226.054, 520.879538786
226.116, 520.879543195
226.176, 520.879541310
226.237, 520.879537347
226.3, 520.879542283
226.36, 520.879538112
226.422, 520.879539077
226.482, 520.879533169
226.543, 520.879534580
226.603, 520.879533164
226.665, 520.879532877
226.728, 520.879533438
226.788, 520.879532188
226.849, 520.879530731
226.912, 520.879533097
226.972, 520.879529761
227.034, 520.879529090
227.097, 520.879526853
227.161, 520.879525633
227.228, 520.879526919
227.288, 520.879523013
227.349, 520.879523052
227.409, 520.879519218
227.471, 520.879519298
227.531, 520.879519868
227.591, 520.879520725
227.651, 520.879512248
227.712, 520.879516378
227.772, 520.879514330
227.834, 520.879513810
227.897, 520.879514780
227.957, 520.879512384
228.018, 520.879510162
228.081, 520.879512097
228.141, 520.879506835
228.203, 520.879510056
228.263, 520.879508793
228.324, 520.879507598
228.387, 520.879506631
228.452, 520.879507267
228.512, 520.879504555
228.573, 520.879503908
228.636, 520.879500434
228.701, 520.879499434
228.767, 520.879501173
228.827, 520.879500074
228.889, 520.879497188
228.952, 520.879500596
229.012, 520.879494089
229.073, 520.879493930
229.136, 520.879494604
229.196, 520.879491033
229.258, 520.879493737
229.318, 520.879492840
229.379, 520.879491144
229.442, 520.879493074
229.502, 520.879488507
229.564, 520.879492760
229.624, 520.879484740
229.685, 520.879486966
229.745, 520.879481125
229.807, 520.879485355
229.867, 520.879482295
229.928, 520.879481965
229.991, 520.879482597
230.051, 520.879480211
230.113, 520.879483248
230.173, 520.879480058
230.234, 520.879478435
230.297, 520.879475825
230.362, 520.879476465
230.422, 520.879469290
230.483, 520.879475141
230.543, 520.879471352
230.605, 520.879471830
230.665, 520.879471638
230.726, 520.879468282
230.789, 520.879472218
230.849, 520.879466169
230.911, 520.879465001
230.974, 520.879467683
231.034, 520.879466844
231.096, 520.879464776
231.159, 520.879466506
231.219, 520.879465962
231.28, 520.879462423
231.343, 520.879460870
231.408, 520.879466417
231.468, 520.879455775
231.529, 520.879458265
231.589, 520.879454445
231.651, 520.879454164
231.714, 520.879455734
231.774, 520.879455398
231.835, 520.879452543
231.898, 520.879452141
231.963, 520.879449195
232.029, 520.879450616
232.089, 520.879448568
232.151, 520.879445909
232.214, 520.879448681
232.274, 520.879446609
232.335, 520.879444348
232.398, 520.879448690
232.458, 520.879441913
232.52, 520.879446292
232.58, 520.879443052
232.641, 520.879440097
232.704, 520.879438427
232.769, 520.879439146
232.829, 520.879434895
232.89, 520.879438560
232.95, 520.879433819
233.012, 520.879434059
233.072, 520.879433122
233.133, 520.879434904
233.193, 520.879433881
233.255, 520.879428789
233.318, 520.879427890
233.383, 520.879428990
233.443, 520.879424089
233.504, 520.879426887
233.564, 520.879426159
233.626, 520.879429311
233.686, 520.879419753
233.747, 520.879421904
233.807, 520.879420404
233.869, 520.879420266
233.932, 520.879419370
233.996, 520.879417860
234.062, 520.879418124
234.122, 520.879415484
234.184, 520.879413505
234.247, 520.879414584
234.307, 520.879412823
234.368, 520.879415529
234.428, 520.879409502
234.49, 520.879413142
234.55, 520.879411145
234.611, 520.879410231
234.674, 520.879407708
234.739, 520.879403656
234.805, 520.879407572
234.865, 520.879404644
234.927, 520.879403609
234.99, 520.879403501
235.054, 520.879400842
235.121, 520.879400167
235.189, 520.879398471
235.258, 520.879404643
235.318, 520.879396996
235.38, 520.879396339
235.443, 520.879398310
235.503, 520.879391658
235.564, 520.879393398
235.624, 520.879394092
235.684, 520.879392357
235.746, 520.879389239
235.809, 520.879392609
235.869, 520.879390250
235.93, 520.879389569
235.993, 520.879386973
236.058, 520.879389733
236.118, 520.879385857
236.179, 520.879387070
236.239, 520.879386932
236.301, 520.879385440
236.364, 520.879381723
236.429, 520.879385285
236.489, 520.879377546
236.55, 520.879379340
236.61, 520.879378889
236.672, 520.879377954
236.735, 520.879379054
236.795, 520.879371704
236.856, 520.879373279
236.916, 520.879371489
236.978, 520.879370594
237.041, 520.879373249
237.101, 520.879369187
237.162, 520.879366306
237.225, 520.879367916
237.285, 520.879366940
237.347, 520.879366028
237.41, 520.879366356
237.47, 520.879364458
237.531, 520.879363490
237.594, 520.879362591
237.659, 520.879359370
237.725, 520.879361072
237.785, 520.879360900
237.847, 520.879358105
237.91, 520.879357638
237.974, 520.879357593
238.04, 520.879355090
238.108, 520.879355786
238.168, 520.879351734
238.23, 520.879350381
238.293, 520.879351627
238.353, 520.879348432
238.414, 520.879346461
238.477, 520.879350995
238.537, 520.879345890
238.599, 520.879346016
238.659, 520.879347102
238.719, 520.879347388
238.779, 520.879341705
238.84, 520.879341476
238.903, 520.879339795
238.968, 520.879345365
239.028, 520.879340838
239.09, 520.879338093
239.153, 520.879336279
239.217, 520.879337503
239.277, 520.879334831
239.339, 520.879334179
239.402, 520.879332673
239.466, 520.879334909
239.526, 520.879333305
239.588, 520.879332341
239.651, 520.879333398
239.711, 520.879329167
239.772, 520.879330067
239.832, 520.879327225
239.894, 520.879324691
239.957, 520.879326106
240.017, 520.879323603
240.078, 520.879323673
240.138, 520.879323060
240.2, 520.879321701
240.263, 520.879322216
240.323, 520.879318624
240.384, 520.879315782
240.448, 520.879319486
240.508, 520.879317955
240.569, 520.879317788
240.632, 520.879315411
240.697, 520.879314648
240.763, 520.879312562
240.831, 520.879312354
240.9, 520.879310548
240.972, 520.879305975
241.045, 520.879306131
241.105, 520.879307314
241.165, 520.879303510
241.226, 520.879305349
241.286, 520.879303412
241.348, 520.879302696
241.411, 520.879303474
241.471, 520.879302450
241.532, 520.879302580
241.592, 520.879300561
241.654, 520.879296013
241.717, 520.879299458
241.777, 520.879296894
241.838, 520.879292478
241.901, 520.879294465
241.961, 520.879294905
242.021, 520.879289909
242.083, 520.879295769
242.143, 520.879288401
242.204, 520.879290693
242.264, 520.879286049
242.326, 520.879289124
242.386, 520.879288687
242.447, 520.879285684
242.51, 520.879284050
242.575, 520.879284214
242.635, 520.879283903
242.697, 520.879284067
242.757, 520.879281659
242.818, 520.879284339
242.878, 520.879281328
242.94, 520.879277599
243.003, 520.879278568
243.063, 520.879274252
243.124, 520.879278216
243.184, 520.879276505
243.246, 520.879274610
243.309, 520.879275355
243.369, 520.879272379
243.43, 520.879270356
243.493, 520.879270555
243.553, 520.879267504
243.615, 520.879266955
243.678, 520.879267552
243.738, 520.879266174
243.799, 520.879265904
243.862, 520.879267240
243.922, 520.879264657
243.984, 520.879264244
244.047, 520.879265142
244.107, 520.879260870
244.168, 520.879262418
244.228, 520.879260916
244.29, 520.879259959
244.353, 520.879258622
244.417, 520.879255779
244.484, 520.879257915
244.544, 520.879253518
244.605, 520.879252372
244.668, 520.879260026
244.728, 520.879249142
244.79, 520.879248646
244.853, 520.879252809
244.913, 520.879246997
244.974, 520.879249411
245.034, 520.879246923
245.096, 520.879241354
245.159, 520.879245119
245.219, 520.879240157
245.28, 520.879242482
245.34, 520.879240254
245.402, 520.879241932
245.462, 520.879239406
245.523, 520.879241649
245.583, 520.879238804
245.645, 520.879237324
245.708, 520.879235077
245.772, 520.879236483
245.832, 520.879229255
245.894, 520.879231555
245.954, 520.879229107
246.015, 520.879230278
246.075, 520.879227941
246.137, 520.879229749
246.197, 520.879226289
246.258, 520.879228234
246.318, 520.879223870
246.38, 520.879226052
246.44, 520.879224449
246.501, 520.879221981
246.564, 520.879220662
246.629, 520.879221614
246.689, 520.879220679
246.751, 520.879221164
246.811, 520.879217375
246.872, 520.879218490
246.932, 520.879214064
246.994, 520.879217813
247.054, 520.879216485
247.115, 520.879213848
247.178, 520.879215686
247.238, 520.879208740
247.3, 520.879209938
247.36, 520.879211390
247.42, 520.879205544
247.481, 520.879209009
247.541, 520.879205472
247.603, 520.879206082
247.663, 520.879204001
247.724, 520.879210401
247.784, 520.879203841
247.846, 520.879203233
247.909, 520.879203518
247.969, 520.879198766
248.03, 520.879194864
248.093, 520.879199296
248.153, 520.879196629
