0.06, 484.980601439
0.12, 488.792100621
0.18, 488.762610862
0.2415, 488.732973547
0.304538, 488.702771133
0.369151, 488.671961088
0.43538, 488.640558650
0.503264, 488.608622780
0.572846, 488.575933807
0.644167, 488.542625186
0.717271, 488.508707055
0.792203, 488.474169539
0.869008, 488.438921111
0.947733, 488.403024279
1.02843, 488.366463699
1.11114, 488.329236825
1.19592, 488.291339284
1.28281, 488.252752685
1.37188, 488.213482889
1.46318, 488.173516129
1.55676, 488.132840640
1.65268, 488.091529361
1.751, 488.049470540
1.85177, 488.006720010
1.95507, 487.963079967
2.06094, 487.918596784
2.16947, 487.873379704
2.2807, 487.827488043
2.39472, 487.780740341
2.51159, 487.733224906
2.63138, 487.684953701
2.75416, 487.635877230
2.88002, 487.586023691
3.00902, 487.535393071
3.14124, 487.483973761
3.27677, 487.431786466
3.41569, 487.378802788
3.55808, 487.325023840
3.70404, 487.270451124
3.85364, 487.215103973
4.00698, 487.158934192
4.16415, 487.102172281
4.32526, 487.044224853
4.49039, 486.985352429
4.65965, 486.925752546
4.83314, 486.865321244
5.01097, 486.804065761
5.19324, 486.741945760
5.38007, 486.679002053
5.57157, 486.615254881
5.76786, 486.550693685
5.96906, 486.485327750
6.17529, 486.419170223
6.38667, 486.352203538
6.60334, 486.284436508
6.82542, 486.215872725
7.05306, 486.146508023
7.28638, 486.076357785
7.52554, 486.005641481
7.77068, 485.934128323
8.02195, 485.861845706
8.2795, 485.788528290
8.54348, 485.713790394
8.81407, 485.638314981
9.09142, 485.562203673
9.37571, 485.485345590
9.6671, 485.407395102
9.96578, 485.328624371
10.2719, 485.249248552
10.5857, 485.169212033
10.9074, 485.088187750
11.237, 485.006169672
11.575, 484.923439735
11.9213, 484.840268642
12.2764, 484.756413187
12.6403, 484.671852704
13.0133, 484.586732167
13.3956, 484.501114556
13.7875, 484.415001215
14.1892, 484.328214902
14.6009, 484.241322816
15.023, 484.153491098
15.4555, 484.064286448
15.8989, 483.974252498
16.3534, 483.883827021
16.8192, 483.793069787
17.2967, 483.702550421
17.7861, 483.611378411
18.2878, 483.520056495
18.802, 483.428243652
19.329, 483.336246649
19.8693, 483.243768804
20.423, 483.150910820
20.9906, 483.057999314
21.5723, 482.965044520
22.1686, 482.871809166
22.7798, 482.777903271
23.4063, 482.683638553
24.0485, 482.589114548
24.7067, 482.494418431
25.3814, 482.399457868
26.0729, 482.304026814
26.7817, 482.208519567
27.5083, 482.112426221
28.253, 482.016588365
29.0163, 481.920050332
29.7987, 481.823114269
30.6007, 481.725950453
31.4227, 481.628652113
32.2653, 481.531045589
33.1289, 481.433291041
34.0141, 481.335603176
34.9215, 481.237502045
35.8515, 481.140223491
36.8048, 481.045518469
37.7819, 480.951622088
38.7835, 480.857533083
39.8101, 480.763035032
40.8623, 480.668275947
41.9409, 480.573298970
43.0464, 480.478667374
44.1796, 480.383276034
45.341, 480.287790088
46.5316, 480.195191522
47.7519, 480.106960632
49.0027, 480.020096014
50.2847, 479.934710472
51.5988, 479.851678238
52.9458, 479.769899130
54.3265, 479.687936271
55.7416, 479.605610170
57.1922, 479.523003405
58.679, 479.439850165
60.2029, 479.356511315
61.765, 479.273215986
63.3661, 479.189524893
65.0073, 479.105825039
66.6895, 479.023233703
68.4137, 478.942730806
70.1811, 478.865937353
71.9926, 478.791001814
73.8494, 478.715739327
75.7526, 478.642793204
77.7034, 478.571593946
79.703, 478.500966269
81.7526, 478.432910159
83.8534, 478.365249239
86.0068, 478.301079371
88.2139, 478.238029308
90.4763, 478.174959836
92.7952, 478.112443417
95.1721, 478.050051418
97.6084, 477.987971347
100.106, 477.929661090
102.665, 477.874840773
105.289, 477.822547135
107.978, 477.773549754
110.735, 477.725105440
113.56, 477.676880149
116.456, 477.632319617
119.424, 477.588334103
122.467, 477.543896031
125.586, 477.501258832
128.782, 477.465784567
132.059, 477.430958703
135.417, 477.399297767
138.86, 477.366763729
142.388, 477.336117820
146.005, 477.308672328
149.712, 477.280532791
153.512, 477.252771772
157.407, 477.224912286
161.399, 477.196939237
165.491, 477.169362317
169.685, 477.142186372
173.984, 477.117047134
178.391, 477.095443984
182.907, 477.074397537
187.537, 477.052553464
192.283, 477.030850549
197.147, 477.009365529
202.132, 476.989088976
207.243, 476.967338327
212.481, 476.945764639
217.85, 476.929801596
223.353, 476.909726485
228.994, 476.890885635
234.776, 476.873477010
240.702, 476.856605714
246.777, 476.839419919
253.003, 476.823152277
259.385, 476.807167760
265.927, 476.790704452
272.632, 476.774370547
279.505, 476.760126116
286.549, 476.751272461
293.77, 476.742364170
301.171, 476.727931809
308.757, 476.717504454
316.533, 476.707261375
324.504, 476.697677749
332.673, 476.688527642
341.047, 476.680098764
349.63, 476.671242373
358.428, 476.662298617
367.446, 476.654611474
376.689, 476.648133172
386.163, 476.639752031
395.874, 476.636653020
405.828, 476.623246979
416.031, 476.624318456
416.091, 476.624795892
416.151, 476.624767002
416.212, 476.624739358
416.275, 476.624710033
416.34, 476.624682305
416.406, 476.624652696
416.474, 476.624625923
416.544, 476.624595218
416.615, 476.624560531
416.688, 476.624531284
416.763, 476.624498616
416.84, 476.624464409
416.919, 476.624429614
416.999, 476.624394735
417.082, 476.624356807
417.167, 476.624321087
417.254, 476.624283325
417.343, 476.624243303
417.434, 476.624203749
417.528, 476.624164319
417.624, 476.624121710
417.722, 476.624076989
417.823, 476.624036726
417.926, 476.623987572
418.032, 476.623942915
418.14, 476.623896907
418.252, 476.623847883
418.366, 476.623798082
418.482, 476.623749288
418.602, 476.623693882
418.725, 476.623643909
418.851, 476.623591712
418.98, 476.623534943
419.112, 476.623479390
419.248, 476.623419358
419.387, 476.623357100
419.529, 476.623297341
419.675, 476.623233843
419.824, 476.623170485
419.978, 476.623105391
420.135, 476.623032662
420.296, 476.622968596
420.461, 476.622898814
420.63, 476.622827437
420.804, 476.622756452
420.982, 476.622674956
421.164, 476.622597112
421.351, 476.622519414
421.542, 476.622439060
421.739, 476.622358018
421.94, 476.622271714
422.146, 476.622180714
422.357, 476.622089658
422.574, 476.622000761
422.796, 476.621905131
423.024, 476.621809862
423.257, 476.621711742
423.496, 476.621610964
423.742, 476.621507444
423.993, 476.621400067
424.25, 476.621294474
424.514, 476.621181561
424.785, 476.621069791
425.062, 476.620959603
425.347, 476.620846598
425.638, 476.620721019
425.937, 476.620600533
426.243, 476.620489843
426.557, 476.620358745
426.878, 476.620228019
427.208, 476.620089112
427.546, 476.619963862
427.892, 476.619820336
428.247, 476.619675546
428.611, 476.619525806
428.984, 476.619371969
429.366, 476.619211543
429.758, 476.619053244
430.16, 476.618885710
430.572, 476.618715198
430.994, 476.618548948
431.426, 476.618369623
431.87, 476.618191679
432.324, 476.618010774
432.79, 476.617834535
433.268, 476.617645008
433.757, 476.617450132
434.259, 476.617245749
434.773, 476.617038710
435.3, 476.616833405
435.84, 476.616615081
436.394, 476.616394610
436.961, 476.616168698
437.543, 476.615952147
438.139, 476.615731349
438.751, 476.615489875
439.377, 476.615248968
440.019, 476.614995207
440.678, 476.614739399
441.352, 476.614479862
442.044, 476.614224952
442.753, 476.613953763
443.479, 476.613673806
444.224, 476.613386142
444.987, 476.613091636
445.77, 476.612798480
446.572, 476.612492591
447.394, 476.612180247
448.236, 476.611865445
449.1, 476.611540150
449.985, 476.611212101
450.892, 476.610871935
451.822, 476.610527497
452.776, 476.610170630
453.753, 476.609868698
454.754, 476.609658798
455.781, 476.609311734
456.833, 476.608964750
457.912, 476.608672121
459.017, 476.608315078
460.15, 476.607948102
461.312, 476.607576883
462.502, 476.607187848
463.723, 476.606804883
464.973, 476.606407009
466.256, 476.606007129
467.57, 476.605590683
468.917, 476.605173848
470.297, 476.604743633
471.712, 476.604303942
473.163, 476.603862889
474.65, 476.603404820
476.174, 476.602952021
477.736, 476.602477104
479.337, 476.601997926
480.978, 476.601513019
482.66, 476.601013654
484.385, 476.600514662
486.152, 476.600001064
487.963, 476.599474893
489.82, 476.598943078
491.723, 476.598403428
493.674, 476.597863594
495.674, 476.597422534
497.723, 476.596838904
499.824, 476.596239982
501.978, 476.595639831
504.185, 476.595933436
504.245, 476.594918364
504.306, 476.594908281
504.369, 476.594898959
504.434, 476.594887642
504.5, 476.594878400
504.568, 476.594869567
504.638, 476.594860415
504.709, 476.594847413
504.782, 476.594838190
504.857, 476.594830842
504.934, 476.594815582
505.012, 476.594806530
505.093, 476.594793586
505.176, 476.594779604
505.261, 476.594763546
505.348, 476.594755005
505.437, 476.594742548
505.528, 476.594726869
505.622, 476.594717040
505.717, 476.594703510
505.816, 476.594684456
505.917, 476.594671892
506.02, 476.594655248
506.126, 476.594638227
506.234, 476.594622683
506.345, 476.594608317
506.459, 476.594593021
506.576, 476.594573824
506.696, 476.594560544
506.819, 476.594542426
506.945, 476.594523117
507.074, 476.594503584
507.206, 476.594483783
507.342, 476.594464657
507.48, 476.594444230
507.623, 476.594424188
507.769, 476.594403343
507.918, 476.594379366
508.072, 476.594362876
508.229, 476.594342688
508.39, 476.594319347
508.555, 476.594293052
508.724, 476.594267202
508.898, 476.594247306
509.076, 476.594217301
509.258, 476.594194579
509.445, 476.594169679
509.636, 476.594135189
509.833, 476.594114608
510.034, 476.594089732
510.24, 476.594057681
510.451, 476.594026944
510.668, 476.594000256
510.89, 476.593966828
511.118, 476.593932453
511.351, 476.593903352
511.59, 476.593868168
511.835, 476.593833114
512.087, 476.593801673
512.344, 476.593766331
512.608, 476.593729069
512.879, 476.593692458
513.156, 476.593650232
513.44, 476.593619522
513.732, 476.593577791
514.031, 476.593541692
514.337, 476.593497139
514.65, 476.593451511
514.972, 476.593412134
515.302, 476.593364649
515.64, 476.593314128
515.986, 476.593273355
516.341, 476.593225909
516.705, 476.593174156
517.078, 476.593123183
517.46, 476.593073516
517.852, 476.593021350
518.254, 476.592964648
518.666, 476.592913700
519.088, 476.592854540
519.52, 476.592797710
519.964, 476.592736431
520.418, 476.592680188
520.884, 476.592617470
521.361, 476.592556262
521.851, 476.592489821
522.353, 476.592428625
522.867, 476.592354675
523.394, 476.592294482
523.934, 476.592219500
524.488, 476.592149984
525.055, 476.592076666
525.637, 476.592001537
526.233, 476.591928015
526.845, 476.591847361
527.471, 476.591768050
528.113, 476.591685159
528.771, 476.591607394
529.446, 476.591520938
530.138, 476.591435158
530.847, 476.591355428
531.573, 476.591257084
532.318, 476.591166591
533.081, 476.591072154
533.863, 476.590988360
534.665, 476.590890908
535.487, 476.590787791
536.33, 476.590689112
537.194, 476.590578476
538.079, 476.590483313
538.986, 476.590386544
539.916, 476.590271315
540.87, 476.590155783
541.847, 476.590039659
542.848, 476.589924566
543.875, 476.589801834
544.927, 476.589689468
546.006, 476.589591055
547.111, 476.589462884
548.244, 476.589334637
549.406, 476.589202326
550.596, 476.589068682
551.817, 476.588932170
553.067, 476.588791093
554.349, 476.588654809
555.664, 476.588517881
557.011, 476.588371350
558.391, 476.588217860
559.806, 476.588091786
561.257, 476.587930838
562.744, 476.587762118
564.268, 476.587594192
565.83, 476.587421915
567.431, 476.587252051
569.072, 476.587078104
570.754, 476.586902675
572.478, 476.586728869
574.246, 476.586538992
576.057, 476.586360438
577.914, 476.586175308
579.817, 476.585985932
581.768, 476.585787910
583.768, 476.585597307
585.817, 476.585398109
587.918, 476.585197355
590.072, 476.584985126
592.279, 476.584777228
594.541, 476.584574686
596.86, 476.584369807
599.237, 476.584148108
601.673, 476.583922021
604.17, 476.583696645
606.73, 476.583461347
609.354, 476.583284754
612.043, 476.583056483
614.799, 476.582788258
617.625, 476.582559315
620.521, 476.582314652
623.489, 476.582054271
626.532, 476.581794493
629.65, 476.581529176
632.847, 476.581266678
636.124, 476.580994808
639.482, 476.580722644
642.924, 476.580445561
646.453, 476.580163691
650.07, 476.579875850
653.777, 476.579590543
657.577, 476.579296148
661.471, 476.579000588
665.463, 476.578698329
669.555, 476.578385422
673.75, 476.578077947
678.049, 476.577766425
682.455, 476.577443585
686.972, 476.577120671
691.602, 476.576790860
696.347, 476.576453089
701.211, 476.576117113
706.197, 476.575771661
711.307, 476.575442539
716.545, 476.575141897
721.914, 476.574769252
727.418, 476.574434082
733.059, 476.574193518
738.84, 476.573756842
744.767, 476.573327363
750.841, 476.572921570
757.068, 476.572527481
763.45, 476.572141106
769.991, 476.571756942
776.697, 476.571350772
783.569, 476.570933512
790.614, 476.570536143
797.835, 476.570324228
805.236, 476.569846330
812.822, 476.569222706
820.598, 476.568809816
828.569, 476.568403185
836.738, 476.567977916
845.112, 476.567552144
853.695, 476.567111117
862.493, 476.566666403
871.511, 476.566217510
880.754, 476.565756829
890.228, 476.565298966
899.939, 476.564833358
909.893, 476.564360710
920.096, 476.563888024
930.553, 476.563437843
941.273, 476.562959404
952.26, 476.562441973
963.522, 476.561939970
975.065, 476.561422148
986.897, 476.560910925
999.025, 476.560585261
1011.46, 476.560293410
1024.2, 476.559680521
1037.26, 476.559124152
1050.64, 476.558603214
1064.37, 476.558074109
1078.43, 476.557480861
1092.85, 476.556936341
1107.62, 476.556380066
1122.77, 476.555837344
1138.29, 476.555296237
1154.21, 476.554821147
1170.52, 476.554045513
1187.24, 476.553796743
1204.37, 476.553167593
1221.94, 476.553021216
1239.94, 476.551728022
1258.39, 476.552247969
1258.45, 476.550052802
1258.52, 476.550051688
1258.58, 476.550051248
1258.64, 476.550048060
1258.71, 476.550046293
1258.78, 476.550042368
1258.85, 476.550041426
1258.92, 476.550038981
1258.99, 476.550036503
1259.07, 476.550030695
1259.14, 476.550031046
1259.2, 476.550027756
1259.26, 476.550026513
1259.33, 476.550024762
1259.39, 476.550023152
1259.46, 476.550018050
1259.53, 476.550017900
1259.6, 476.550015993
1259.67, 476.550011975
1259.74, 476.550012484
1259.8, 476.550010776
1259.86, 476.550007511
1259.93, 476.550003179
1259.99, 476.549999909
1260.06, 476.550002364
1260.12, 476.549994086
1260.18, 476.549995485
1260.24, 476.549994566
1260.3, 476.549992852
1260.36, 476.549989047
1260.43, 476.549985800
1260.49, 476.549985349
1260.56, 476.549984151
1260.63, 476.549981028
1260.7, 476.549980104
1260.77, 476.549975816
1260.85, 476.549973159
1260.93, 476.549969217
1261.01, 476.549970280
1261.07, 476.549963624
1261.13, 476.549965895
1261.19, 476.549961732
1261.25, 476.549961581
1261.31, 476.549959084
1261.38, 476.549956396
1261.44, 476.549950757
1261.51, 476.549949096
1261.58, 476.549948427
1261.65, 476.549945524
1261.72, 476.549945524
1261.78, 476.549940155
1261.85, 476.549942341
1261.91, 476.549937299
1261.97, 476.549935866
1262.03, 476.549931242
1262.09, 476.549929838
1262.16, 476.549927948
1262.23, 476.549922979
1262.3, 476.549920766
1262.37, 476.549924387
1262.43, 476.549917554
1262.49, 476.549917864
1262.55, 476.549918377
1262.61, 476.549910986
1262.67, 476.549910538
1262.74, 476.549911993
1262.8, 476.549906612
1262.86, 476.549907199
1262.92, 476.549902535
1262.98, 476.549900588
1263.04, 476.549901252
1263.1, 476.549893154
1263.16, 476.549892940
1263.23, 476.549894974
1263.29, 476.549889670
1263.35, 476.549883206
1263.41, 476.549887658
1263.47, 476.549880732
1263.53, 476.549882196
1263.59, 476.549880609
1263.65, 476.549880299
1263.72, 476.549872338
1263.78, 476.549878063
1263.84, 476.549869883
1263.9, 476.549870683
1263.96, 476.549868637
1264.02, 476.549863447
1264.09, 476.549862618
1264.15, 476.549862246
1264.22, 476.549862201
1264.29, 476.549857959
1264.36, 476.549854995
1264.43, 476.549853114
1264.5, 476.549852389
1264.58, 476.549846114
1264.65, 476.549845178
1264.73, 476.549845398
1264.79, 476.549841425
1264.85, 476.549838448
1264.92, 476.549831909
1264.98, 476.549831930
1265.04, 476.549830310
1265.1, 476.549827262
1265.16, 476.549829916
1265.22, 476.549825014
1265.29, 476.549821976
1265.35, 476.549821678
1265.41, 476.549818888
1265.48, 476.549817492
1265.55, 476.549812091
1265.62, 476.549812049
1265.69, 476.549807059
1265.76, 476.549807683
1265.82, 476.549803507
1265.88, 476.549797655
1265.95, 476.549801272
1266.01, 476.549799038
1266.07, 476.549796761
1266.13, 476.549794207
1266.2, 476.549794292
1266.26, 476.549789734
1266.32, 476.549789084
1266.38, 476.549787774
1266.44, 476.549785575
1266.51, 476.549781102
1266.58, 476.549779807
1266.65, 476.549779456
1266.72, 476.549774091
1266.79, 476.549775150
1266.85, 476.549770653
1266.91, 476.549768110
1266.98, 476.549767207
1267.04, 476.549763956
1267.11, 476.549766096
1267.17, 476.549760211
1267.23, 476.549759227
1267.29, 476.549753555
1267.36, 476.549755134
1267.42, 476.549750519
1267.48, 476.549752334
1267.54, 476.549748552
1267.6, 476.549743690
1267.66, 476.549744565
1267.72, 476.549738143
1267.78, 476.549737311
1267.85, 476.549734669
1267.91, 476.549733632
1267.98, 476.549731969
1268.05, 476.549732377
1268.11, 476.549727400
1268.17, 476.549725187
1268.23, 476.549726207
1268.29, 476.549723263
1268.35, 476.549720084
1268.42, 476.549715838
1268.48, 476.549716622
1268.54, 476.549708508
1268.6, 476.549708870
1268.66, 476.549707754
1268.72, 476.549708762
1268.78, 476.549703530
1268.84, 476.549701375
1268.91, 476.549698395
1268.97, 476.549698881
1269.03, 476.549697130
1269.09, 476.549692905
1269.16, 476.549691357
1269.22, 476.549687637
1269.29, 476.549687268
1269.36, 476.549683686
1269.43, 476.549685854
1269.49, 476.549681616
1269.55, 476.549678169
1269.61, 476.549677295
1269.67, 476.549673961
1269.74, 476.549667835
1269.81, 476.549669955
1269.87, 476.549668116
1269.93, 476.549663693
1269.99, 476.549666388
1270.05, 476.549661333
1270.11, 476.549661506
1270.17, 476.549657540
1270.24, 476.549657574
1270.3, 476.549655322
1270.36, 476.549649565
1270.42, 476.549650564
1270.48, 476.549647738
1270.54, 476.549644195
1270.61, 476.549641768
1270.67, 476.549642084
1270.73, 476.549640193
1270.79, 476.549636430
1270.85, 476.549633561
1270.92, 476.549632919
1270.99, 476.549627002
1271.05, 476.549626588
1271.12, 476.549628312
1271.18, 476.549624303
1271.24, 476.549621290
1271.31, 476.549618611
1271.37, 476.549618911
1271.43, 476.549612119
1271.49, 476.549614468
1271.55, 476.549608550
1271.61, 476.549610179
1271.67, 476.549604930
1271.74, 476.549605166
1271.8, 476.549601942
1271.86, 476.549601341
1271.92, 476.549597355
1271.99, 476.549596685
1272.05, 476.549592653
1272.12, 476.549592461
1272.19, 476.549591414
1272.26, 476.549585490
1272.33, 476.549584786
1272.41, 476.549586457
1272.47, 476.549581077
1272.53, 476.549580341
1272.59, 476.549579350
1272.66, 476.549575639
1272.72, 476.549571098
1272.79, 476.549567801
1272.86, 476.549568954
1272.92, 476.549564399
1272.98, 476.549561845
1273.05, 476.549566051
1273.11, 476.549557097
1273.17, 476.549559249
1273.23, 476.549555671
1273.29, 476.549554668
1273.35, 476.549551030
1273.42, 476.549545812
1273.48, 476.549543276
1273.55, 476.549544430
1273.61, 476.549538973
1273.67, 476.549538315
1273.74, 476.549539251
1273.8, 476.549536985
1273.86, 476.549533090
1273.92, 476.549532649
1273.98, 476.549529965
1274.05, 476.549528557
1274.12, 476.549524788
1274.19, 476.549526911
1274.25, 476.549521040
1274.31, 476.549522568
1274.37, 476.549513851
1274.43, 476.549514104
1274.49, 476.549511031
1274.55, 476.549511538
1274.61, 476.549506984
1274.67, 476.549505234
1274.74, 476.549505808
1274.8, 476.549501335
1274.86, 476.549496298
1274.92, 476.549497157
1274.98, 476.549492840
1275.04, 476.549492596
1275.11, 476.549491994
1275.17, 476.549488705
1275.24, 476.549486570
1275.3, 476.549485743
1275.37, 476.549484882
1275.45, 476.549479408
1275.52, 476.549481657
1275.58, 476.549475839
1275.64, 476.549471686
1275.7, 476.549471920
1275.76, 476.549468323
1275.82, 476.549468286
1275.89, 476.549464918
1275.95, 476.549460028
1276.02, 476.549463068
1276.08, 476.549457018
1276.14, 476.549454519
1276.2, 476.549456848
1276.26, 476.549450606
1276.32, 476.549450352
1276.39, 476.549446780
1276.45, 476.549445964
1276.52, 476.549446693
1276.58, 476.549445159
1276.64, 476.549438068
1276.7, 476.549436439
1276.77, 476.549437139
1276.83, 476.549431208
1276.89, 476.549431158
1276.95, 476.549428754
1277.02, 476.549427997
1277.08, 476.549427643
1277.15, 476.549420765
1277.22, 476.549419203
1277.29, 476.549418471
1277.37, 476.549415723
1277.44, 476.549414373
1277.52, 476.549413882
1277.6, 476.549407913
1277.68, 476.549408811
1277.74, 476.549400716
1277.8, 476.549398749
1277.86, 476.549397860
1277.93, 476.549392913
1277.99, 476.549394054
1278.05, 476.549395521
1278.11, 476.549392846
1278.17, 476.549390482
1278.24, 476.549390333
1278.3, 476.549385048
1278.37, 476.549379523
1278.43, 476.549381994
1278.49, 476.549381660
1278.56, 476.549374681
1278.62, 476.549371727
1278.68, 476.549371981
1278.74, 476.549367797
1278.81, 476.549365440
1278.87, 476.549364878
1278.93, 476.549363889
1279, 476.549361240
1279.07, 476.549359757
1279.14, 476.549356032
1279.21, 476.549353170
1279.28, 476.549354184
1279.34, 476.549349386
1279.4, 476.549350438
1279.46, 476.549343275
1279.52, 476.549341396
1279.59, 476.549342154
1279.65, 476.549339030
1279.71, 476.549337629
1279.77, 476.549332979
1279.84, 476.549332680
1279.9, 476.549329206
1279.97, 476.549328801
1280.04, 476.549326541
1280.11, 476.549323678
1280.18, 476.549321904
1280.26, 476.549317104
1280.34, 476.549319924
1280.4, 476.549315238
1280.46, 476.549311940
1280.52, 476.549311963
1280.58, 476.549303492
1280.64, 476.549305251
1280.7, 476.549302174
1280.76, 476.549301055
1280.83, 476.549298632
1280.89, 476.549297065
1280.96, 476.549294691
1281.03, 476.549294362
1281.1, 476.549292642
1281.17, 476.549286825
1281.24, 476.549286415
1281.31, 476.549283855
1281.39, 476.549281905
1281.47, 476.549280404
1281.55, 476.549276210
1281.63, 476.549276028
1281.72, 476.549273326
1281.81, 476.549269803
1281.89, 476.549269361
1281.99, 476.549266780
1282.08, 476.549260543
1282.18, 476.549255371
1282.27, 476.549256717
1282.33, 476.549245272
1282.39, 476.549246502
1282.45, 476.549245339
1282.52, 476.549244185
1282.58, 476.549239786
1282.64, 476.549238225
1282.71, 476.549235557
1282.78, 476.549232905
1282.85, 476.549231546
1282.92, 476.549229186
1282.99, 476.549229114
1283.07, 476.549223985
1283.14, 476.549224583
1283.2, 476.549219191
1283.27, 476.549220026
1283.33, 476.549216026
1283.39, 476.549214398
1283.45, 476.549213600
1283.51, 476.549209907
1283.58, 476.549209634
1283.65, 476.549205735
1283.72, 476.549201342
1283.79, 476.549199403
1283.86, 476.549198607
1283.94, 476.549194726
1284.01, 476.549193074
1284.09, 476.549192975
1284.17, 476.549188153
1284.26, 476.549187312
1284.34, 476.549184710
1284.43, 476.549180904
1284.52, 476.549177132
1284.61, 476.549176571
1284.7, 476.549172932
1284.8, 476.549168842
1284.9, 476.549168190
1285, 476.549166106
1285.1, 476.549160297
1285.21, 476.549156351
1285.31, 476.549154762
1285.43, 476.549153249
1285.54, 476.549148326
1285.66, 476.549145373
1285.78, 476.549142568
1285.9, 476.549134346
1286.03, 476.549131959
1286.15, 476.549128900
1286.29, 476.549124889
1286.42, 476.549119716
1286.56, 476.549117980
1286.7, 476.549108940
1286.85, 476.549107230
1287, 476.549102337
1287.15, 476.549098548
1287.31, 476.549090305
1287.47, 476.549087118
1287.64, 476.549079901
1287.8, 476.549075018
1287.98, 476.549072075
1288.16, 476.549065907
1288.34, 476.549063386
1288.53, 476.549055997
1288.72, 476.549047699
1288.91, 476.549041359
1289.11, 476.549036439
1289.32, 476.549030535
1289.53, 476.549022094
1289.75, 476.549011914
1289.97, 476.549008570
1290.2, 476.549005188
1290.43, 476.548994459
1290.67, 476.548988448
1290.92, 476.548981835
1291.17, 476.548970146
1291.42, 476.548964618
1291.69, 476.548953486
1291.96, 476.548942999
1292.24, 476.548938963
1292.52, 476.548930036
1292.81, 476.548920629
1293.11, 476.548907475
1293.42, 476.548900617
1293.73, 476.548893723
1294.05, 476.548880825
1294.38, 476.548872245
1294.72, 476.548865191
1295.07, 476.548853581
1295.42, 476.548839931
1295.79, 476.548828654
1296.16, 476.548817570
1296.54, 476.548805409
1296.93, 476.548796279
1297.33, 476.548783721
1297.75, 476.548769779
1298.17, 476.548755456
1298.6, 476.548742690
1299.04, 476.548729048
1299.5, 476.548716250
1299.96, 476.548702645
1300.44, 476.548685822
1300.93, 476.548674566
1301.43, 476.548666969
1301.95, 476.548649380
1302.47, 476.548633364
1303.01, 476.548613789
1303.57, 476.548598375
1304.14, 476.548581854
1304.72, 476.548564701
1305.31, 476.548544084
1305.93, 476.548525272
1306.55, 476.548508336
1307.19, 476.548485349
1307.85, 476.548465796
1308.53, 476.548445389
1309.22, 476.548426060
1309.93, 476.548403149
1310.65, 476.548381316
1311.4, 476.548359050
1312.16, 476.548337207
1312.94, 476.548309065
1313.75, 476.548286257
1314.57, 476.548262009
1315.41, 476.548235272
1316.27, 476.548207707
1317.16, 476.548183768
1318.07, 476.548157853
1319, 476.548126775
1319.95, 476.548096102
1320.93, 476.548070096
1321.93, 476.548039765
1322.96, 476.548007500
1324.01, 476.547974360
1325.09, 476.547944906
1326.19, 476.547912924
1327.32, 476.547880642
1328.49, 476.547843863
1329.68, 476.547809351
1330.9, 476.547772623
1332.15, 476.547738198
1333.43, 476.547698297
1334.74, 476.547662406
1336.09, 476.547620214
1337.47, 476.547581184
1338.89, 476.547544979
1340.34, 476.547499246
1341.82, 476.547457709
1343.35, 476.547412553
1344.91, 476.547386437
1346.51, 476.547343482
1348.15, 476.547294590
1349.83, 476.547250595
1351.56, 476.547202350
1353.33, 476.547176683
1355.14, 476.547118757
1356.99, 476.547062195
1358.9, 476.546996430
1360.85, 476.546943331
1362.85, 476.546882174
1364.9, 476.546825178
1367, 476.546765985
1369.15, 476.546703229
1371.36, 476.546639715
1373.62, 476.546570683
1375.94, 476.546507238
1378.32, 476.546439894
1380.75, 476.546367950
1383.25, 476.546296195
1385.81, 476.546226631
1388.43, 476.546151725
1391.12, 476.546078710
1393.88, 476.546000795
1396.71, 476.545920948
1399.6, 476.545845135
1402.57, 476.545763122
1405.61, 476.545677602
1408.73, 476.545594639
1411.93, 476.545508491
1415.2, 476.545420993
1418.56, 476.545330981
1422, 476.545235260
1425.53, 476.545142217
1429.15, 476.545044245
1432.86, 476.544953874
1436.66, 476.544850653
1440.55, 476.544748618
1444.54, 476.544648860
1448.64, 476.544547079
1452.83, 476.544438877
1457.13, 476.544325379
1461.54, 476.544213055
1466.05, 476.544095557
1470.68, 476.543979905
1475.43, 476.543855857
1480.29, 476.543728289
1485.28, 476.543610814
1490.39, 476.543478419
1495.63, 476.543347632
1501, 476.543215143
1506.5, 476.543100988
1512.14, 476.542978253
1517.92, 476.542824339
1523.85, 476.542677796
1529.92, 476.542526540
1536.15, 476.542369219
1542.53, 476.542214179
1549.07, 476.542055543
1555.78, 476.541890267
1562.65, 476.541729298
1569.69, 476.541563063
1576.92, 476.541392288
1584.32, 476.541214682
1591.9, 476.541043461
1599.68, 476.540864277
1607.65, 476.540681218
1615.82, 476.540496607
1624.19, 476.540305252
1632.78, 476.540110950
1641.57, 476.539912981
1650.59, 476.539714426
1659.83, 476.539614608
1669.31, 476.539282909
1679.02, 476.539025985
1688.97, 476.538816579
1699.18, 476.538599862
1709.63, 476.538383351
1720.35, 476.538158625
1731.34, 476.537929909
1742.6, 476.537748155
1754.15, 476.538165148
1754.21, 476.536880417
1754.27, 476.536874317
1754.33, 476.536874794
1754.39, 476.536871542
1754.45, 476.536869683
1754.51, 476.536870911
1754.57, 476.536878023
1754.63, 476.536870903
1754.7, 476.536871622
1754.76, 476.536865197
1754.82, 476.536866095
1754.88, 476.536863099
1754.94, 476.536864271
1755, 476.536866088
1755.06, 476.536860838
1755.12, 476.536863277
1755.18, 476.536857328
1755.24, 476.536857044
1755.31, 476.536855224
1755.37, 476.536858272
1755.43, 476.536858170
1755.49, 476.536851140
1755.55, 476.536850201
1755.62, 476.536852365
1755.68, 476.536846783
1755.74, 476.536846388
1755.8, 476.536843335
1755.87, 476.536846079
1755.93, 476.536845377
1755.99, 476.536843823
1756.05, 476.536840302
1756.12, 476.536841386
1756.18, 476.536840502
1756.24, 476.536840681
1756.3, 476.536836926
1756.36, 476.536837800
1756.42, 476.536834538
1756.48, 476.536832769
1756.54, 476.536833289
1756.6, 476.536828848
1756.67, 476.536828262
1756.73, 476.536828920
1756.79, 476.536829121
1756.85, 476.536827512
1756.91, 476.536824126
1756.97, 476.536823364
1757.04, 476.536819414
1757.1, 476.536826388
1757.16, 476.536821567
1757.23, 476.536817822
1757.29, 476.536817679
1757.35, 476.536817701
1757.41, 476.536815395
1757.48, 476.536814561
1757.54, 476.536816473
1757.6, 476.536813074
1757.66, 476.536807268
1757.72, 476.536807953
1757.78, 476.536807617
1757.84, 476.536809707
1757.9, 476.536804549
1757.97, 476.536806477
1758.03, 476.536805280
1758.09, 476.536804065
1758.15, 476.536800563
1758.22, 476.536799561
1758.28, 476.536800321
1758.34, 476.536799022
1758.4, 476.536796475
1758.47, 476.536798552
1758.53, 476.536794286
1758.59, 476.536792484
1758.65, 476.536790287
1758.72, 476.536785849
1758.78, 476.536788437
1758.84, 476.536789601
1758.9, 476.536786748
1758.96, 476.536787305
1759.02, 476.536783188
1759.08, 476.536781881
1759.15, 476.536784936
1759.21, 476.536782131
1759.27, 476.536777650
1759.33, 476.536778074
1759.39, 476.536777796
1759.45, 476.536775905
1759.52, 476.536774117
1759.58, 476.536776111
1759.64, 476.536773182
1759.7, 476.536769972
1759.77, 476.536768324
1759.83, 476.536774329
1759.89, 476.536770389
1759.95, 476.536765377
1760.01, 476.536763835
1760.08, 476.536764304
1760.14, 476.536759882
1760.2, 476.536761384
1760.26, 476.536760117
1760.32, 476.536758741
1760.39, 476.536760388
1760.45, 476.536757620
1760.51, 476.536755054
1760.57, 476.536752873
1760.63, 476.536751214
1760.7, 476.536749650
1760.77, 476.536750384
1760.83, 476.536751049
1760.89, 476.536747706
1760.95, 476.536750448
1761.01, 476.536746500
1761.07, 476.536746640
1761.13, 476.536741855
1761.19, 476.536740288
1761.26, 476.536740083
1761.32, 476.536741410
1761.38, 476.536741120
1761.44, 476.536737856
1761.51, 476.536735293
1761.57, 476.536735826
1761.63, 476.536731183
1761.69, 476.536730863
1761.75, 476.536728177
1761.82, 476.536731586
1761.88, 476.536733235
1761.94, 476.536728936
1762, 476.536728214
1762.06, 476.536725944
1762.13, 476.536724164
1762.19, 476.536722696
1762.26, 476.536722381
1762.33, 476.536722627
1762.39, 476.536718575
1762.45, 476.536719053
1762.51, 476.536717883
1762.57, 476.536712609
1762.64, 476.536712583
1762.7, 476.536712767
1762.76, 476.536712029
1762.82, 476.536711864
1762.89, 476.536710585
1762.95, 476.536708491
1763.02, 476.536709040
1763.08, 476.536703540
1763.14, 476.536701138
1763.2, 476.536705348
1763.26, 476.536701140
1763.32, 476.536699952
1763.39, 476.536698331
1763.45, 476.536698290
1763.52, 476.536697563
1763.59, 476.536696748
1763.66, 476.536694672
1763.73, 476.536693551
1763.8, 476.536695681
1763.86, 476.536692126
1763.92, 476.536687994
1763.98, 476.536689260
1764.04, 476.536689066
1764.11, 476.536685326
1764.17, 476.536688216
1764.23, 476.536682393
1764.29, 476.536686340
1764.35, 476.536681491
1764.41, 476.536680310
1764.47, 476.536677391
1764.54, 476.536675202
1764.61, 476.536673495
1764.67, 476.536673130
1764.74, 476.536671833
1764.81, 476.536669841
1764.89, 476.536670088
1764.95, 476.536668760
1765.01, 476.536665862
1765.07, 476.536666235
1765.13, 476.536666826
1765.19, 476.536663589
1765.25, 476.536663968
1765.31, 476.536662891
1765.38, 476.536661493
1765.44, 476.536659777
1765.5, 476.536658843
1765.57, 476.536657834
1765.64, 476.536656615
1765.71, 476.536656192
1765.78, 476.536650876
1765.85, 476.536651906
1765.91, 476.536653405
1765.97, 476.536649653
1766.03, 476.536651074
1766.09, 476.536647888
1766.15, 476.536647408
1766.22, 476.536645497
1766.28, 476.536646641
1766.34, 476.536644613
1766.4, 476.536640636
1766.47, 476.536641193
1766.53, 476.536638448
1766.59, 476.536640166
1766.65, 476.536635458
1766.71, 476.536635093
1766.77, 476.536635100
1766.83, 476.536633105
1766.89, 476.536629746
1766.96, 476.536629305
1767.02, 476.536633368
1767.08, 476.536630460
1767.14, 476.536628848
1767.21, 476.536628237
1767.27, 476.536624230
1767.34, 476.536627368
1767.4, 476.536623647
1767.46, 476.536622281
1767.52, 476.536618894
1767.59, 476.536618676
1767.65, 476.536616474
1767.72, 476.536618288
1767.78, 476.536619336
1767.84, 476.536615458
1767.9, 476.536613928
1767.96, 476.536612514
1768.03, 476.536609738
1768.1, 476.536612833
1768.16, 476.536608595
1768.22, 476.536609649
1768.28, 476.536608577
1768.34, 476.536603110
1768.4, 476.536602873
1768.47, 476.536602499
1768.53, 476.536601784
1768.6, 476.536601668
1768.67, 476.536597205
1768.74, 476.536598609
1768.8, 476.536597909
1768.86, 476.536597208
1768.93, 476.536593433
1768.99, 476.536589399
1769.06, 476.536594261
1769.12, 476.536591141
1769.18, 476.536588051
1769.24, 476.536587950
1769.31, 476.536586354
1769.37, 476.536585884
1769.44, 476.536588461
1769.5, 476.536580355
1769.56, 476.536582878
1769.62, 476.536579973
1769.68, 476.536581033
1769.74, 476.536577194
1769.8, 476.536580998
1769.86, 476.536574584
1769.93, 476.536574294
1769.99, 476.536576283
1770.05, 476.536572830
1770.11, 476.536570733
1770.17, 476.536570403
1770.24, 476.536572164
1770.3, 476.536567431
1770.36, 476.536564780
1770.42, 476.536565359
1770.48, 476.536563749
1770.54, 476.536563024
1770.61, 476.536563806
1770.67, 476.536561103
1770.73, 476.536558493
1770.79, 476.536556647
1770.86, 476.536559088
1770.92, 476.536554345
1770.98, 476.536558597
1771.04, 476.536554258
1771.1, 476.536552126
1771.16, 476.536549994
1771.23, 476.536551973
1771.29, 476.536545576
1771.35, 476.536550470
1771.41, 476.536544779
1771.47, 476.536544839
1771.53, 476.536541283
1771.59, 476.536537530
1771.65, 476.536541807
1771.71, 476.536539542
1771.78, 476.536540324
1771.84, 476.536534744
1771.9, 476.536533447
1771.96, 476.536534028
1772.02, 476.536535472
1772.08, 476.536532620
1772.14, 476.536532242
1772.2, 476.536533606
1772.26, 476.536525419
1772.33, 476.536527846
1772.39, 476.536531097
1772.45, 476.536526777
1772.51, 476.536525643
1772.57, 476.536523965
1772.64, 476.536521689
1772.7, 476.536522267
1772.76, 476.536522244
1772.82, 476.536519716
1772.89, 476.536517777
1772.95, 476.536517376
1773.02, 476.536512976
1773.08, 476.536514896
1773.14, 476.536510113
1773.21, 476.536510153
1773.27, 476.536511535
1773.33, 476.536508719
1773.39, 476.536509873
1773.45, 476.536508673
1773.51, 476.536508122
1773.57, 476.536503225
1773.64, 476.536500928
1773.7, 476.536503131
1773.76, 476.536499320
1773.82, 476.536499381
1773.88, 476.536502996
1773.94, 476.536497691
1774.01, 476.536498057
1774.07, 476.536494134
1774.13, 476.536500637
1774.19, 476.536489688
1774.25, 476.536493953
1774.31, 476.536489247
1774.37, 476.536491469
1774.43, 476.536487529
1774.49, 476.536488581
1774.55, 476.536485771
1774.61, 476.536487620
1774.67, 476.536485806
1774.74, 476.536483080
1774.8, 476.536480275
1774.86, 476.536481932
1774.92, 476.536480379
1774.98, 476.536481972
1775.04, 476.536476328
1775.11, 476.536477625
1775.17, 476.536473453
1775.23, 476.536475088
1775.29, 476.536470332
1775.35, 476.536472688
1775.41, 476.536466679
1775.47, 476.536468502
1775.53, 476.536465936
1775.59, 476.536463871
1775.66, 476.536467099
1775.72, 476.536464098
1775.78, 476.536462508
1775.84, 476.536461921
1775.9, 476.536461989
1775.96, 476.536457565
1776.03, 476.536454600
1776.09, 476.536456673
1776.15, 476.536455884
1776.21, 476.536451445
1776.27, 476.536456896
1776.33, 476.536451318
1776.39, 476.536454414
1776.45, 476.536450553
1776.52, 476.536449439
1776.58, 476.536450367
1776.64, 476.536447739
1776.7, 476.536445329
1776.76, 476.536444925
1776.83, 476.536442742
1776.89, 476.536443365
1776.95, 476.536439435
1777.02, 476.536442210
1777.08, 476.536435702
1777.14, 476.536437193
1777.2, 476.536434580
1777.26, 476.536435500
1777.32, 476.536433104
1777.38, 476.536432197
1777.44, 476.536430190
1777.51, 476.536431493
1777.57, 476.536430100
1777.63, 476.536428873
1777.69, 476.536427277
1777.76, 476.536428165
1777.82, 476.536422830
1777.88, 476.536424458
1777.94, 476.536417797
1778, 476.536419747
1778.06, 476.536422184
1778.12, 476.536419405
1778.18, 476.536418102
1778.25, 476.536420839
1778.31, 476.536417922
1778.37, 476.536417628
1778.43, 476.536410889
1778.49, 476.536411388
1778.55, 476.536406994
1778.62, 476.536410757
1778.68, 476.536407152
1778.74, 476.536408163
1778.8, 476.536405413
1778.86, 476.536404822
1778.92, 476.536402383
1778.99, 476.536403647
1779.05, 476.536401141
1779.11, 476.536395916
1779.17, 476.536397889
1779.23, 476.536398895
1779.29, 476.536397981
1779.35, 476.536393707
1779.42, 476.536395343
1779.48, 476.536393192
1779.54, 476.536392499
1779.6, 476.536394944
1779.66, 476.536389308
1779.72, 476.536390674
1779.78, 476.536387493
1779.84, 476.536387290
1779.91, 476.536385697
1779.97, 476.536384594
1780.04, 476.536382567
1780.1, 476.536380482
1780.17, 476.536381734
1780.23, 476.536375919
1780.3, 476.536377688
1780.36, 476.536376960
1780.42, 476.536372553
1780.48, 476.536375298
1780.54, 476.536371223
1780.6, 476.536372435
1780.66, 476.536369209
1780.72, 476.536369531
1780.78, 476.536368515
1780.84, 476.536370478
1780.9, 476.536368166
1780.97, 476.536364509
1781.03, 476.536360583
1781.09, 476.536360813
1781.15, 476.536362836
1781.21, 476.536361482
1781.28, 476.536362679
1781.34, 476.536354602
1781.4, 476.536355730
1781.46, 476.536357192
1781.52, 476.536352602
1781.58, 476.536352503
1781.64, 476.536350677
1781.71, 476.536349252
1781.77, 476.536350978
1781.83, 476.536348098
1781.89, 476.536348114
1781.95, 476.536345672
1782.02, 476.536345047
1782.08, 476.536339736
1782.14, 476.536342363
1782.2, 476.536341164
1782.26, 476.536338968
1782.33, 476.536340358
1782.39, 476.536335679
1782.45, 476.536337254
1782.51, 476.536334482
1782.57, 476.536333340
1782.63, 476.536335823
1782.69, 476.536331650
1782.76, 476.536329638
1782.82, 476.536331741
1782.88, 476.536333071
1782.94, 476.536327124
1783, 476.536326402
1783.06, 476.536317463
1783.13, 476.536325368
1783.19, 476.536324837
1783.25, 476.536321624
1783.31, 476.536323411
1783.37, 476.536316364
1783.43, 476.536320386
1783.49, 476.536315016
1783.55, 476.536316979
1783.61, 476.536314210
1783.68, 476.536308241
1783.74, 476.536312835
1783.8, 476.536309882
1783.86, 476.536311809
1783.92, 476.536307100
1783.98, 476.536307180
1784.04, 476.536305644
1784.1, 476.536305067
1784.17, 476.536306493
1784.23, 476.536305476
1784.29, 476.536303269
1784.35, 476.536304156
1784.41, 476.536301110
1784.47, 476.536298118
1784.54, 476.536297222
1784.6, 476.536298418
1784.66, 476.536294978
1784.72, 476.536297160
1784.78, 476.536291043
1784.84, 476.536293741
1784.9, 476.536289849
1784.97, 476.536289343
1785.03, 476.536291064
1785.09, 476.536285414
1785.15, 476.536287230
1785.21, 476.536281891
1785.27, 476.536285233
1785.33, 476.536283636
1785.39, 476.536277571
1785.46, 476.536280521
1785.52, 476.536280408
1785.58, 476.536277710
1785.64, 476.536276320
1785.7, 476.536274038
1785.77, 476.536276919
1785.83, 476.536274653
1785.89, 476.536273657
1785.96, 476.536273756
1786.02, 476.536270729
1786.08, 476.536268408
1786.14, 476.536270841
1786.2, 476.536265771
1786.26, 476.536265690
1786.32, 476.536261570
1786.39, 476.536263289
1786.45, 476.536260855
1786.51, 476.536257128
1786.57, 476.536260311
1786.63, 476.536254513
1786.7, 476.536257452
1786.76, 476.536255837
1786.82, 476.536254243
1786.88, 476.536256824
1786.94, 476.536253618
1787, 476.536252163
1787.06, 476.536249137
1787.13, 476.536250808
1787.19, 476.536249502
1787.25, 476.536248993
1787.31, 476.536244631
1787.38, 476.536242691
1787.44, 476.536246712
1787.5, 476.536242776
1787.57, 476.536240972
1787.63, 476.536239501
1787.69, 476.536241840
1787.75, 476.536236936
1787.81, 476.536235839
1787.88, 476.536235799
1787.94, 476.536235531
1788.01, 476.536233992
1788.08, 476.536231090
1788.15, 476.536231292
1788.21, 476.536226487
1788.27, 476.536227884
1788.33, 476.536227665
1788.39, 476.536226065
1788.45, 476.536226079
1788.51, 476.536222791
1788.57, 476.536223925
1788.63, 476.536223288
1788.7, 476.536219042
1788.76, 476.536219540
1788.82, 476.536214505
1788.88, 476.536217415
1788.94, 476.536215058
1789, 476.536215481
1789.06, 476.536211688
1789.12, 476.536210465
1789.19, 476.536210925
1789.25, 476.536209844
1789.31, 476.536210101
1789.37, 476.536206232
1789.43, 476.536206068
1789.49, 476.536206355
1789.55, 476.536202954
1789.61, 476.536203007
1789.67, 476.536200457
1789.73, 476.536199463
1789.8, 476.536194160
1789.86, 476.536197943
1789.92, 476.536198845
1789.98, 476.536194891
1790.04, 476.536194238
1790.11, 476.536191629
1790.17, 476.536193030
1790.23, 476.536189670
1790.29, 476.536195647
1790.35, 476.536188379
1790.41, 476.536189050
1790.47, 476.536188195
1790.54, 476.536185140
1790.6, 476.536185647
1790.66, 476.536184116
1790.72, 476.536183455
1790.78, 476.536180942
1790.85, 476.536181075
1790.91, 476.536178305
1790.97, 476.536175866
1791.03, 476.536176993
1791.09, 476.536173180
1791.15, 476.536174624
1791.21, 476.536173639
1791.28, 476.536170829
1791.34, 476.536172516
1791.4, 476.536172186
1791.46, 476.536167972
1791.52, 476.536171313
1791.58, 476.536163029
1791.65, 476.536163943
1791.71, 476.536162864
1791.77, 476.536164836
1791.83, 476.536164110
1791.89, 476.536163318
1791.95, 476.536158967
1792.02, 476.536160630
1792.08, 476.536156704
1792.14, 476.536155349
1792.2, 476.536157350
1792.26, 476.536156559
1792.32, 476.536154248
1792.38, 476.536153320
1792.45, 476.536152366
1792.52, 476.536146512
1792.58, 476.536144332
1792.65, 476.536147990
1792.71, 476.536143644
1792.77, 476.536142218
1792.84, 476.536141112
1792.9, 476.536145709
1792.96, 476.536137409
1793.02, 476.536141163
1793.08, 476.536140366
1793.15, 476.536136172
1793.21, 476.536135572
1793.27, 476.536136889
1793.33, 476.536134758
1793.39, 476.536131094
1793.46, 476.536130660
1793.52, 476.536129658
1793.59, 476.536128330
1793.66, 476.536129418
1793.72, 476.536125714
1793.78, 476.536125704
1793.84, 476.536123882
1793.91, 476.536124611
1793.97, 476.536119712
1794.03, 476.536119695
1794.09, 476.536119483
1794.15, 476.536122477
1794.21, 476.536115745
1794.28, 476.536114643
1794.34, 476.536116658
1794.4, 476.536115988
1794.46, 476.536111102
1794.52, 476.536108842
1794.59, 476.536114397
1794.65, 476.536110651
1794.71, 476.536104876
1794.77, 476.536104565
1794.84, 476.536108955
1794.9, 476.536103718
1794.96, 476.536101663
1795.02, 476.536103230
1795.08, 476.536101374
1795.14, 476.536097360
1795.21, 476.536097122
1795.27, 476.536097599
1795.33, 476.536097065
1795.39, 476.536094318
1795.46, 476.536096375
1795.52, 476.536092198
1795.58, 476.536089972
1795.64, 476.536093179
1795.7, 476.536087928
1795.76, 476.536087319
1795.82, 476.536088598
1795.88, 476.536086107
1795.95, 476.536086765
1796.01, 476.536080965
1796.07, 476.536081331
1796.13, 476.536080478
1796.19, 476.536076257
1796.25, 476.536080308
1796.31, 476.536076094
1796.37, 476.536079635
1796.43, 476.536076693
1796.5, 476.536074495
1796.56, 476.536075160
1796.62, 476.536070935
1796.68, 476.536070486
1796.74, 476.536069022
1796.81, 476.536066076
1796.87, 476.536069114
1796.93, 476.536064511
1797, 476.536065012
1797.06, 476.536064780
1797.12, 476.536062615
1797.18, 476.536062819
1797.24, 476.536062915
1797.3, 476.536058168
1797.36, 476.536059843
1797.42, 476.536058830
1797.48, 476.536053166
1797.55, 476.536055786
1797.61, 476.536052139
1797.67, 476.536054066
1797.73, 476.536049658
1797.79, 476.536050528
1797.85, 476.536051691
1797.91, 476.536047462
1797.97, 476.536048973
1798.03, 476.536048005
1798.09, 476.536044858
1798.15, 476.536046970
1798.21, 476.536042124
1798.28, 476.536041278
1798.34, 476.536041996
1798.4, 476.536037950
1798.46, 476.536039384
1798.52, 476.536036251
1798.58, 476.536035214
1798.65, 476.536036943
1798.71, 476.536033588
1798.77, 476.536030743
1798.83, 476.536028733
1798.89, 476.536031406
1798.95, 476.536025851
1799.02, 476.536030218
1799.08, 476.536028342
1799.14, 476.536028500
1799.2, 476.536022372
1799.26, 476.536027435
1799.32, 476.536019948
1799.38, 476.536019487
1799.44, 476.536017826
1799.51, 476.536018546
1799.57, 476.536017423
1799.63, 476.536012067
1799.69, 476.536012487
1799.75, 476.536015121
1799.81, 476.536015084
1799.87, 476.536011005
1799.94, 476.536009650
1800, 476.536010391
1800.06, 476.536006741
1800.12, 476.536010347
1800.18, 476.536007254
1800.24, 476.536007134
1800.31, 476.536005421
1800.37, 476.535999742
1800.44, 476.536002662
1800.5, 476.536001448
1800.56, 476.536001539
1800.62, 476.535999299
1800.68, 476.535995819
1800.74, 476.535996331
1800.8, 476.535991564
1800.87, 476.535994915
1800.93, 476.535992650
1800.99, 476.535991744
1801.05, 476.535991898
1801.11, 476.535987896
1801.17, 476.535991033
1801.23, 476.535985727
1801.29, 476.535986368
1801.35, 476.535983418
1801.42, 476.535984901
1801.48, 476.535979927
1801.54, 476.535981768
1801.6, 476.535978173
1801.66, 476.535978566
1801.72, 476.535977483
1801.78, 476.535976504
1801.84, 476.535979171
1801.9, 476.535969147
1801.96, 476.535972104
1802.02, 476.535971147
1802.09, 476.535972011
1802.15, 476.535971996
1802.21, 476.535971359
1802.27, 476.535969141
1802.33, 476.535966225
1802.4, 476.535965675
1802.47, 476.535963891
1802.54, 476.535965350
1802.6, 476.535961534
1802.66, 476.535957682
1802.72, 476.535959193
1802.78, 476.535958729
1802.84, 476.535958482
1802.91, 476.535955251
1802.97, 476.535953899
1803.04, 476.535953725
1803.11, 476.535950293
1803.18, 476.535951547
1803.24, 476.535946947
1803.3, 476.535947830
1803.36, 476.535949010
1803.42, 476.535945188
1803.48, 476.535943444
1803.54, 476.535941479
1803.61, 476.535945939
1803.67, 476.535941790
1803.73, 476.535939418
1803.79, 476.535942382
1803.85, 476.535938543
1803.91, 476.535939063
1803.97, 476.535935644
1804.03, 476.535936524
1804.09, 476.535934860
1804.16, 476.535934075
1804.22, 476.535929846
1804.28, 476.535931959
1804.34, 476.535928631
1804.4, 476.535930534
1804.46, 476.535928321
1804.53, 476.535928395
1804.59, 476.535929190
1804.65, 476.535920874
1804.71, 476.535921885
1804.77, 476.535923182
1804.83, 476.535921041
1804.89, 476.535919375
1804.95, 476.535918315
1805.02, 476.535917015
1805.08, 476.535917119
1805.14, 476.535915930
1805.2, 476.535913259
1805.27, 476.535910925
1805.33, 476.535913264
1805.39, 476.535909941
1805.45, 476.535908677
1805.52, 476.535911688
1805.58, 476.535905772
1805.64, 476.535902771
1805.7, 476.535906044
1805.76, 476.535902249
1805.82, 476.535900809
1805.89, 476.535896824
1805.95, 476.535901499
1806.01, 476.535903212
1806.07, 476.535901107
1806.13, 476.535897160
1806.2, 476.535894932
1806.26, 476.535892065
1806.33, 476.535895576
1806.39, 476.535891723
1806.45, 476.535890522
1806.51, 476.535890288
1806.58, 476.535887588
1806.64, 476.535890197
1806.7, 476.535887123
1806.76, 476.535886421
1806.83, 476.535885483
1806.89, 476.535885432
1806.96, 476.535882764
1807.02, 476.535881091
1807.09, 476.535882086
1807.15, 476.535877204
1807.22, 476.535873980
1807.28, 476.535875979
1807.34, 476.535875873
1807.4, 476.535870835
1807.46, 476.535872902
1807.52, 476.535872964
1807.58, 476.535870408
1807.64, 476.535866413
1807.71, 476.535865451
1807.77, 476.535863800
1807.84, 476.535865556
1807.9, 476.535863340
1807.96, 476.535863010
1808.02, 476.535864110
1808.08, 476.535861877
1808.14, 476.535859313
1808.21, 476.535857368
1808.27, 476.535858413
1808.33, 476.535856131
1808.39, 476.535854825
1808.46, 476.535855177
1808.52, 476.535848944
1808.58, 476.535851109
1808.64, 476.535852941
1808.7, 476.535849216
1808.76, 476.535847326
1808.82, 476.535845892
1808.89, 476.535845772
1808.95, 476.535848810
1809.01, 476.535843333
1809.08, 476.535842903
1809.14, 476.535843537
1809.2, 476.535841527
1809.26, 476.535838428
1809.32, 476.535834770
1809.39, 476.535839164
1809.45, 476.535838619
1809.51, 476.535836928
1809.57, 476.535832471
1809.64, 476.535833143
1809.7, 476.535830949
1809.76, 476.535829164
1809.82, 476.535829670
1809.88, 476.535827115
1809.94, 476.535826095
1810.01, 476.535823806
1810.07, 476.535821018
1810.14, 476.535821513
1810.2, 476.535819789
1810.26, 476.535819560
1810.32, 476.535819525
1810.39, 476.535819430
1810.45, 476.535819026
1810.52, 476.535819886
1810.58, 476.535820693
1810.64, 476.535815937
1810.7, 476.535815452
1810.76, 476.535814728
1810.83, 476.535810074
1810.9, 476.535810149
1810.96, 476.535807965
1811.02, 476.535808466
1811.08, 476.535806568
1811.14, 476.535805158
1811.2, 476.535802393
1811.27, 476.535804860
1811.33, 476.535805517
1811.39, 476.535802296
1811.45, 476.535801428
1811.51, 476.535800453
1811.57, 476.535796931
1811.64, 476.535795328
1811.71, 476.535795926
1811.77, 476.535795970
1811.83, 476.535791344
1811.89, 476.535789835
1811.95, 476.535792310
1812.01, 476.535789403
1812.08, 476.535787198
1812.14, 476.535789844
1812.2, 476.535785857
1812.26, 476.535783438
1812.32, 476.535784415
1812.38, 476.535780818
1812.44, 476.535781865
1812.5, 476.535778817
1812.57, 476.535778885
1812.63, 476.535776377
1812.69, 476.535776969
1812.75, 476.535776420
1812.81, 476.535772747
1812.87, 476.535771737
1812.94, 476.535771253
1813, 476.535771346
1813.06, 476.535773861
1813.12, 476.535768515
1813.18, 476.535766340
1813.25, 476.535765786
1813.31, 476.535767122
1813.37, 476.535767279
1813.43, 476.535763994
1813.49, 476.535760955
1813.56, 476.535763075
1813.62, 476.535758998
1813.68, 476.535755970
1813.74, 476.535756124
1813.8, 476.535759382
1813.86, 476.535756606
1813.92, 476.535751939
1813.99, 476.535751348
1814.05, 476.535751195
1814.12, 476.535752193
1814.18, 476.535748905
1814.24, 476.535747702
1814.3, 476.535745789
1814.37, 476.535745236
1814.43, 476.535748277
1814.49, 476.535742343
1814.55, 476.535747673
1814.61, 476.535740930
1814.67, 476.535742760
1814.73, 476.535737216
1814.8, 476.535739658
1814.86, 476.535732460
1814.92, 476.535734954
1814.98, 476.535737294
1815.04, 476.535735875
1815.1, 476.535731722
1815.16, 476.535733897
1815.22, 476.535730697
1815.28, 476.535729924
1815.35, 476.535728563
1815.41, 476.535727089
1815.48, 476.535726575
1815.55, 476.535725448
1815.61, 476.535726039
1815.67, 476.535720207
1815.74, 476.535724016
1815.8, 476.535723403
1815.86, 476.535721815
1815.92, 476.535717100
1815.99, 476.535714803
1816.05, 476.535713338
1816.12, 476.535714011
1816.18, 476.535711869
1816.24, 476.535711400
1816.3, 476.535710574
1816.37, 476.535713081
1816.43, 476.535707872
1816.49, 476.535706471
1816.55, 476.535706376
1816.62, 476.535705247
1816.68, 476.535705415
1816.74, 476.535702071
1816.81, 476.535702448
1816.87, 476.535698780
1816.93, 476.535699081
1816.99, 476.535698262
1817.05, 476.535696330
1817.11, 476.535696758
1817.17, 476.535695122
1817.23, 476.535692505
1817.3, 476.535692793
1817.36, 476.535693100
1817.42, 476.535688169
1817.48, 476.535685655
1817.54, 476.535689285
1817.6, 476.535685099
1817.66, 476.535685742
1817.72, 476.535685609
1817.78, 476.535680318
1817.85, 476.535682786
1817.91, 476.535681669
1817.97, 476.535677802
1818.03, 476.535683536
1818.09, 476.535677178
1818.15, 476.535679151
1818.21, 476.535677089
1818.27, 476.535674098
1818.34, 476.535673538
1818.4, 476.535671833
1818.47, 476.535675659
1818.53, 476.535670285
1818.59, 476.535669310
1818.65, 476.535668421
1818.72, 476.535666956
1818.78, 476.535665378
1818.85, 476.535660926
1818.92, 476.535662135
1818.98, 476.535662507
1819.04, 476.535658521
1819.1, 476.535657252
1819.17, 476.535657661
1819.23, 476.535658830
1819.29, 476.535656997
1819.35, 476.535656646
1819.41, 476.535657467
1819.47, 476.535650905
1819.53, 476.535650836
1819.59, 476.535652649
1819.65, 476.535652329
1819.72, 476.535647414
1819.78, 476.535648643
1819.84, 476.535645143
1819.9, 476.535643937
1819.96, 476.535645914
1820.02, 476.535642266
1820.09, 476.535640932
1820.15, 476.535643549
1820.21, 476.535639213
1820.27, 476.535638106
1820.33, 476.535642510
1820.39, 476.535635934
1820.45, 476.535632695
1820.52, 476.535634984
1820.58, 476.535635012
1820.64, 476.535635409
1820.7, 476.535631007
1820.76, 476.535630727
1820.82, 476.535629567
1820.89, 476.535629959
1820.95, 476.535628658
1821.01, 476.535625100
1821.07, 476.535624022
1821.14, 476.535624883
1821.2, 476.535622125
1821.26, 476.535622908
1821.32, 476.535623023
1821.38, 476.535615997
1821.44, 476.535618328
1821.5, 476.535616176
1821.56, 476.535614379
1821.62, 476.535616519
1821.68, 476.535612091
1821.74, 476.535610121
1821.81, 476.535612183
1821.87, 476.535610010
1821.93, 476.535608280
1821.99, 476.535608658
1822.05, 476.535606069
1822.11, 476.535605612
1822.18, 476.535606087
1822.24, 476.535602736
1822.3, 476.535597490
1822.36, 476.535601741
1822.42, 476.535598388
1822.48, 476.535597883
1822.55, 476.535593971
1822.61, 476.535596760
1822.67, 476.535593866
1822.73, 476.535593039
1822.8, 476.535593544
1822.86, 476.535590062
1822.92, 476.535592922
1822.98, 476.535589207
1823.04, 476.535587877
1823.1, 476.535588032
1823.16, 476.535587716
1823.22, 476.535585002
1823.29, 476.535584917
1823.35, 476.535582775
1823.42, 476.535582139
1823.48, 476.535577791
1823.55, 476.535578320
1823.61, 476.535578176
1823.68, 476.535578639
1823.74, 476.535574742
1823.8, 476.535570940
1823.86, 476.535574460
1823.92, 476.535573367
1823.98, 476.535571433
1824.04, 476.535572725
1824.1, 476.535573472
1824.16, 476.535565744
1824.23, 476.535566455
1824.29, 476.535564966
1824.35, 476.535563089
1824.41, 476.535565680
1824.47, 476.535563897
1824.53, 476.535561473
1824.6, 476.535558261
1824.66, 476.535557290
1824.73, 476.535559289
1824.79, 476.535557115
1824.85, 476.535557314
1824.91, 476.535555227
1824.97, 476.535553490
1825.03, 476.535553077
1825.1, 476.535547657
1825.16, 476.535551172
1825.22, 476.535549034
1825.28, 476.535549082
1825.34, 476.535547637
1825.41, 476.535547726
1825.47, 476.535546561
1825.53, 476.535543022
1825.59, 476.535543773
1825.65, 476.535538662
1825.71, 476.535536884
1825.77, 476.535537877
1825.83, 476.535536352
1825.9, 476.535535822
1825.96, 476.535534725
1826.02, 476.535534177
1826.09, 476.535531899
1826.16, 476.535530172
1826.23, 476.535532661
1826.29, 476.535531078
1826.35, 476.535528933
1826.41, 476.535529056
1826.47, 476.535526915
1826.53, 476.535527267
1826.59, 476.535528513
1826.65, 476.535524345
1826.72, 476.535523459
1826.78, 476.535522236
1826.84, 476.535519971
1826.91, 476.535520756
1826.97, 476.535516337
1827.03, 476.535517589
1827.09, 476.535514784
1827.15, 476.535510209
1827.22, 476.535517387
1827.28, 476.535511208
1827.34, 476.535510539
1827.4, 476.535512363
1827.46, 476.535508734
1827.52, 476.535508319
1827.58, 476.535507585
1827.65, 476.535506945
1827.72, 476.535505849
1827.78, 476.535503986
1827.85, 476.535502839
1827.92, 476.535501747
1828, 476.535501097
1828.07, 476.535500116
1828.15, 476.535500230
1828.21, 476.535494726
1828.27, 476.535494665
1828.33, 476.535494673
1828.39, 476.535491721
1828.45, 476.535491142
1828.52, 476.535491690
1828.58, 476.535488658
1828.64, 476.535489672
1828.7, 476.535488183
1828.76, 476.535484799
1828.82, 476.535485173
1828.88, 476.535486438
1828.94, 476.535482110
1829.01, 476.535479459
1829.07, 476.535479464
1829.13, 476.535476817
1829.19, 476.535478611
1829.25, 476.535476193
1829.31, 476.535472563
1829.37, 476.535474322
1829.43, 476.535471516
1829.5, 476.535471779
1829.56, 476.535471803
1829.62, 476.535468633
1829.68, 476.535466436
1829.74, 476.535467315
1829.8, 476.535464928
1829.86, 476.535463228
1829.93, 476.535461189
1829.99, 476.535462716
1830.05, 476.535464616
1830.11, 476.535461113
1830.17, 476.535459517
1830.23, 476.535463387
1830.29, 476.535455939
1830.36, 476.535454281
1830.42, 476.535457170
1830.48, 476.535459653
1830.54, 476.535451492
1830.6, 476.535450336
1830.66, 476.535451670
1830.72, 476.535448470
1830.78, 476.535449788
1830.84, 476.535445244
1830.91, 476.535444764
1830.97, 476.535445857
1831.03, 476.535444773
1831.09, 476.535447140
1831.15, 476.535444762
1831.21, 476.535440023
1831.28, 476.535440639
1831.34, 476.535436575
1831.4, 476.535436832
1831.46, 476.535435811
1831.52, 476.535439272
1831.58, 476.535435472
1831.64, 476.535434388
1831.7, 476.535431694
1831.77, 476.535431701
1831.83, 476.535430121
1831.89, 476.535431588
1831.95, 476.535426665
1832.01, 476.535427230
1832.07, 476.535424079
1832.13, 476.535423902
1832.2, 476.535422195
1832.26, 476.535420955
1832.33, 476.535423507
1832.39, 476.535421917
1832.45, 476.535415554
1832.51, 476.535414649
1832.58, 476.535416759
1832.64, 476.535414414
1832.7, 476.535413246
1832.76, 476.535411910
1832.82, 476.535413626
1832.88, 476.535414271
1832.94, 476.535412361
1833.01, 476.535409654
1833.07, 476.535406161
1833.13, 476.535404123
1833.2, 476.535404731
1833.26, 476.535403209
1833.32, 476.535402189
1833.38, 476.535405512
1833.44, 476.535401940
1833.51, 476.535398217
1833.57, 476.535396243
1833.63, 476.535399178
1833.69, 476.535392973
1833.75, 476.535394513
1833.81, 476.535390341
1833.88, 476.535390471
1833.94, 476.535394076
1834, 476.535388662
1834.06, 476.535391373
1834.12, 476.535389309
1834.18, 476.535383686
1834.24, 476.535386167
1834.3, 476.535387639
1834.36, 476.535384143
1834.42, 476.535384204
1834.48, 476.535385093
1834.54, 476.535379484
1834.61, 476.535382722
1834.67, 476.535377759
1834.73, 476.535376115
1834.79, 476.535375349
1834.85, 476.535376757
1834.91, 476.535376570
1834.98, 476.535371906
1835.04, 476.535371648
1835.1, 476.535372678
1835.16, 476.535369086
1835.23, 476.535367418
1835.29, 476.535369253
1835.35, 476.535366794
1835.41, 476.535369453
1835.47, 476.535365558
1835.53, 476.535362591
1835.59, 476.535359254
1835.66, 476.535359849
1835.72, 476.535357756
1835.78, 476.535359661
1835.84, 476.535356214
1835.9, 476.535357026
1835.96, 476.535356632
1836.02, 476.535357844
1836.08, 476.535353480
1836.14, 476.535350245
1836.21, 476.535352110
1836.27, 476.535348273
1836.33, 476.535350615
1836.39, 476.535348123
1836.45, 476.535344201
1836.51, 476.535346531
1836.57, 476.535341315
1836.64, 476.535344483
1836.7, 476.535344508
1836.76, 476.535341630
1836.82, 476.535339173
1836.88, 476.535340658
1836.94, 476.535341305
1837, 476.535337716
1837.06, 476.535336537
1837.12, 476.535335561
1837.19, 476.535331861
1837.26, 476.535333044
1837.32, 476.535329059
1837.38, 476.535331746
1837.44, 476.535328627
1837.5, 476.535330057
1837.56, 476.535330629
1837.62, 476.535329082
1837.68, 476.535326368
1837.74, 476.535325558
1837.81, 476.535323036
1837.87, 476.535323266
1837.93, 476.535320596
1838, 476.535321670
1838.06, 476.535317438
1838.12, 476.535313465
1838.18, 476.535315794
1838.24, 476.535311775
1838.3, 476.535311571
1838.36, 476.535311554
1838.43, 476.535308339
1838.5, 476.535312883
1838.56, 476.535305912
1838.62, 476.535309445
1838.68, 476.535306263
1838.74, 476.535304446
1838.8, 476.535305152
1838.86, 476.535303694
1838.92, 476.535303985
1838.98, 476.535299855
1839.04, 476.535300967
1839.1, 476.535298448
1839.17, 476.535297596
1839.23, 476.535297983
1839.29, 476.535295839
1839.35, 476.535294534
1839.41, 476.535297890
1839.47, 476.535296964
1839.53, 476.535290799
1839.6, 476.535291432
1839.66, 476.535292563
1839.72, 476.535289122
1839.78, 476.535286912
1839.84, 476.535285106
1839.91, 476.535285737
1839.97, 476.535284373
1840.03, 476.535284348
1840.09, 476.535283736
1840.16, 476.535280921
1840.22, 476.535279978
1840.29, 476.535278402
1840.36, 476.535280680
1840.42, 476.535275024
1840.48, 476.535273706
1840.54, 476.535273273
1840.61, 476.535272063
1840.68, 476.535272750
1840.74, 476.535269137
1840.8, 476.535268753
1840.86, 476.535267751
1840.92, 476.535268072
1840.98, 476.535268916
1841.04, 476.535263765
1841.11, 476.535261512
1841.17, 476.535264914
1841.23, 476.535264244
1841.29, 476.535260792
1841.35, 476.535259290
1841.42, 476.535260104
1841.48, 476.535259740
1841.54, 476.535258184
1841.6, 476.535254998
1841.67, 476.535255641
1841.73, 476.535255827
1841.79, 476.535251495
1841.85, 476.535252220
1841.91, 476.535249918
1841.97, 476.535250570
1842.03, 476.535250284
1842.09, 476.535245170
1842.15, 476.535247586
1842.21, 476.535247248
1842.28, 476.535243915
1842.34, 476.535241122
1842.4, 476.535243011
1842.46, 476.535239814
1842.53, 476.535238242
1842.59, 476.535238954
1842.65, 476.535236413
1842.71, 476.535231595
1842.77, 476.535237936
1842.83, 476.535230183
1842.89, 476.535234043
1842.95, 476.535233470
1843.02, 476.535226264
1843.08, 476.535226417
1843.14, 476.535227272
1843.2, 476.535224581
1843.26, 476.535229803
1843.32, 476.535221631
1843.38, 476.535223879
1843.44, 476.535223957
1843.5, 476.535222663
1843.56, 476.535222792
1843.62, 476.535220450
1843.68, 476.535218293
1843.75, 476.535215376
1843.81, 476.535216524
1843.87, 476.535216913
1843.93, 476.535217380
1843.99, 476.535213302
1844.05, 476.535211740
1844.12, 476.535211690
1844.18, 476.535215512
1844.24, 476.535210220
1844.3, 476.535207026
1844.37, 476.535206435
1844.43, 476.535207879
1844.49, 476.535199747
1844.55, 476.535201872
1844.61, 476.535200784
1844.67, 476.535201105
1844.73, 476.535197646
1844.8, 476.535198107
1844.86, 476.535197290
1844.92, 476.535195887
1844.98, 476.535196891
1845.04, 476.535189037
1845.1, 476.535194838
1845.16, 476.535194707
1845.22, 476.535191312
1845.29, 476.535188882
1845.35, 476.535189648
1845.41, 476.535184252
1845.47, 476.535187367
1845.53, 476.535184313
1845.59, 476.535184535
1845.65, 476.535183689
1845.72, 476.535182335
1845.78, 476.535183267
1845.84, 476.535179873
1845.9, 476.535181257
1845.96, 476.535180212
1846.02, 476.535175136
1846.08, 476.535175133
1846.15, 476.535173890
1846.21, 476.535170147
1846.28, 476.535174853
1846.34, 476.535172044
1846.4, 476.535172278
1846.46, 476.535169556
1846.53, 476.535166939
1846.59, 476.535168408
1846.65, 476.535166698
1846.71, 476.535161692
1846.77, 476.535165729
1846.83, 476.535162335
1846.89, 476.535158701
1846.96, 476.535159841
1847.02, 476.535158829
1847.08, 476.535155674
1847.14, 476.535157111
1847.2, 476.535156240
1847.26, 476.535152403
1847.33, 476.535150904
1847.39, 476.535152158
1847.45, 476.535147427
1847.51, 476.535150270
1847.57, 476.535149209
1847.63, 476.535145976
1847.7, 476.535145716
1847.76, 476.535144993
1847.83, 476.535144931
1847.9, 476.535143463
1847.97, 476.535142244
1848.04, 476.535140278
1848.11, 476.535139054
1848.19, 476.535136730
1848.26, 476.535138768
1848.32, 476.535141290
1848.38, 476.535135145
1848.44, 476.535131235
1848.51, 476.535130661
1848.57, 476.535131623
1848.63, 476.535130921
1848.69, 476.535132314
1848.75, 476.535129368
1848.81, 476.535126989
1848.88, 476.535126056
1848.94, 476.535123639
1849.01, 476.535121725
1849.08, 476.535126214
1849.14, 476.535119950
1849.2, 476.535121164
1849.26, 476.535122132
1849.32, 476.535116046
1849.38, 476.535117895
1849.44, 476.535117234
1849.5, 476.535113543
1849.56, 476.535108877
1849.63, 476.535114651
1849.69, 476.535111909
1849.75, 476.535110648
1849.81, 476.535112899
1849.87, 476.535109257
1849.93, 476.535106109
1850, 476.535107131
1850.06, 476.535108428
1850.12, 476.535102414
1850.18, 476.535102269
1850.24, 476.535105349
1850.3, 476.535098451
1850.36, 476.535098374
1850.43, 476.535097190
1850.49, 476.535101164
1850.55, 476.535093859
1850.61, 476.535096130
1850.67, 476.535091802
1850.73, 476.535094938
1850.79, 476.535091252
1850.86, 476.535090231
1850.92, 476.535093310
1850.98, 476.535091823
1851.04, 476.535088903
1851.1, 476.535084057
1851.17, 476.535086436
1851.23, 476.535083258
1851.29, 476.535082895
1851.35, 476.535084202
1851.41, 476.535082513
1851.47, 476.535079718
1851.54, 476.535080808
1851.6, 476.535076800
1851.66, 476.535076107
1851.72, 476.535079383
1851.78, 476.535076100
1851.84, 476.535074039
1851.91, 476.535072211
1851.97, 476.535069976
1852.04, 476.535071659
1852.1, 476.535068840
1852.16, 476.535068554
1852.22, 476.535069854
1852.28, 476.535066231
1852.34, 476.535066769
1852.4, 476.535060654
1852.46, 476.535061638
1852.52, 476.535061027
1852.59, 476.535060867
1852.65, 476.535059262
1852.71, 476.535059065
1852.78, 476.535056135
1852.85, 476.535059644
1852.91, 476.535054057
1852.97, 476.535054702
1853.03, 476.535051757
1853.09, 476.535052006
1853.15, 476.535047803
1853.21, 476.535050566
1853.27, 476.535047578
1853.33, 476.535048284
1853.39, 476.535049430
1853.45, 476.535044866
1853.51, 476.535042400
1853.58, 476.535044699
1853.64, 476.535042617
1853.7, 476.535040570
1853.76, 476.535040720
1853.82, 476.535040277
1853.88, 476.535039526
1853.95, 476.535036208
1854.01, 476.535039167
1854.07, 476.535036335
1854.13, 476.535031170
1854.2, 476.535030050
1854.26, 476.535029579
1854.33, 476.535030478
1854.39, 476.535031118
1854.45, 476.535026415
1854.51, 476.535028059
1854.57, 476.535025635
1854.63, 476.535023783
1854.69, 476.535024418
1854.75, 476.535021198
1854.81, 476.535018837
1854.88, 476.535019817
1854.94, 476.535020590
1855, 476.535018600
1855.06, 476.535014700
1855.12, 476.535015921
1855.18, 476.535014622
1855.24, 476.535012507
1855.31, 476.535011909
1855.37, 476.535015763
1855.43, 476.535015473
1855.49, 476.535006193
1855.56, 476.535009931
1855.62, 476.535006489
1855.68, 476.535004874
1855.74, 476.535002103
1855.81, 476.535004055
1855.87, 476.535001407
1855.93, 476.535000722
1855.99, 476.535001664
1856.05, 476.534997845
1856.11, 476.535001155
1856.17, 476.534998857
1856.23, 476.534996108
1856.3, 476.534994251
1856.36, 476.534994815
1856.42, 476.534993409
1856.48, 476.534992110
1856.54, 476.534987578
1856.61, 476.534988692
1856.67, 476.534988316
1856.73, 476.534987980
1856.79, 476.534985442
1856.86, 476.534985238
1856.92, 476.534982806
1856.99, 476.534982434
1857.06, 476.534980930
1857.13, 476.534981588
1857.19, 476.534974950
1857.26, 476.534981155
1857.32, 476.534977440
1857.38, 476.534974184
1857.44, 476.534976283
1857.5, 476.534977929
1857.56, 476.534973761
1857.62, 476.534969472
1857.68, 476.534969666
1857.74, 476.534970269
1857.8, 476.534969366
1857.87, 476.534968918
1857.93, 476.534965100
1857.99, 476.534965402
1858.05, 476.534965553
1858.11, 476.534961064
1858.17, 476.534961963
1858.23, 476.534962812
1858.29, 476.534958485
1858.36, 476.534958321
1858.42, 476.534956573
1858.48, 476.534957861
1858.54, 476.534954614
1858.61, 476.534955007
1858.67, 476.534954226
1858.73, 476.534951624
1858.79, 476.534950036
1858.85, 476.534949417
1858.92, 476.534949963
1858.98, 476.534945855
1859.04, 476.534945833
1859.11, 476.534941699
1859.17, 476.534942903
1859.23, 476.534945445
1859.29, 476.534946195
1859.35, 476.534938854
1859.41, 476.534937262
1859.47, 476.534935573
1859.54, 476.534939692
1859.6, 476.534935866
1859.66, 476.534935669
1859.72, 476.534935412
1859.79, 476.534936699
1859.85, 476.534933920
1859.91, 476.534930433
1859.97, 476.534928798
1860.04, 476.534930483
1860.1, 476.534926261
1860.16, 476.534924270
1860.22, 476.534924174
1860.29, 476.534927661
1860.35, 476.534923392
1860.41, 476.534924078
1860.47, 476.534921326
1860.53, 476.534917476
1860.59, 476.534919308
1860.65, 476.534918496
1860.71, 476.534916963
1860.78, 476.534916482
1860.84, 476.534915020
1860.91, 476.534915758
1860.97, 476.534915302
1861.03, 476.534913507
1861.09, 476.534913711
1861.15, 476.534907993
1861.21, 476.534908610
1861.27, 476.534908875
1861.33, 476.534906313
1861.4, 476.534909038
1861.46, 476.534903837
1861.52, 476.534902621
1861.58, 476.534902415
1861.64, 476.534901141
1861.71, 476.534898754
1861.78, 476.534903374
1861.84, 476.534895251
1861.9, 476.534895967
1861.96, 476.534895668
1862.02, 476.534892941
1862.08, 476.534895628
1862.14, 476.534893733
1862.21, 476.534891255
1862.27, 476.534890958
1862.33, 476.534888833
1862.4, 476.534888093
1862.47, 476.534888495
1862.53, 476.534883443
1862.59, 476.534885961
1862.65, 476.534882076
1862.71, 476.534884553
1862.77, 476.534881635
1862.83, 476.534879458
1862.9, 476.534877467
1862.96, 476.534878649
1863.02, 476.534876966
1863.08, 476.534878267
1863.14, 476.534876789
1863.2, 476.534875868
1863.27, 476.534872083
1863.33, 476.534871317
1863.4, 476.534872901
1863.46, 476.534869856
1863.52, 476.534867526
1863.58, 476.534867085
1863.65, 476.534868503
1863.71, 476.534861885
1863.77, 476.534865654
1863.83, 476.534862587
1863.89, 476.534863593
1863.95, 476.534861213
1864.01, 476.534860103
1864.07, 476.534860389
1864.13, 476.534855596
1864.2, 476.534858847
1864.26, 476.534860671
1864.32, 476.534857285
1864.38, 476.534854927
1864.44, 476.534853874
1864.5, 476.534851852
1864.57, 476.534849666
1864.64, 476.534852077
1864.7, 476.534849447
1864.76, 476.534846547
1864.82, 476.534846503
1864.89, 476.534840971
1864.95, 476.534844971
1865.01, 476.534840142
1865.08, 476.534840395
1865.14, 476.534840641
1865.2, 476.534840133
1865.26, 476.534839030
1865.32, 476.534835776
1865.38, 476.534835842
1865.44, 476.534833666
1865.51, 476.534833885
1865.57, 476.534832752
1865.63, 476.534831250
1865.69, 476.534831188
1865.76, 476.534833224
1865.82, 476.534829146
1865.88, 476.534829305
1865.94, 476.534824263
1866, 476.534822204
1866.06, 476.534822657
1866.12, 476.534825767
1866.18, 476.534822153
1866.24, 476.534820815
1866.31, 476.534819565
1866.37, 476.534818718
1866.44, 476.534817970
1866.5, 476.534817059
1866.57, 476.534814387
1866.65, 476.534815492
1866.71, 476.534813307
1866.77, 476.534810505
1866.83, 476.534813956
1866.89, 476.534810629
1866.95, 476.534806579
1867.01, 476.534808984
1867.07, 476.534805392
1867.14, 476.534801595
1867.2, 476.534806667
1867.26, 476.534804839
1867.32, 476.534800985
1867.38, 476.534798764
1867.45, 476.534803550
1867.51, 476.534799264
1867.57, 476.534798838
1867.63, 476.534796125
1867.7, 476.534795976
1867.76, 476.534796279
1867.82, 476.534791972
1867.89, 476.534792043
1867.95, 476.534793833
1868.01, 476.534788148
1868.07, 476.534791643
1868.13, 476.534789332
1868.19, 476.534783895
1868.25, 476.534783070
1868.32, 476.534786571
1868.38, 476.534782027
1868.44, 476.534781316
1868.5, 476.534784919
1868.56, 476.534779761
1868.62, 476.534778598
1868.68, 476.534778461
1868.75, 476.534779621
1868.81, 476.534776289
1868.87, 476.534777786
1868.93, 476.534777082
1868.99, 476.534773356
1869.06, 476.534773072
1869.12, 476.534775192
1869.18, 476.534770483
1869.24, 476.534768280
1869.3, 476.534768299
1869.36, 476.534765592
1869.43, 476.534765602
1869.49, 476.534763000
1869.55, 476.534764386
1869.61, 476.534759768
1869.67, 476.534760484
1869.73, 476.534761412
1869.79, 476.534759933
1869.85, 476.534755704
1869.91, 476.534755620
1869.98, 476.534757961
1870.04, 476.534755469
1870.1, 476.534754965
1870.16, 476.534754335
1870.23, 476.534749507
1870.29, 476.534751099
1870.35, 476.534748920
1870.42, 476.534749583
1870.48, 476.534747308
1870.54, 476.534748655
1870.6, 476.534743998
1870.66, 476.534744893
1870.72, 476.534740719
1870.78, 476.534742238
1870.84, 476.534741387
1870.9, 476.534738432
1870.96, 476.534736645
1871.03, 476.534738338
1871.09, 476.534734749
1871.15, 476.534733530
1871.21, 476.534731175
1871.28, 476.534732674
1871.34, 476.534730324
1871.4, 476.534729901
1871.46, 476.534730452
1871.52, 476.534729154
1871.58, 476.534723886
1871.65, 476.534727362
1871.71, 476.534724291
1871.77, 476.534725449
1871.83, 476.534722511
1871.89, 476.534717812
1871.95, 476.534719671
1872.01, 476.534719567
1872.07, 476.534717303
1872.14, 476.534718656
1872.2, 476.534716298
1872.26, 476.534715167
1872.32, 476.534712530
1872.39, 476.534712190
1872.45, 476.534709708
1872.52, 476.534714657
1872.58, 476.534709899
1872.64, 476.534709710
1872.71, 476.534705645
1872.77, 476.534704554
1872.84, 476.534709652
1872.9, 476.534705293
1872.96, 476.534704356
1873.02, 476.534704377
1873.08, 476.534703045
1873.14, 476.534699533
1873.21, 476.534697402
1873.27, 476.534696788
1873.34, 476.534700206
1873.4, 476.534695531
1873.46, 476.534693180
1873.52, 476.534694608
1873.58, 476.534693506
1873.64, 476.534690164
1873.71, 476.534689968
1873.77, 476.534689211
1873.84, 476.534686623
1873.9, 476.534686696
1873.96, 476.534681295
1874.03, 476.534684246
1874.09, 476.534680570
1874.15, 476.534679172
1874.21, 476.534680161
1874.27, 476.534682589
1874.33, 476.534678990
1874.39, 476.534681070
1874.45, 476.534678063
1874.51, 476.534677277
1874.58, 476.534674882
1874.64, 476.534671410
1874.71, 476.534671867
1874.77, 476.534670591
1874.83, 476.534671702
1874.89, 476.534669361
1874.95, 476.534668357
1875.01, 476.534668748
1875.07, 476.534665806
1875.13, 476.534664471
1875.2, 476.534662053
1875.26, 476.534663382
1875.32, 476.534663883
1875.38, 476.534660256
1875.44, 476.534659919
1875.51, 476.534657868
1875.57, 476.534662092
1875.63, 476.534657035
1875.69, 476.534657491
1875.75, 476.534653286
1875.81, 476.534654141
1875.87, 476.534650212
1875.94, 476.534650858
1876, 476.534647274
1876.06, 476.534646992
1876.12, 476.534645979
1876.18, 476.534645926
1876.25, 476.534647278
1876.31, 476.534644980
1876.37, 476.534646247
1876.43, 476.534638278
1876.49, 476.534644308
1876.55, 476.534639894
1876.62, 476.534638227
1876.68, 476.534641801
1876.74, 476.534637097
1876.8, 476.534638112
1876.86, 476.534635463
1876.92, 476.534634051
1876.98, 476.534628372
1877.05, 476.534631773
1877.11, 476.534633122
1877.17, 476.534629535
1877.23, 476.534629110
1877.29, 476.534626891
1877.36, 476.534628383
1877.42, 476.534625913
1877.48, 476.534626659
1877.54, 476.534624564
1877.6, 476.534623485
1877.66, 476.534621622
1877.73, 476.534622460
1877.79, 476.534620753
1877.85, 476.534614286
1877.91, 476.534613951
1877.98, 476.534617049
1878.04, 476.534608486
1878.1, 476.534615823
1878.16, 476.534608516
1878.22, 476.534610275
1878.28, 476.534609918
1878.34, 476.534609505
1878.41, 476.534606335
1878.47, 476.534606966
1878.53, 476.534608647
1878.59, 476.534604727
1878.65, 476.534606727
1878.71, 476.534604499
1878.77, 476.534602573
1878.84, 476.534601778
1878.9, 476.534601596
1878.97, 476.534599538
1879.04, 476.534599508
1879.1, 476.534597213
1879.18, 476.534594303
1879.25, 476.534592850
1879.32, 476.534593616
1879.38, 476.534593776
1879.44, 476.534590897
1879.51, 476.534589542
1879.57, 476.534590686
1879.63, 476.534585449
1879.69, 476.534586854
1879.75, 476.534587138
1879.81, 476.534582798
1879.87, 476.534580240
1879.93, 476.534581078
1879.99, 476.534583370
1880.05, 476.534582062
1880.12, 476.534581791
1880.18, 476.534578791
1880.24, 476.534579504
1880.3, 476.534572991
1880.37, 476.534577035
1880.43, 476.534572372
1880.49, 476.534572863
1880.55, 476.534573283
1880.61, 476.534570051
1880.67, 476.534571935
1880.73, 476.534565175
1880.79, 476.534567670
1880.85, 476.534562682
1880.91, 476.534567763
1880.97, 476.534562591
1881.03, 476.534564046
1881.09, 476.534562935
1881.15, 476.534560884
1881.22, 476.534562473
1881.28, 476.534560031
1881.34, 476.534558873
1881.4, 476.534558078
1881.47, 476.534556164
1881.53, 476.534552785
1881.6, 476.534552631
1881.67, 476.534551915
1881.74, 476.534554362
1881.8, 476.534549004
1881.86, 476.534548225
1881.93, 476.534549951
1881.99, 476.534547654
1882.05, 476.534540693
1882.11, 476.534541157
1882.17, 476.534543692
1882.23, 476.534541466
1882.29, 476.534545135
1882.35, 476.534538469
1882.41, 476.534536254
1882.48, 476.534539648
1882.54, 476.534533988
1882.6, 476.534534319
1882.66, 476.534534448
1882.72, 476.534533361
1882.78, 476.534531213
1882.84, 476.534530905
1882.91, 476.534531639
1882.97, 476.534531710
1883.03, 476.534526995
1883.09, 476.534523941
1883.15, 476.534526710
1883.21, 476.534526485
1883.27, 476.534522649
1883.34, 476.534522003
1883.4, 476.534523645
1883.46, 476.534520840
1883.52, 476.534521025
1883.58, 476.534517230
1883.64, 476.534518330
1883.7, 476.534514163
1883.77, 476.534518463
1883.83, 476.534514754
1883.89, 476.534512754
1883.95, 476.534512537
1884.01, 476.534513978
1884.07, 476.534512993
1884.14, 476.534511151
1884.2, 476.534511143
1884.26, 476.534511351
1884.32, 476.534505519
1884.39, 476.534504189
1884.45, 476.534503862
1884.51, 476.534503425
1884.58, 476.534506032
1884.64, 476.534501779
1884.7, 476.534499442
1884.76, 476.534500909
1884.82, 476.534496102
1884.89, 476.534497396
1884.95, 476.534495252
1885.01, 476.534495290
1885.07, 476.534491179
1885.13, 476.534488836
1885.19, 476.534491780
1885.25, 476.534489818
1885.31, 476.534488593
1885.38, 476.534487972
1885.44, 476.534488146
1885.5, 476.534485079
1885.56, 476.534484548
1885.62, 476.534486514
1885.68, 476.534481341
1885.75, 476.534479600
1885.81, 476.534480019
1885.87, 476.534480864
1885.93, 476.534480322
1885.99, 476.534478798
1886.05, 476.534475225
1886.12, 476.534476220
1886.18, 476.534473396
1886.24, 476.534468256
1886.3, 476.534474451
1886.36, 476.534469361
1886.42, 476.534470253
1886.48, 476.534471816
1886.54, 476.534467810
1886.61, 476.534468094
1886.67, 476.534465904
1886.73, 476.534463742
1886.79, 476.534464208
1886.85, 476.534461284
1886.91, 476.534463878
1886.97, 476.534459955
1887.03, 476.534461243
1887.09, 476.534458251
1887.16, 476.534458280
1887.22, 476.534459778
1887.28, 476.534454010
1887.34, 476.534454516
1887.4, 476.534454218
1887.46, 476.534454033
1887.52, 476.534453107
1887.59, 476.534452294
1887.65, 476.534448974
1887.72, 476.534452192
1887.78, 476.534448242
1887.84, 476.534448282
1887.9, 476.534442802
1887.96, 476.534444534
1888.02, 476.534441337
1888.08, 476.534438406
1888.15, 476.534440420
1888.21, 476.534439174
1888.27, 476.534436650
1888.33, 476.534439281
1888.39, 476.534436761
1888.45, 476.534435013
1888.52, 476.534432873
1888.58, 476.534437550
1888.64, 476.534431928
1888.7, 476.534433179
1888.76, 476.534428744
1888.82, 476.534427671
1888.89, 476.534424402
1888.95, 476.534428785
1889.01, 476.534426032
1889.07, 476.534425190
1889.14, 476.534422709
1889.2, 476.534420023
1889.27, 476.534422832
1889.33, 476.534415170
1889.39, 476.534420048
1889.45, 476.534419939
1889.51, 476.534419282
1889.57, 476.534417941
1889.64, 476.534416597
1889.7, 476.534418497
1889.76, 476.534409811
1889.83, 476.534414839
1889.89, 476.534411733
1889.95, 476.534409586
1890.01, 476.534408413
1890.07, 476.534407655
1890.14, 476.534404648
1890.21, 476.534403142
1890.28, 476.534403909
1890.34, 476.534400682
1890.4, 476.534402702
1890.46, 476.534399000
1890.52, 476.534398631
1890.58, 476.534396783
1890.65, 476.534394861
1890.72, 476.534397715
1890.78, 476.534395489
1890.84, 476.534392933
1890.9, 476.534393911
1890.96, 476.534390114
1891.02, 476.534389491
1891.08, 476.534390932
1891.14, 476.534389494
1891.21, 476.534390385
1891.27, 476.534387176
1891.33, 476.534386933
1891.39, 476.534385475
1891.46, 476.534384754
1891.52, 476.534383527
1891.59, 476.534385043
1891.65, 476.534378667
1891.71, 476.534381183
1891.77, 476.534382018
1891.83, 476.534379225
1891.89, 476.534376387
1891.96, 476.534378254
1892.02, 476.534374129
1892.08, 476.534375497
1892.14, 476.534373574
1892.2, 476.534369443
1892.26, 476.534371005
1892.32, 476.534369323
1892.38, 476.534367281
1892.45, 476.534369029
1892.51, 476.534367114
1892.57, 476.534365162
1892.63, 476.534363547
1892.69, 476.534361039
1892.76, 476.534357813
1892.83, 476.534362469
1892.89, 476.534356086
1892.95, 476.534359711
1893.01, 476.534356725
1893.07, 476.534358088
1893.13, 476.534354699
1893.19, 476.534353304
1893.26, 476.534355590
1893.32, 476.534352378
1893.38, 476.534349033
1893.44, 476.534348265
1893.51, 476.534350432
1893.57, 476.534344535
1893.63, 476.534344662
1893.69, 476.534346310
1893.75, 476.534343422
1893.81, 476.534339495
1893.87, 476.534343634
1893.93, 476.534339463
1893.99, 476.534343735
1894.05, 476.534338104
1894.11, 476.534337502
1894.18, 476.534340233
1894.24, 476.534334902
1894.3, 476.534336437
1894.36, 476.534337280
1894.42, 476.534332888
1894.48, 476.534332045
1894.54, 476.534333851
1894.6, 476.534329757
1894.67, 476.534330188
1894.73, 476.534330455
1894.79, 476.534328230
1894.85, 476.534325875
1894.91, 476.534327120
1894.97, 476.534322580
1895.03, 476.534319996
1895.09, 476.534323223
1895.15, 476.534316408
1895.22, 476.534319637
1895.28, 476.534316546
1895.34, 476.534316493
1895.4, 476.534314490
1895.47, 476.534313675
1895.53, 476.534316289
1895.59, 476.534309436
1895.65, 476.534311034
1895.71, 476.534307145
1895.77, 476.534310311
1895.83, 476.534307037
1895.9, 476.534306013
1895.96, 476.534309192
1896.02, 476.534305947
1896.08, 476.534303191
1896.14, 476.534304058
1896.2, 476.534298419
1896.26, 476.534301013
1896.32, 476.534301576
1896.38, 476.534298474
1896.45, 476.534297520
1896.51, 476.534295596
1896.57, 476.534298754
1896.63, 476.534299752
1896.69, 476.534294730
1896.76, 476.534293886
1896.82, 476.534290587
1896.88, 476.534293196
1896.94, 476.534289021
1897, 476.534290055
1897.06, 476.534287552
1897.13, 476.534286403
1897.19, 476.534285403
1897.25, 476.534286137
1897.31, 476.534281507
1897.38, 476.534280817
1897.44, 476.534279664
1897.5, 476.534282051
1897.56, 476.534275516
1897.62, 476.534276514
1897.68, 476.534276666
1897.74, 476.534275534
1897.81, 476.534276969
1897.87, 476.534274561
1897.93, 476.534273060
1897.99, 476.534272563
1898.06, 476.534269814
1898.12, 476.534272465
1898.18, 476.534270650
1898.24, 476.534269088
1898.31, 476.534266576
1898.37, 476.534264821
1898.44, 476.534263298
1898.5, 476.534263029
1898.57, 476.534265045
1898.63, 476.534259218
1898.7, 476.534258731
1898.76, 476.534258972
1898.82, 476.534259689
1898.88, 476.534256255
1898.94, 476.534251182
1899, 476.534255488
1899.06, 476.534252650
1899.12, 476.534252700
1899.18, 476.534252225
1899.25, 476.534249731
1899.31, 476.534248165
1899.37, 476.534247420
1899.44, 476.534245726
1899.51, 476.534242504
1899.58, 476.534243050
1899.64, 476.534242510
1899.7, 476.534242062
1899.76, 476.534240669
1899.83, 476.534239838
1899.89, 476.534238069
1899.96, 476.534237552
1900.03, 476.534239515
1900.09, 476.534236672
1900.15, 476.534236669
1900.21, 476.534234958
1900.28, 476.534231689
1900.35, 476.534233612
1900.41, 476.534231931
1900.47, 476.534227744
1900.53, 476.534228646
1900.59, 476.534228243
1900.65, 476.534223898
1900.71, 476.534223173
1900.78, 476.534225260
1900.84, 476.534222420
1900.9, 476.534225265
1900.96, 476.534220077
1901.02, 476.534219458
1901.09, 476.534220227
1901.15, 476.534216113
1901.21, 476.534217666
1901.27, 476.534213375
1901.33, 476.534215247
1901.39, 476.534215928
1901.45, 476.534210149
1901.51, 476.534211025
1901.57, 476.534212171
1901.63, 476.534211319
1901.69, 476.534206301
1901.75, 476.534210818
1901.81, 476.534209151
1901.88, 476.534206724
1901.94, 476.534204936
1902, 476.534205811
1902.06, 476.534199473
1902.13, 476.534201552
1902.19, 476.534200015
1902.25, 476.534201617
1902.31, 476.534198576
1902.37, 476.534195981
1902.43, 476.534200190
1902.49, 476.534195108
1902.55, 476.534193334
1902.62, 476.534195254
1902.68, 476.534191723
1902.74, 476.534189864
1902.8, 476.534194038
1902.86, 476.534189247
1902.92, 476.534185709
1902.98, 476.534184230
1903.05, 476.534186018
1903.11, 476.534183990
1903.17, 476.534186385
1903.23, 476.534180953
1903.29, 476.534181401
1903.35, 476.534180251
1903.41, 476.534179294
1903.48, 476.534181076
1903.54, 476.534176613
1903.6, 476.534177639
1903.66, 476.534177448
1903.72, 476.534177306
1903.78, 476.534174981
1903.85, 476.534172197
1903.91, 476.534173521
1903.97, 476.534169475
1904.04, 476.534170700
1904.1, 476.534168178
1904.16, 476.534166757
1904.22, 476.534166657
1904.28, 476.534165276
1904.35, 476.534163942
1904.42, 476.534164560
1904.48, 476.534159577
1904.54, 476.534158410
1904.6, 476.534160346
1904.66, 476.534158711
1904.72, 476.534158968
1904.78, 476.534155815
1904.85, 476.534156835
1904.91, 476.534150769
1904.97, 476.534152825
1905.03, 476.534150890
1905.09, 476.534153107
1905.15, 476.534151649
1905.21, 476.534152890
1905.27, 476.534148816
1905.33, 476.534147160
1905.4, 476.534143797
1905.46, 476.534142593
1905.53, 476.534147034
1905.59, 476.534139202
1905.65, 476.534141896
1905.71, 476.534139591
1905.77, 476.534138078
1905.83, 476.534137230
1905.9, 476.534136406
1905.96, 476.534139012
1906.02, 476.534134586
1906.08, 476.534136226
1906.14, 476.534132787
1906.21, 476.534129753
1906.27, 476.534131573
1906.33, 476.534131095
1906.39, 476.534125828
1906.45, 476.534127922
1906.51, 476.534128437
1906.57, 476.534124673
1906.64, 476.534127974
1906.7, 476.534124351
1906.76, 476.534124131
1906.82, 476.534122534
1906.88, 476.534120755
1906.95, 476.534117553
1907.02, 476.534117220
1907.09, 476.534120382
1907.15, 476.534114869
1907.21, 476.534113014
1907.27, 476.534112304
1907.34, 476.534114217
1907.4, 476.534109279
1907.46, 476.534107926
1907.52, 476.534112674
1907.58, 476.534104974
1907.64, 476.534105399
1907.7, 476.534102397
1907.76, 476.534108229
1907.82, 476.534103898
1907.89, 476.534103559
1907.95, 476.534101265
1908.01, 476.534098659
1908.08, 476.534098911
1908.14, 476.534098452
1908.2, 476.534094280
1908.26, 476.534096719
1908.32, 476.534098465
1908.38, 476.534094202
1908.45, 476.534093473
1908.51, 476.534094214
1908.57, 476.534093361
1908.63, 476.534090495
1908.69, 476.534091791
1908.75, 476.534091354
1908.82, 476.534085820
1908.88, 476.534085147
1908.94, 476.534084006
1909.01, 476.534085732
1909.07, 476.534076593
1909.13, 476.534081892
1909.19, 476.534080948
1909.25, 476.534076565
1909.31, 476.534079835
1909.37, 476.534075283
1909.44, 476.534076070
1909.5, 476.534075874
1909.56, 476.534072733
1909.62, 476.534074066
1909.68, 476.534076307
1909.74, 476.534071532
1909.8, 476.534069554
1909.87, 476.534072014
1909.93, 476.534066501
1909.99, 476.534067639
1910.05, 476.534065451
1910.11, 476.534065705
1910.17, 476.534067467
1910.23, 476.534062423
1910.29, 476.534063762
1910.35, 476.534063056
1910.41, 476.534059995
1910.47, 476.534060086
1910.53, 476.534061192
1910.59, 476.534055890
1910.66, 476.534056785
1910.72, 476.534052784
1910.78, 476.534052603
1910.84, 476.534054246
1910.9, 476.534050506
1910.96, 476.534049311
1911.03, 476.534049758
1911.09, 476.534051158
1911.15, 476.534048103
1911.21, 476.534046236
1911.27, 476.534043895
1911.33, 476.534047642
1911.39, 476.534043888
1911.46, 476.534042782
1911.52, 476.534045290
1911.58, 476.534041069
1911.64, 476.534040239
1911.7, 476.534040583
1911.76, 476.534039186
1911.82, 476.534036571
1911.89, 476.534036559
1911.95, 476.534032819
1912.02, 476.534034200
1912.08, 476.534029175
1912.14, 476.534031082
1912.2, 476.534031844
1912.26, 476.534028406
1912.32, 476.534027416
1912.38, 476.534027752
1912.44, 476.534024924
1912.51, 476.534024381
1912.57, 476.534024932
1912.63, 476.534022702
1912.69, 476.534023998
1912.75, 476.534019803
1912.81, 476.534022231
1912.87, 476.534017732
1912.93, 476.534015997
1913, 476.534016174
1913.06, 476.534013277
1913.12, 476.534017646
1913.18, 476.534011787
1913.24, 476.534012065
1913.3, 476.534009723
1913.36, 476.534010557
1913.42, 476.534008177
1913.48, 476.534009393
1913.54, 476.534003231
1913.6, 476.534002202
1913.67, 476.534001610
1913.73, 476.534002600
1913.79, 476.534004559
1913.85, 476.534001883
1913.91, 476.534000080
1913.98, 476.534001770
1914.04, 476.533998877
1914.1, 476.533998334
1914.16, 476.534000373
1914.22, 476.533996123
1914.28, 476.533998166
1914.34, 476.533993666
1914.4, 476.533990691
1914.47, 476.533992378
1914.53, 476.533991482
1914.59, 476.533990087
1914.65, 476.533989905
1914.72, 476.533985947
1914.78, 476.533984939
1914.85, 476.533984284
1914.92, 476.533985050
1914.98, 476.533984838
1915.04, 476.533981472
1915.1, 476.533981872
1915.16, 476.533980758
1915.23, 476.533980411
1915.29, 476.533980111
1915.35, 476.533974914
1915.42, 476.533977004
1915.48, 476.533970707
1915.54, 476.533968272
1915.6, 476.533976173
1915.66, 476.533970815
1915.73, 476.533972486
1915.79, 476.533969913
1915.85, 476.533968512
1915.91, 476.533968925
1915.97, 476.533961953
1916.03, 476.533966474
1916.09, 476.533963469
1916.15, 476.533965700
1916.21, 476.533965446
1916.27, 476.533959889
1916.34, 476.533962390
1916.4, 476.533958822
1916.46, 476.533961273
1916.52, 476.533957267
1916.58, 476.533954543
1916.64, 476.533956383
1916.7, 476.533951429
1916.77, 476.533951509
1916.83, 476.533953637
1916.89, 476.533950948
1916.95, 476.533951842
1917.01, 476.533945675
1917.07, 476.533947619
1917.13, 476.533948502
1917.19, 476.533947477
1917.25, 476.533948492
1917.31, 476.533945483
1917.37, 476.533942343
1917.43, 476.533942633
1917.49, 476.533941300
1917.56, 476.533940252
1917.62, 476.533938180
1917.68, 476.533937847
1917.75, 476.533937059
1917.82, 476.533934838
1917.89, 476.533934082
1917.96, 476.533934779
1918.02, 476.533930087
1918.08, 476.533933847
1918.14, 476.533930757
1918.2, 476.533930502
1918.26, 476.533928891
1918.33, 476.533926545
1918.4, 476.533925481
1918.46, 476.533924645
1918.53, 476.533923001
1918.6, 476.533924060
1918.66, 476.533920369
1918.73, 476.533921627
1918.79, 476.533918212
1918.85, 476.533921961
1918.91, 476.533918974
1918.97, 476.533914820
1919.03, 476.533913684
1919.1, 476.533918811
1919.16, 476.533912912
1919.22, 476.533911639
1919.28, 476.533911480
1919.35, 476.533912835
1919.41, 476.533906383
1919.47, 476.533908628
1919.53, 476.533905562
1919.59, 476.533903632
1919.65, 476.533903763
1919.71, 476.533904974
1919.77, 476.533900811
1919.83, 476.533898754
1919.9, 476.533899464
1919.96, 476.533896126
1920.02, 476.533894783
1920.08, 476.533896260
1920.14, 476.533895293
1920.2, 476.533896561
1920.26, 476.533893451
1920.32, 476.533892116
1920.39, 476.533893957
1920.45, 476.533895255
1920.51, 476.533888490
1920.57, 476.533889572
1920.63, 476.533888445
1920.69, 476.533888357
1920.75, 476.533887787
1920.82, 476.533885432
1920.88, 476.533882101
1920.95, 476.533885201
1921.01, 476.533881829
1921.07, 476.533879776
1921.14, 476.533883803
1921.2, 476.533880117
1921.26, 476.533879547
1921.32, 476.533875913
1921.39, 476.533875826
1921.45, 476.533874434
1921.52, 476.533873162
1921.59, 476.533872724
1921.66, 476.533871085
1921.73, 476.533871537
1921.79, 476.533868175
1921.85, 476.533869656
1921.91, 476.533866115
1921.98, 476.533865083
1922.04, 476.533866097
1922.1, 476.533864231
1922.16, 476.533862454
1922.22, 476.533860387
1922.29, 476.533861153
1922.35, 476.533858578
1922.41, 476.533860968
1922.47, 476.533855315
1922.53, 476.533852989
1922.59, 476.533857245
1922.65, 476.533852168
1922.72, 476.533851435
1922.78, 476.533854612
1922.84, 476.533847687
1922.9, 476.533850683
1922.96, 476.533849844
1923.02, 476.533851143
1923.08, 476.533847212
1923.14, 476.533848330
1923.2, 476.533845747
1923.27, 476.533842145
1923.33, 476.533844816
1923.39, 476.533843475
1923.45, 476.533842065
1923.51, 476.533842126
1923.57, 476.533838216
1923.63, 476.533837888
1923.7, 476.533836750
1923.76, 476.533835491
1923.83, 476.533835024
1923.9, 476.533830241
1923.97, 476.533836635
1924.03, 476.533831128
1924.09, 476.533830093
1924.15, 476.533830995
1924.21, 476.533828129
1924.27, 476.533825853
1924.33, 476.533827273
1924.39, 476.533826921
1924.46, 476.533824133
1924.52, 476.533827184
1924.58, 476.533821226
1924.64, 476.533822285
1924.7, 476.533821386
1924.76, 476.533819657
1924.83, 476.533817877
1924.89, 476.533819085
1924.95, 476.533814974
1925.01, 476.533813921
1925.07, 476.533815657
1925.13, 476.533812115
1925.2, 476.533814459
1925.26, 476.533811005
1925.32, 476.533811652
1925.38, 476.533806393
1925.44, 476.533804704
1925.5, 476.533806989
1925.56, 476.533804002
1925.62, 476.533803299
1925.69, 476.533805139
1925.75, 476.533800360
1925.81, 476.533801068
1925.87, 476.533802632
1925.93, 476.533799110
1925.99, 476.533798992
1926.05, 476.533800521
1926.11, 476.533797664
1926.17, 476.533793275
1926.24, 476.533797175
1926.3, 476.533791843
1926.36, 476.533787830
1926.42, 476.533788673
1926.48, 476.533787271
1926.54, 476.533787667
1926.6, 476.533788094
1926.66, 476.533786942
1926.72, 476.533784995
1926.79, 476.533782950
1926.85, 476.533782758
1926.92, 476.533785909
1926.98, 476.533782468
1927.04, 476.533781730
1927.1, 476.533783741
1927.16, 476.533780734
1927.22, 476.533776293
1927.29, 476.533777456
1927.35, 476.533772865
1927.41, 476.533771057
1927.47, 476.533776300
1927.53, 476.533771677
1927.59, 476.533766919
1927.66, 476.533770390
1927.72, 476.533766708
1927.78, 476.533767453
1927.84, 476.533766137
1927.9, 476.533767277
1927.96, 476.533763755
1928.02, 476.533764506
1928.08, 476.533763114
1928.14, 476.533761530
1928.21, 476.533761295
1928.27, 476.533759159
1928.34, 476.533757923
1928.4, 476.533756084
1928.47, 476.533755363
1928.55, 476.533757308
1928.61, 476.533751595
1928.67, 476.533753065
