0.0615, 525.861331446
0.123, 525.861915848
0.1845, 525.861666780
0.247537, 525.861409794
0.312151, 525.861146146
0.37838, 525.860877256
0.446264, 525.860603545
0.515846, 525.860322474
0.587167, 525.860037101
0.660271, 525.859739637
0.735203, 525.859436235
0.812008, 525.859128720
0.890733, 525.858814577
0.971427, 525.858489620
1.05414, 525.858158230
1.13892, 525.857822203
1.22581, 525.857472384
1.31488, 525.857118720
1.40618, 525.856754394
1.49976, 525.856383949
1.59568, 525.856056640
1.694, 525.856018487
1.79477, 525.856013488
1.89807, 525.856011607
2.00394, 525.856011679
2.06544, 525.856005646
2.12848, 525.856003763
2.19309, 525.856004206
2.25459, 525.856005030
2.31609, 525.856003139
2.37913, 525.855999800
2.44374, 525.855999132
2.50997, 525.855999252
2.57147, 525.855997154
2.63451, 525.855997244
2.69601, 525.855993084
2.75905, 525.855992517
2.82366, 525.855990550
2.88989, 525.855992909
2.95139, 525.855991111
3.01443, 525.855987119
3.07904, 525.855986600
3.14527, 525.855984465
3.21315, 525.855985420
3.27465, 525.855984009
3.33769, 525.855979029
3.40231, 525.855977486
3.46853, 525.855980072
3.53003, 525.855977811
3.59307, 525.855974860
3.65768, 525.855972887
3.72391, 525.855969653
3.7918, 525.855970840
3.8533, 525.855970257
3.91634, 525.855967675
3.98095, 525.855969061
4.04245, 525.855965563
4.10549, 525.855965855
4.16699, 525.855964430
4.23002, 525.855960134
4.29464, 525.855959855
4.36087, 525.855959511
4.42875, 525.855958646
4.49833, 525.855957952
4.56965, 525.855954918
4.64276, 525.855953038
4.71769, 525.855951623
4.79449, 525.855952728
4.85599, 525.855949988
4.91903, 525.855949583
4.98365, 525.855948006
5.04987, 525.855947801
5.11776, 525.855944505
5.18734, 525.855941733
5.25866, 525.855941177
5.33177, 525.855939237
5.4067, 525.855937295
5.4835, 525.855937287
5.56223, 525.855934295
5.64292, 525.855935713
5.70442, 525.855932026
5.76746, 525.855932468
5.82896, 525.855928903
5.892, 525.855929722
5.9535, 525.855929775
6.015, 525.855925157
6.07803, 525.855926335
6.13953, 525.855925595
6.20257, 525.855925639
6.26407, 525.855921985
6.32711, 525.855920835
6.39172, 525.855916309
6.45795, 525.855914670
6.52584, 525.855918125
6.58734, 525.855912744
6.65037, 525.855910816
6.71499, 525.855913141
6.77649, 525.855909279
6.83952, 525.855908641
6.90414, 525.855906921
6.97037, 525.855906406
7.03825, 525.855903885
7.10783, 525.855900460
7.17915, 525.855905835
7.24065, 525.855900058
7.30369, 525.855900084
7.36519, 525.855897226
7.42823, 525.855895023
7.49284, 525.855895818
7.55434, 525.855898450
7.61584, 525.855892018
7.67888, 525.855889952
7.74349, 525.855894540
7.80499, 525.855886631
7.86803, 525.855886840
7.92953, 525.855887284
7.99103, 525.855882396
8.05407, 525.855883209
8.11557, 525.855882166
8.17861, 525.855882040
8.24322, 525.855882094
8.30472, 525.855879423
8.36776, 525.855878909
8.43237, 525.855877812
8.4986, 525.855873048
8.56648, 525.855875366
8.62798, 525.855876187
8.68948, 525.855871846
8.75252, 525.855869233
8.81713, 525.855867360
8.88336, 525.855863188
8.95125, 525.855864502
9.01275, 525.855865957
9.07425, 525.855861816
9.13728, 525.855863729
9.19878, 525.855860970
9.26182, 525.855857170
9.32644, 525.855855556
9.39266, 525.855853143
9.46055, 525.855854863
9.52205, 525.855853809
9.58509, 525.855851433
9.6497, 525.855853822
9.7112, 525.855850591
9.77424, 525.855849452
9.83885, 525.855847050
9.90508, 525.855843160
9.97296, 525.855843223
10.0345, 525.855842935
10.0975, 525.855842055
10.1621, 525.855841699
10.2283, 525.855842681
10.2898, 525.855838895
10.3529, 525.855837562
10.4175, 525.855835881
10.4837, 525.855832986
10.5516, 525.855830105
10.6212, 525.855832349
10.6827, 525.855827173
10.7457, 525.855825576
10.8103, 525.855827095
10.8718, 525.855823942
10.9349, 525.855823641
10.9995, 525.855821651
11.0657, 525.855822025
11.1272, 525.855818958
11.1903, 525.855818838
11.2549, 525.855816716
11.3211, 525.855814931
11.389, 525.855817112
11.4505, 525.855813572
11.5135, 525.855812323
11.5781, 525.855809266
11.6444, 525.855811089
11.7059, 525.855810276
11.7689, 525.855804729
11.8335, 525.855807124
11.895, 525.855806769
11.9581, 525.855799762
12.0227, 525.855804184
12.0842, 525.855800412
12.1472, 525.855797729
12.2118, 525.855798063
12.2733, 525.855798991
12.3348, 525.855795073
12.3979, 525.855792205
12.4625, 525.855795327
12.524, 525.855792973
12.587, 525.855792929
12.6516, 525.855786227
12.7178, 525.855787749
12.7793, 525.855782903
12.8424, 525.855788064
12.9039, 525.855781756
12.9669, 525.855785201
13.0284, 525.855778758
13.0915, 525.855783498
13.153, 525.855776164
13.216, 525.855776801
13.2775, 525.855777593
13.339, 525.855775862
13.402, 525.855771001
13.4666, 525.855773244
13.5281, 525.855770484
13.5912, 525.855772376
13.6527, 525.855766856
13.7157, 525.855765434
13.7803, 525.855766645
13.8418, 525.855764397
13.9049, 525.855761492
13.9695, 525.855761237
14.0357, 525.855763450
14.0972, 525.855761989
14.1603, 525.855754822
14.2249, 525.855758238
14.2864, 525.855755372
14.3494, 525.855755241
14.414, 525.855753150
14.4802, 525.855753187
14.5417, 525.855750835
14.6048, 525.855750199
14.6694, 525.855747635
14.7356, 525.855746286
14.8035, 525.855746370
14.865, 525.855745892
14.928, 525.855743491
14.9927, 525.855740748
15.0589, 525.855741983
15.1204, 525.855737242
15.1834, 525.855738877
15.2449, 525.855736546
15.308, 525.855735793
15.3726, 525.855734931
15.4388, 525.855731223
15.5067, 525.855733998
15.5682, 525.855728854
15.6312, 525.855730118
15.6927, 525.855728541
15.7558, 525.855725162
15.8204, 525.855723920
15.8866, 525.855719192
15.9545, 525.855721307
16.016, 525.855718415
16.079, 525.855716724
16.1436, 525.855716642
16.2099, 525.855717251
16.2714, 525.855718472
16.3329, 525.855718869
16.3944, 525.855711860
16.4574, 525.855712546
16.5189, 525.855706563
16.5819, 525.855709782
16.6434, 525.855709349
16.7065, 525.855706837
16.7711, 525.855704160
16.8373, 525.855704511
16.8988, 525.855702580
16.9619, 525.855700914
17.0265, 525.855697171
17.0927, 525.855700434
17.1542, 525.855696969
17.2172, 525.855694042
17.2819, 525.855694187
17.3434, 525.855690697
17.4064, 525.855692424
17.4679, 525.855692097
17.5309, 525.855690850
17.5955, 525.855690183
17.6618, 525.855689442
17.7297, 525.855684952
17.7992, 525.855680915
17.8706, 525.855685918
17.9321, 525.855683243
17.9951, 525.855678706
18.0597, 525.855680146
18.1212, 525.855675575
18.1843, 525.855676770
18.2458, 525.855676136
18.3088, 525.855671691
18.3734, 525.855674411
18.4349, 525.855671923
18.4979, 525.855665144
18.5626, 525.855667084
18.6241, 525.855663766
18.6871, 525.855664126
18.7486, 525.855664164
18.8101, 525.855665002
18.8716, 525.855657885
18.9346, 525.855661591
18.9961, 525.855657547
19.0592, 525.855657825
19.1207, 525.855654187
19.1837, 525.855657550
19.2452, 525.855654455
19.3082, 525.855654699
19.3697, 525.855649751
19.4328, 525.855651011
19.4943, 525.855647987
19.5573, 525.855648866
19.6188, 525.855646019
19.6819, 525.855647258
19.7434, 525.855644089
19.8064, 525.855641857
19.871, 525.855641108
19.9372, 525.855639771
20.0051, 525.855639568
20.0747, 525.855635880
20.146, 525.855634850
20.2191, 525.855633476
20.2941, 525.855631602
20.3709, 525.855633172
20.4324, 525.855630244
20.4954, 525.855630260
20.5569, 525.855627753
20.6199, 525.855624463
20.6846, 525.855624363
20.7508, 525.855623052
20.8187, 525.855626186
20.8802, 525.855620211
20.9432, 525.855622819
21.0047, 525.855617087
21.0677, 525.855617136
21.1292, 525.855614168
21.1923, 525.855616514
21.2538, 525.855610746
21.3168, 525.855613361
21.3783, 525.855609548
21.4414, 525.855610930
21.5029, 525.855607377
21.5659, 525.855609282
21.6274, 525.855605979
21.6904, 525.855605279
21.755, 525.855601537
21.8213, 525.855601122
21.8892, 525.855598135
21.9587, 525.855598651
22.0202, 525.855597889
22.0833, 525.855599932
22.1448, 525.855595233
22.2078, 525.855592213
22.2724, 525.855593564
22.3339, 525.855588872
22.397, 525.855588308
22.4616, 525.855587289
22.5278, 525.855586959
22.5957, 525.855585020
22.6653, 525.855583692
22.7366, 525.855583511
22.8097, 525.855580345
22.8846, 525.855579621
22.9614, 525.855578590
23.0402, 525.855576964
23.1208, 525.855572915
23.2036, 525.855578114
23.2651, 525.855573590
23.3281, 525.855572028
23.3927, 525.855570473
23.4589, 525.855571554
23.5204, 525.855567282
23.5835, 525.855569375
23.645, 525.855564191
23.708, 525.855561648
23.7726, 525.855562706
23.8341, 525.855561617
23.8972, 525.855557234
23.9618, 525.855560095
24.0233, 525.855555687
24.0863, 525.855555487
24.1509, 525.855553505
24.2172, 525.855553961
24.2787, 525.855552794
24.3417, 525.855551578
24.4063, 525.855549707
24.4725, 525.855548196
24.5404, 525.855546113
24.61, 525.855540920
24.6813, 525.855542535
24.7428, 525.855541102
24.8059, 525.855542263
24.8674, 525.855538486
24.9304, 525.855536475
24.995, 525.855538779
25.0565, 525.855535259
25.1196, 525.855533866
25.1842, 525.855531999
25.2504, 525.855529927
25.3183, 525.855531321
25.3798, 525.855529341
25.4428, 525.855528760
25.5074, 525.855524939
25.5737, 525.855522633
25.6415, 525.855525237
25.703, 525.855521572
25.7661, 525.855520465
25.8307, 525.855519643
25.8969, 525.855518042
25.9648, 525.855515619
26.0344, 525.855514489
26.1057, 525.855516351
26.1672, 525.855510578
26.2302, 525.855509790
26.2949, 525.855510794
26.3564, 525.855506406
26.4194, 525.855511522
26.4809, 525.855504438
26.5439, 525.855500823
26.6085, 525.855503711
26.67, 525.855503139
26.7331, 525.855502138
26.7977, 525.855495978
26.8639, 525.855499836
26.9254, 525.855497447
26.9885, 525.855495514
27.0531, 525.855495460
27.1193, 525.855496396
27.1808, 525.855491238
27.2438, 525.855490981
27.3085, 525.855493780
27.37, 525.855489294
27.433, 525.855486260
27.4976, 525.855483225
27.5638, 525.855483559
27.6253, 525.855484608
27.6868, 525.855483542
27.7499, 525.855480000
27.8145, 525.855479854
27.8807, 525.855476577
27.9486, 525.855472222
28.0182, 525.855475382
28.0797, 525.855471561
28.1427, 525.855473569
28.2042, 525.855472301
28.2673, 525.855470346
28.3319, 525.855469904
28.3981, 525.855465995
28.466, 525.855467292
28.5275, 525.855465610
28.5905, 525.855465029
28.6551, 525.855464101
28.7214, 525.855457491
28.7893, 525.855456370
28.8588, 525.855456833
28.9203, 525.855455264
28.9834, 525.855454468
29.048, 525.855453578
29.1142, 525.855453891
29.1757, 525.855453424
29.2387, 525.855451553
29.3034, 525.855449449
29.3696, 525.855445973
29.4375, 525.855443892
29.5071, 525.855441784
29.5784, 525.855443128
29.6399, 525.855442008
29.7029, 525.855438886
29.7675, 525.855442343
29.829, 525.855434687
29.8921, 525.855437470
29.9536, 525.855435940
30.0166, 525.855438025
30.0781, 525.855434038
30.1411, 525.855433556
30.2058, 525.855429148
30.272, 525.855428060
30.3399, 525.855426292
30.4095, 525.855428026
30.471, 525.855421281
30.534, 525.855425063
30.5955, 525.855423422
30.6585, 525.855424801
30.72, 525.855417457
30.7831, 525.855419388
30.8446, 525.855418520
30.9076, 525.855415147
30.9722, 525.855414852
31.0384, 525.855416409
31.0999, 525.855409348
31.163, 525.855413830
31.2245, 525.855409056
31.2875, 525.855410799
31.349, 525.855405642
31.4121, 525.855405483
31.4767, 525.855401304
31.5429, 525.855405427
31.6044, 525.855401637
31.6674, 525.855405431
31.7289, 525.855402434
31.792, 525.855397353
31.8566, 525.855397507
31.9181, 525.855397220
31.9811, 525.855396013
32.0457, 525.855393418
32.112, 525.855394522
32.1735, 525.855390936
32.2365, 525.855391006
32.298, 525.855388572
32.361, 525.855385856
32.4257, 525.855385866
32.4872, 525.855381846
32.5502, 525.855382917
32.6117, 525.855379295
32.6747, 525.855379903
32.7362, 525.855378476
32.7993, 525.855378119
32.8639, 525.855374471
32.9301, 525.855376786
32.9916, 525.855373501
33.0546, 525.855370460
33.1193, 525.855372423
33.1808, 525.855369859
33.2438, 525.855368789
33.3084, 525.855369673
33.3699, 525.855367269
33.4329, 525.855365319
33.4976, 525.855362400
33.5638, 525.855362169
33.6317, 525.855361034
33.7013, 525.855360451
33.7726, 525.855361003
33.8341, 525.855357740
33.8971, 525.855358691
33.9586, 525.855354696
34.0217, 525.855350394
34.0863, 525.855353887
34.1478, 525.855349811
34.2108, 525.855346253
34.2754, 525.855345063
34.3416, 525.855346562
34.4031, 525.855346860
34.4646, 525.855344700
34.5277, 525.855344369
34.5923, 525.855342651
34.6585, 525.855339250
34.7264, 525.855340174
34.7879, 525.855337965
34.8509, 525.855336933
34.9156, 525.855334792
34.9818, 525.855332627
35.0497, 525.855333935
35.1112, 525.855335275
35.1727, 525.855331693
35.2357, 525.855329579
35.3003, 525.855327266
35.3666, 525.855327112
35.4344, 525.855323462
35.504, 525.855324623
35.5655, 525.855319398
35.6286, 525.855322479
35.6901, 525.855320100
35.7531, 525.855317069
35.8177, 525.855320027
35.8792, 525.855313685
35.9422, 525.855312959
36.0069, 525.855314093
36.0684, 525.855309270
36.1314, 525.855309424
36.1929, 525.855309280
36.2559, 525.855309404
36.3174, 525.855307191
36.3805, 525.855306399
36.4451, 525.855301726
36.5113, 525.855304116
36.5728, 525.855301141
36.6359, 525.855301683
36.6974, 525.855298578
36.7604, 525.855296319
36.825, 525.855295560
36.8912, 525.855297707
36.9527, 525.855292687
37.0158, 525.855293400
37.0773, 525.855289674
37.1403, 525.855289271
37.2049, 525.855288275
37.2711, 525.855288886
37.3326, 525.855288900
37.3941, 525.855284938
37.4572, 525.855282807
37.5218, 525.855283003
37.5833, 525.855282479
37.6463, 525.855278072
37.711, 525.855277863
37.7772, 525.855283601
37.8387, 525.855277977
37.9017, 525.855276632
37.9663, 525.855271980
38.0326, 525.855272579
38.0941, 525.855269551
38.1571, 525.855270476
38.2186, 525.855267589
38.2816, 525.855267547
38.3462, 525.855264671
38.4125, 525.855264472
38.4804, 525.855259793
38.5499, 525.855260701
38.6114, 525.855261297
38.6729, 525.855261214
38.736, 525.855258505
38.8006, 525.855259024
38.8621, 525.855255710
38.9251, 525.855253562
38.9897, 525.855248370
39.056, 525.855249999
39.1175, 525.855249001
39.1805, 525.855245306
39.2451, 525.855246999
39.3066, 525.855248053
39.3681, 525.855244530
39.4312, 525.855245088
39.4927, 525.855241436
39.5557, 525.855241835
39.6172, 525.855239514
39.6802, 525.855238353
39.7449, 525.855238751
39.8064, 525.855238763
39.8679, 525.855236186
39.9309, 525.855231402
39.9955, 525.855231011
40.0617, 525.855228684
40.1296, 525.855227494
40.1992, 525.855228021
40.2607, 525.855229161
40.3222, 525.855227393
40.3852, 525.855227573
40.4467, 525.855222327
40.5098, 525.855218108
40.5744, 525.855222293
40.6359, 525.855219082
40.6989, 525.855218809
40.7635, 525.855218109
40.8298, 525.855216426
40.8976, 525.855214282
40.9672, 525.855218468
41.0287, 525.855213692
41.0918, 525.855209955
41.1564, 525.855208917
41.2226, 525.855211495
41.2841, 525.855206995
41.3471, 525.855205660
41.4118, 525.855201050
41.478, 525.855205420
41.5395, 525.855199331
41.6025, 525.855195863
41.6671, 525.855198630
41.7286, 525.855195735
41.7917, 525.855194984
41.8563, 525.855194660
41.9225, 525.855192423
41.9904, 525.855192778
42.0519, 525.855189390
42.1149, 525.855188174
42.1796, 525.855185941
42.2458, 525.855185800
42.3137, 525.855187001
42.3752, 525.855183926
42.4382, 525.855183489
42.5028, 525.855179858
42.569, 525.855182129
42.6305, 525.855179078
42.6936, 525.855178013
42.7582, 525.855174227
42.8244, 525.855176842
42.8859, 525.855172028
42.949, 525.855170814
43.0136, 525.855170715
43.0798, 525.855171894
43.1413, 525.855167633
43.2043, 525.855165648
43.269, 525.855166841
43.3305, 525.855166605
43.3935, 525.855163904
43.4581, 525.855162567
43.5243, 525.855160235
43.5922, 525.855156917
43.6618, 525.855158369
43.7233, 525.855158027
43.7863, 525.855155056
43.851, 525.855154887
43.9172, 525.855152643
43.9851, 525.855149104
44.0547, 525.855151434
44.1162, 525.855146442
44.1792, 525.855146752
44.2407, 525.855146774
44.3022, 525.855145286
44.3652, 525.855145300
44.4267, 525.855144748
44.4898, 525.855142736
44.5544, 525.855138282
44.6206, 525.855137852
44.6885, 525.855136380
44.7581, 525.855137617
44.8196, 525.855132328
44.8826, 525.855133259
44.9441, 525.855133637
45.0056, 525.855131546
45.0686, 525.855129214
45.1333, 525.855126907
45.1995, 525.855127398
45.261, 525.855125189
45.324, 525.855125288
45.3855, 525.855122018
45.4486, 525.855122201
45.5101, 525.855122213
45.5716, 525.855116236
45.6346, 525.855119809
45.6961, 525.855117378
45.7591, 525.855114742
45.8238, 525.855116709
45.8853, 525.855110924
45.9483, 525.855106836
46.0129, 525.855105730
46.0791, 525.855109054
46.1406, 525.855104946
46.2037, 525.855102693
46.2683, 525.855106101
46.3298, 525.855103489
46.3928, 525.855100537
46.4574, 525.855102086
46.5189, 525.855098435
46.582, 525.855098976
46.6435, 525.855096884
46.7065, 525.855096911
46.768, 525.855095800
46.831, 525.855092022
46.8957, 525.855093612
46.9572, 525.855090473
47.0202, 525.855090549
47.0817, 525.855087226
47.1447, 525.855086148
47.2093, 525.855083254
47.2756, 525.855083355
47.3371, 525.855082141
47.4001, 525.855081907
47.4647, 525.855079543
47.531, 525.855081568
47.5925, 525.855075288
47.6555, 525.855076735
47.717, 525.855074392
47.78, 525.855074493
47.8415, 525.855068786
47.9046, 525.855072023
47.9661, 525.855070952
48.0291, 525.855069031
48.0937, 525.855068030
48.1599, 525.855065769
48.2278, 525.855066456
48.2893, 525.855065283
48.3524, 525.855063076
48.417, 525.855062870
48.4832, 525.855062053
48.5511, 525.855062172
48.6126, 525.855057236
48.6756, 525.855054715
48.7402, 525.855051536
48.8065, 525.855057928
48.868, 525.855052576
48.931, 525.855053259
48.9925, 525.855048651
49.0556, 525.855049807
49.1171, 525.855049725
49.1801, 525.855048446
49.2447, 525.855044365
49.3109, 525.855045457
49.3724, 525.855042103
49.4355, 525.855037439
49.5001, 525.855039086
49.5616, 525.855036845
49.6246, 525.855036944
49.6861, 525.855036294
49.7492, 525.855036114
49.8138, 525.855034271
49.88, 525.855032561
49.9479, 525.855030544
50.0175, 525.855030284
50.0888, 525.855029807
50.1619, 525.855026949
50.2368, 525.855025154
50.3136, 525.855022452
50.3924, 525.855021607
50.473, 525.855018549
50.5558, 525.855020261
50.6173, 525.855014474
50.6803, 525.855014366
50.7449, 525.855013089
50.8111, 525.855017539
50.8726, 525.855010816
50.9357, 525.855012010
50.9972, 525.855005201
51.0602, 525.855007350
51.1217, 525.855000502
51.1847, 525.855003489
51.2462, 525.855004495
51.3077, 525.855005286
51.3692, 525.855002440
51.4323, 525.855000836
51.4969, 525.854998076
51.5631, 525.854997817
51.631, 525.854997532
51.7006, 525.854995766
51.7719, 525.854993873
51.845, 525.854993240
51.92, 525.854991593
51.9968, 525.854993424
52.0583, 525.854986337
52.1213, 525.854987671
52.1828, 525.854988628
52.2443, 525.854986743
52.3073, 525.854984061
52.3719, 525.854981138
52.4382, 525.854982646
52.4997, 525.854978912
52.5627, 525.854979672
52.6242, 525.854978325
52.6873, 525.854977169
52.7519, 525.854975068
52.8181, 525.854974020
52.886, 525.854973044
52.9556, 525.854969703
53.0269, 525.854971486
53.0884, 525.854968596
53.1514, 525.854964919
53.216, 525.854963434
53.2823, 525.854962859
53.3501, 525.854960819
53.4197, 525.854963283
53.4812, 525.854959854
53.5443, 525.854957603
53.6089, 525.854956666
53.6751, 525.854956618
53.743, 525.854957672
53.8045, 525.854952134
53.8675, 525.854952458
53.929, 525.854951229
53.9921, 525.854949853
54.0567, 525.854946929
54.1229, 525.854950930
54.1844, 525.854943857
54.2474, 525.854943594
54.3121, 525.854941047
54.3783, 525.854942832
54.4398, 525.854943127
54.5013, 525.854936869
54.5643, 525.854937446
54.6258, 525.854937351
54.6889, 525.854936303
54.7535, 525.854935440
54.8197, 525.854935331
54.8876, 525.854933045
54.9572, 525.854929130
55.0285, 525.854928850
55.1016, 525.854923896
55.1765, 525.854923981
55.238, 525.854924267
55.2995, 525.854924435
55.361, 525.854922845
55.4241, 525.854920065
55.4887, 525.854917031
55.5549, 525.854917103
55.6164, 525.854915991
55.6794, 525.854914154
55.7441, 525.854911925
55.8103, 525.854914370
55.8718, 525.854909971
55.9348, 525.854910754
55.9963, 525.854909272
56.0594, 525.854907891
56.124, 525.854904808
56.1902, 525.854907573
56.2517, 525.854905468
56.3147, 525.854899490
56.3794, 525.854901765
56.4409, 525.854901656
56.5039, 525.854896938
56.5685, 525.854895515
56.6347, 525.854895698
56.6962, 525.854894492
56.7593, 525.854896084
56.8208, 525.854891851
56.8838, 525.854891026
56.9484, 525.854891688
57.0099, 525.854890013
57.073, 525.854888552
57.1376, 525.854885584
57.2038, 525.854887792
57.2653, 525.854879201
57.3283, 525.854880750
57.3898, 525.854881999
57.4513, 525.854882726
57.5128, 525.854880992
57.5759, 525.854878392
57.6405, 525.854875899
57.7067, 525.854875823
57.7746, 525.854875804
57.8442, 525.854873262
57.9155, 525.854871124
57.9886, 525.854872776
58.0501, 525.854868130
58.1131, 525.854870300
58.1746, 525.854865057
58.2377, 525.854865967
58.2992, 525.854862726
58.3622, 525.854862649
58.4268, 525.854860156
58.4931, 525.854863054
58.5546, 525.854856238
58.6176, 525.854856880
58.6791, 525.854854256
58.7421, 525.854857645
58.8036, 525.854851099
58.8667, 525.854856198
58.9282, 525.854852635
58.9912, 525.854853949
59.0527, 525.854847913
59.1158, 525.854851980
59.1773, 525.854843784
59.2403, 525.854845519
59.3018, 525.854845236
59.3648, 525.854844385
59.4294, 525.854839407
59.4957, 525.854841051
59.5572, 525.854839768
59.6202, 525.854836375
59.6848, 525.854832349
59.7511, 525.854834840
59.8126, 525.854832404
59.8756, 525.854832026
59.9402, 525.854831049
60.0064, 525.854829954
60.0743, 525.854830204
60.1358, 525.854824023
60.1989, 525.854827472
60.2604, 525.854826079
60.3234, 525.854823484
60.388, 525.854821308
60.4542, 525.854820600
60.5221, 525.854818524
60.5917, 525.854817551
60.663, 525.854813834
60.7361, 525.854816950
60.7976, 525.854815436
60.8607, 525.854812178
60.9253, 525.854812486
60.9868, 525.854808755
61.0498, 525.854806056
61.1144, 525.854804429
61.1807, 525.854806446
61.2422, 525.854802857
61.3052, 525.854802445
61.3698, 525.854803871
61.4313, 525.854799896
61.4943, 525.854797942
61.559, 525.854796792
61.6252, 525.854797369
61.6867, 525.854794185
61.7497, 525.854792542
61.8143, 525.854789727
61.8806, 525.854792037
61.9421, 525.854791900
62.0051, 525.854788388
62.0697, 525.854784108
62.1359, 525.854786612
62.1974, 525.854785411
62.2605, 525.854784843
62.3251, 525.854782215
62.3913, 525.854783304
62.4528, 525.854780023
62.5159, 525.854778988
62.5805, 525.854777183
62.6467, 525.854778694
62.7082, 525.854774959
62.7712, 525.854775491
62.8327, 525.854772550
62.8958, 525.854770824
62.9604, 525.854772134
63.0219, 525.854768387
63.0849, 525.854767619
63.1495, 525.854765376
63.2158, 525.854762928
63.2837, 525.854764743
63.3452, 525.854761557
63.4082, 525.854760393
63.4728, 525.854761949
63.5343, 525.854759215
63.5973, 525.854756073
63.662, 525.854754259
63.7282, 525.854756981
63.7897, 525.854753473
63.8527, 525.854753186
63.9173, 525.854748749
63.9836, 525.854752971
64.0451, 525.854746029
64.1081, 525.854746845
64.1696, 525.854746190
64.2326, 525.854746450
64.2941, 525.854744138
64.3572, 525.854743569
64.4218, 525.854737523
64.488, 525.854740670
64.5495, 525.854737925
64.6126, 525.854736385
64.6772, 525.854735796
64.7434, 525.854736787
64.8049, 525.854734856
64.8679, 525.854729113
64.9326, 525.854731688
64.9941, 525.854732610
65.0556, 525.854725041
65.1186, 525.854728400
65.1801, 525.854726913
65.2431, 525.854726331
65.3077, 525.854722177
65.374, 525.854721834
65.4419, 525.854720904
65.5114, 525.854720874
65.5828, 525.854718788
65.6559, 525.854717038
65.7308, 525.854717235
65.7923, 525.854713231
65.8553, 525.854714190
65.9168, 525.854712180
65.9799, 525.854710638
66.0445, 525.854710322
66.1107, 525.854711392
66.1722, 525.854705248
66.2352, 525.854702003
66.2999, 525.854699504
66.3661, 525.854699392
66.434, 525.854697650
66.5036, 525.854699141
66.5651, 525.854694723
66.6281, 525.854700247
66.6896, 525.854693852
66.7526, 525.854693275
66.8172, 525.854691736
66.8835, 525.854688600
66.9514, 525.854688429
67.0209, 525.854690414
67.0824, 525.854687037
67.1455, 525.854685341
67.2101, 525.854685851
67.2716, 525.854684742
67.3346, 525.854682438
67.3992, 525.854679100
67.4655, 525.854676137
67.5334, 525.854676289
67.5949, 525.854676349
67.6564, 525.854676208
67.7194, 525.854677613
67.7809, 525.854675211
67.8439, 525.854671849
67.9085, 525.854671567
67.9748, 525.854670830
68.0427, 525.854669738
68.1122, 525.854669801
68.1737, 525.854667405
68.2368, 525.854666169
68.3014, 525.854663349
68.3676, 525.854659162
68.4355, 525.854657347
68.5051, 525.854660735
68.5666, 525.854656514
68.6296, 525.854657055
68.6911, 525.854656235
68.7542, 525.854655652
68.8188, 525.854652195
68.885, 525.854649312
68.9529, 525.854648601
69.0225, 525.854650477
69.084, 525.854646504
69.147, 525.854646375
69.2116, 525.854645728
69.2778, 525.854646570
69.3393, 525.854638469
69.4024, 525.854639388
69.4639, 525.854640235
69.5254, 525.854640070
69.5884, 525.854636731
69.653, 525.854636310
69.7193, 525.854635949
69.7871, 525.854632664
69.8567, 525.854630526
69.928, 525.854629689
70.0012, 525.854626003
70.0761, 525.854629793
70.1376, 525.854627515
70.2006, 525.854623720
70.2652, 525.854623749
70.3267, 525.854624526
70.3882, 525.854619886
70.4513, 525.854619535
70.5159, 525.854620570
70.5774, 525.854621602
70.6389, 525.854617394
70.7019, 525.854613608
70.7665, 525.854609953
70.8328, 525.854613696
70.8943, 525.854613654
70.9573, 525.854612617
71.0219, 525.854610141
71.0881, 525.854607846
71.156, 525.854609350
71.2175, 525.854604299
71.2806, 525.854602029
71.3452, 525.854600147
71.4114, 525.854603770
71.4729, 525.854597637
71.5359, 525.854596366
71.6006, 525.854597365
71.6621, 525.854598899
71.7236, 525.854596678
71.7866, 525.854590298
71.8512, 525.854592551
71.9127, 525.854590426
71.9758, 525.854590403
72.0404, 525.854588512
72.1066, 525.854588000
72.1745, 525.854589543
72.236, 525.854582621
72.299, 525.854583227
72.3605, 525.854583582
72.422, 525.854582801
72.4851, 525.854577921
72.5497, 525.854579666
72.6112, 525.854574846
72.6742, 525.854576948
72.7357, 525.854573988
72.7987, 525.854571211
72.8634, 525.854577945
72.9249, 525.854570118
72.9879, 525.854567406
73.0525, 525.854571272
73.114, 525.854569594
73.177, 525.854566283
73.2417, 525.854564015
73.3079, 525.854564499
73.3694, 525.854561557
73.4324, 525.854561311
73.497, 525.854560379
73.5633, 525.854558107
73.6311, 525.854558459
73.6926, 525.854556477
73.7557, 525.854559904
73.8172, 525.854554073
73.8802, 525.854553221
73.9448, 525.854552301
74.0111, 525.854549928
74.079, 525.854547429
74.1485, 525.854549816
74.21, 525.854550311
74.2715, 525.854545203
74.3346, 525.854545014
74.3992, 525.854540412
74.4654, 525.854540185
74.5333, 525.854540219
74.5948, 525.854541226
74.6563, 525.854535947
74.7193, 525.854538697
74.7808, 525.854535535
74.8439, 525.854533063
74.9085, 525.854530235
74.9747, 525.854534715
75.0362, 525.854532292
75.0993, 525.854530104
75.1639, 525.854524632
75.2301, 525.854526623
75.2916, 525.854522333
75.3546, 525.854522712
75.4161, 525.854519432
75.4792, 525.854519912
75.5407, 525.854515860
75.6037, 525.854518395
75.6652, 525.854513015
75.7282, 525.854512744
75.7929, 525.854516033
75.8544, 525.854512953
75.9174, 525.854512573
75.982, 525.854511092
76.0482, 525.854511730
76.1097, 525.854508217
76.1728, 525.854507038
76.2374, 525.854506094
76.3036, 525.854506619
76.3651, 525.854502447
76.4282, 525.854503235
76.4897, 525.854499281
76.5527, 525.854497619
76.6173, 525.854496765
76.6835, 525.854496486
76.7514, 525.854497377
76.8129, 525.854492748
76.876, 525.854493839
76.9375, 525.854492398
77.0005, 525.854491032
77.0651, 525.854492173
77.1266, 525.854486767
77.1896, 525.854484773
77.2543, 525.854485882
77.3158, 525.854486284
77.3773, 525.854480611
77.4403, 525.854483035
77.5018, 525.854483872
77.5633, 525.854474362
77.6263, 525.854478057
77.6878, 525.854474365
77.7509, 525.854473543
77.8155, 525.854475447
77.877, 525.854473715
77.94, 525.854470954
78.0046, 525.854466152
78.0709, 525.854471317
78.1324, 525.854468849
78.1954, 525.854466929
78.26, 525.854466779
78.3262, 525.854463604
78.3941, 525.854461794
78.4637, 525.854462627
78.5252, 525.854460975
78.5882, 525.854456702
78.6529, 525.854457508
78.7144, 525.854453797
78.7774, 525.854452379
78.842, 525.854452740
78.9035, 525.854454781
78.965, 525.854451433
79.028, 525.854453331
79.0895, 525.854447842
79.1526, 525.854448065
79.2141, 525.854447871
79.2771, 525.854444294
79.3417, 525.854447183
79.4032, 525.854444527
79.4663, 525.854439217
79.5309, 525.854437651
79.5971, 525.854440225
79.6586, 525.854436323
79.7217, 525.854438285
79.7832, 525.854433396
79.8462, 525.854431875
79.9108, 525.854433096
79.9723, 525.854430177
80.0353, 525.854429744
80.1, 525.854428768
80.1662, 525.854426410
80.2341, 525.854428942
80.2956, 525.854425363
80.3586, 525.854422701
80.4232, 525.854420983
80.4894, 525.854425582
80.5509, 525.854421815
80.614, 525.854420177
80.6786, 525.854416998
80.7448, 525.854418670
80.8063, 525.854417942
80.8694, 525.854412935
80.934, 525.854413859
80.9955, 525.854412182
81.0585, 525.854409081
81.1231, 525.854408910
81.1894, 525.854407082
81.2572, 525.854406592
81.3268, 525.854403444
81.3981, 525.854402722
81.4713, 525.854400005
81.5462, 525.854398067
81.623, 525.854396767
81.7017, 525.854401212
81.7632, 525.854393314
81.8263, 525.854395013
81.8878, 525.854391498
81.9508, 525.854390546
82.0154, 525.854389032
82.0816, 525.854388989
82.1495, 525.854388642
82.2191, 525.854385337
82.2904, 525.854384407
82.3635, 525.854381752
82.4385, 525.854381816
82.5, 525.854379561
82.563, 525.854378937
82.6276, 525.854374182
82.6938, 525.854378306
82.7553, 525.854376816
82.8184, 525.854374464
82.883, 525.854372676
82.9492, 525.854372957
83.0107, 525.854371302
83.0737, 525.854372799
83.1352, 525.854369217
83.1983, 525.854366604
83.2629, 525.854368088
83.3244, 525.854366220
83.3874, 525.854363643
83.4521, 525.854365053
83.5136, 525.854359197
83.5766, 525.854361532
83.6381, 525.854356872
83.7011, 525.854360709
83.7626, 525.854357258
83.8257, 525.854354438
83.8903, 525.854356199
83.9518, 525.854353419
84.0148, 525.854350419
84.0794, 525.854350563
84.1409, 525.854346651
84.204, 525.854349281
84.2655, 525.854348132
84.3285, 525.854343732
84.3931, 525.854346078
84.4546, 525.854342917
84.5177, 525.854342619
84.5823, 525.854339062
84.6485, 525.854340075
84.71, 525.854337817
84.773, 525.854336122
84.8376, 525.854333848
84.9039, 525.854334878
84.9654, 525.854332837
85.0284, 525.854334263
85.0899, 525.854331045
85.153, 525.854326526
85.2176, 525.854329797
85.2791, 525.854323955
85.3421, 525.854325901
85.4036, 525.854322831
85.4666, 525.854323396
85.5281, 525.854319355
85.5912, 525.854321444
85.6527, 525.854317185
85.7157, 525.854320594
85.7772, 525.854314950
85.8403, 525.854314314
85.9049, 525.854311833
85.9711, 525.854315699
86.0326, 525.854312422
86.0956, 525.854308374
86.1602, 525.854308616
86.2217, 525.854307136
86.2848, 525.854305169
86.3494, 525.854306020
86.4109, 525.854304592
86.4739, 525.854303864
86.5385, 525.854303109
86.6048, 525.854300406
86.6727, 525.854298246
86.7422, 525.854297440
86.8136, 525.854298195
86.8751, 525.854294938
86.9381, 525.854292498
87.0027, 525.854290221
87.0689, 525.854289144
87.1368, 525.854289988
87.1983, 525.854287452
87.2614, 525.854285077
87.326, 525.854284800
87.3922, 525.854286624
87.4537, 525.854283610
87.5167, 525.854284213
87.5782, 525.854282413
87.6413, 525.854277871
87.7059, 525.854279064
87.7674, 525.854276826
87.8304, 525.854276088
87.895, 525.854277883
87.9565, 525.854275940
88.0196, 525.854272221
88.0842, 525.854272212
88.1504, 525.854273647
88.2119, 525.854267823
88.275, 525.854268163
88.3365, 525.854266906
88.3995, 525.854266348
88.4641, 525.854266027
88.5303, 525.854263004
88.5982, 525.854263199
88.6597, 525.854260334
88.7228, 525.854255392
88.7874, 525.854254860
88.8536, 525.854257870
88.9151, 525.854255717
88.9781, 525.854252381
89.0428, 525.854249994
89.109, 525.854254302
89.1705, 525.854253001
89.2335, 525.854248297
89.2981, 525.854244348
89.3644, 525.854245714
89.4259, 525.854243288
89.4889, 525.854246311
89.5504, 525.854242181
89.6134, 525.854238960
89.6781, 525.854237086
89.7443, 525.854238881
89.8058, 525.854236704
89.8688, 525.854238008
89.9303, 525.854235558
89.9934, 525.854232962
90.058, 525.854232872
90.1242, 525.854231585
90.1921, 525.854228727
90.2617, 525.854229315
90.3232, 525.854226035
90.3862, 525.854224496
90.4508, 525.854225084
90.5123, 525.854221398
90.5754, 525.854222937
90.6369, 525.854220009
90.6999, 525.854222300
90.7614, 525.854219115
90.8244, 525.854218417
90.889, 525.854214868
90.9553, 525.854216042
91.0168, 525.854211248
91.0798, 525.854208858
91.1444, 525.854209296
91.2059, 525.854209644
91.2674, 525.854207994
91.3305, 525.854207986
91.3951, 525.854206251
91.4613, 525.854202253
91.5292, 525.854203128
91.5907, 525.854201987
91.6537, 525.854200832
91.7183, 525.854200838
91.7798, 525.854200900
91.8413, 525.854198976
91.9044, 525.854195748
91.969, 525.854193639
92.0352, 525.854194530
92.0967, 525.854191616
92.1598, 525.854192279
92.2213, 525.854188466
92.2843, 525.854188666
92.3458, 525.854188841
92.4073, 525.854186853
92.4703, 525.854186525
92.5349, 525.854183839
92.6012, 525.854183235
92.6691, 525.854182627
92.7386, 525.854180966
92.81, 525.854176990
92.8831, 525.854176669
92.958, 525.854174313
93.0348, 525.854173706
93.1135, 525.854172033
93.1942, 525.854170698
93.2769, 525.854171979
93.3384, 525.854169661
93.4015, 525.854165911
93.4661, 525.854164810
93.5323, 525.854162291
93.6002, 525.854158957
93.6698, 525.854161102
93.7313, 525.854158205
93.7943, 525.854159898
93.8558, 525.854160896
93.9173, 525.854156054
93.9804, 525.854156487
94.0419, 525.854152327
94.1049, 525.854154005
94.1664, 525.854152269
94.2294, 525.854147998
94.294, 525.854148352
94.3555, 525.854148712
94.417, 525.854147751
94.4801, 525.854145507
94.5447, 525.854144382
94.6109, 525.854144305
94.6788, 525.854142845
94.7484, 525.854142368
94.8197, 525.854138142
94.8928, 525.854135918
94.9677, 525.854135561
95.0445, 525.854137577
95.106, 525.854132839
95.1691, 525.854131451
95.2337, 525.854132963
95.2952, 525.854127142
95.3582, 525.854127396
95.4197, 525.854126166
95.4828, 525.854125039
95.5474, 525.854124169
95.6136, 525.854127729
95.6751, 525.854122075
95.7382, 525.854123487
95.7997, 525.854120266
95.8627, 525.854118246
95.9273, 525.854114828
95.9935, 525.854115352
96.055, 525.854114382
96.1181, 525.854110418
96.1827, 525.854110752
96.2442, 525.854110996
96.3057, 525.854107620
96.3687, 525.854106634
96.4333, 525.854106410
96.4996, 525.854106351
96.5674, 525.854104910
96.637, 525.854103756
96.7084, 525.854100385
96.7815, 525.854099457
96.8564, 525.854097657
96.9332, 525.854098619
96.9947, 525.854096246
97.0577, 525.854093661
97.1223, 525.854091190
97.1886, 525.854092267
97.2501, 525.854090335
97.3131, 525.854089085
97.3777, 525.854089995
97.4392, 525.854083847
97.5023, 525.854083227
97.5669, 525.854084318
97.6284, 525.854084439
97.6899, 525.854079679
97.7529, 525.854079555
97.8175, 525.854080308
97.879, 525.854079458
97.9421, 525.854078476
98.0067, 525.854074806
98.0729, 525.854076861
98.1344, 525.854072745
98.1974, 525.854070322
98.2621, 525.854070389
98.3236, 525.854068738
98.3866, 525.854070019
98.4481, 525.854066359
98.5111, 525.854063674
98.5757, 525.854066720
98.6372, 525.854060537
98.7003, 525.854063111
98.7618, 525.854062932
98.8248, 525.854061629
98.8894, 525.854061578
98.9557, 525.854057923
99.0235, 525.854058823
99.085, 525.854055703
99.1481, 525.854051387
99.2127, 525.854055526
99.2742, 525.854049921
99.3372, 525.854049204
99.4018, 525.854051617
99.4633, 525.854045193
99.5264, 525.854046095
99.5879, 525.854046427
99.6494, 525.854044890
99.7124, 525.854043046
99.777, 525.854042492
99.8433, 525.854037778
99.9111, 525.854037080
99.9807, 525.854037728
100.042, 525.854034867
100.105, 525.854034244
100.17, 525.854034764
100.231, 525.854030575
100.294, 525.854030953
100.356, 525.854029340
100.419, 525.854029194
100.484, 525.854029119
100.55, 525.854025294
100.618, 525.854028013
100.679, 525.854023878
100.742, 525.854022186
100.807, 525.854020743
100.873, 525.854020960
100.935, 525.854017250
100.998, 525.854017261
101.059, 525.854014776
101.122, 525.854014431
101.187, 525.854011982
101.253, 525.854010660
101.321, 525.854007875
101.39, 525.854008046
101.452, 525.854007701
101.515, 525.854005537
101.58, 525.854005650
101.641, 525.854004166
101.704, 525.854003896
101.769, 525.854000895
101.835, 525.854003675
101.896, 525.854000900
101.96, 525.853997851
102.024, 525.853996186
102.09, 525.853994426
102.158, 525.853995449
102.22, 525.853992424
102.283, 525.853991430
102.347, 525.853993681
102.409, 525.853990564
102.472, 525.853989477
102.537, 525.853987442
102.603, 525.853989096
102.664, 525.853986440
102.727, 525.853984472
102.792, 525.853984281
102.858, 525.853981905
102.926, 525.853981346
102.996, 525.853978103
103.067, 525.853977513
103.14, 525.853973945
103.215, 525.853976305
103.276, 525.853974663
103.34, 525.853976354
103.401, 525.853970591
103.464, 525.853969608
103.529, 525.853967226
103.595, 525.853964678
103.663, 525.853968502
103.724, 525.853963234
103.787, 525.853963839
103.849, 525.853962915
103.912, 525.853959596
103.976, 525.853957764
104.043, 525.853958909
104.104, 525.853956828
104.167, 525.853957313
104.229, 525.853955876
104.292, 525.853953893
104.356, 525.853953564
104.423, 525.853952682
104.49, 525.853951422
104.56, 525.853948826
104.631, 525.853947988
104.705, 525.853946083
104.779, 525.853945543
104.856, 525.853945714
104.918, 525.853943677
104.981, 525.853941582
105.045, 525.853939205
105.112, 525.853937181
105.18, 525.853936196
105.249, 525.853931256
105.32, 525.853930230
105.394, 525.853931675
105.455, 525.853930904
105.518, 525.853930674
105.583, 525.853929584
105.649, 525.853924979
105.717, 525.853927343
105.778, 525.853926861
105.841, 525.853922776
105.906, 525.853919732
105.972, 525.853923960
106.034, 525.853918600
106.097, 525.853919734
106.158, 525.853914917
106.221, 525.853913063
106.286, 525.853915618
106.347, 525.853914869
106.41, 525.853912306
106.475, 525.853906560
106.541, 525.853910858
106.603, 525.853907193
106.666, 525.853906567
106.73, 525.853902839
106.797, 525.853902429
106.864, 525.853903050
106.926, 525.853900870
106.989, 525.853905362
107.051, 525.853899214
107.114, 525.853898336
107.178, 525.853897551
107.244, 525.853895358
107.312, 525.853896769
107.374, 525.853894538
107.437, 525.853892162
107.501, 525.853889200
107.568, 525.853890904
107.629, 525.853889550
107.692, 525.853887113
107.757, 525.853884378
107.823, 525.853885360
107.885, 525.853883041
107.948, 525.853880289
108.012, 525.853883935
108.074, 525.853881811
108.137, 525.853880980
108.201, 525.853879219
108.268, 525.853875476
108.335, 525.853873423
108.405, 525.853875935
108.467, 525.853872409
108.53, 525.853872073
108.594, 525.853872340
108.656, 525.853869849
108.719, 525.853869001
108.783, 525.853867495
108.85, 525.853865314
108.917, 525.853861513
108.987, 525.853864723
109.049, 525.853861909
109.112, 525.853860440
109.176, 525.853857444
109.242, 525.853856152
109.31, 525.853858741
109.372, 525.853856233
109.435, 525.853856110
109.499, 525.853853050
109.566, 525.853851861
109.634, 525.853851334
109.703, 525.853849164
109.774, 525.853848092
109.848, 525.853845622
109.923, 525.853845563
109.999, 525.853842805
110.078, 525.853841493
110.159, 525.853839861
110.241, 525.853840154
110.303, 525.853838518
110.366, 525.853836251
110.431, 525.853835085
110.497, 525.853835067
110.565, 525.853831014
110.634, 525.853830875
110.706, 525.853828785
110.779, 525.853827600
110.854, 525.853825186
110.93, 525.853824980
111.009, 525.853822184
111.09, 525.853825691
111.151, 525.853821298
111.214, 525.853817734
111.279, 525.853818486
111.341, 525.853816344
111.404, 525.853814224
111.468, 525.853814667
111.53, 525.853814368
111.593, 525.853809376
111.657, 525.853809666
111.719, 525.853807324
111.782, 525.853808420
111.843, 525.853807707
111.906, 525.853806428
111.971, 525.853803234
112.037, 525.853803913
112.099, 525.853802536
112.162, 525.853802816
112.223, 525.853800811
112.286, 525.853797204
112.351, 525.853794104
112.417, 525.853798726
112.479, 525.853793608
112.542, 525.853794171
112.603, 525.853790808
112.666, 525.853792599
112.728, 525.853790914
112.791, 525.853791084
112.852, 525.853790165
112.915, 525.853785352
112.98, 525.853780717
113.046, 525.853782038
113.108, 525.853783207
113.169, 525.853781086
113.232, 525.853778330
113.297, 525.853778014
113.363, 525.853777593
113.431, 525.853778612
113.492, 525.853775966
113.555, 525.853775495
113.62, 525.853769703
113.686, 525.853773438
113.748, 525.853766780
113.811, 525.853768714
113.872, 525.853765383
113.935, 525.853766317
113.997, 525.853762989
114.06, 525.853764520
114.121, 525.853763195
114.184, 525.853760666
114.249, 525.853758416
114.315, 525.853756052
114.383, 525.853760436
114.445, 525.853755898
114.508, 525.853754257
114.572, 525.853754441
114.634, 525.853750838
114.697, 525.853750202
114.761, 525.853750536
114.823, 525.853749341
114.886, 525.853745925
114.951, 525.853745566
115.017, 525.853746049
115.078, 525.853744317
115.141, 525.853741011
115.206, 525.853740589
115.272, 525.853741480
115.334, 525.853739411
115.397, 525.853737464
115.461, 525.853735888
115.528, 525.853738455
115.589, 525.853733283
115.652, 525.853731763
115.717, 525.853730692
115.783, 525.853730286
115.851, 525.853727899
115.92, 525.853727788
115.992, 525.853726494
116.065, 525.853726670
116.126, 525.853720384
116.189, 525.853720600
116.251, 525.853721167
116.312, 525.853723534
116.374, 525.853720777
116.437, 525.853715456
116.502, 525.853715995
116.563, 525.853720117
116.625, 525.853716294
116.688, 525.853712436
116.752, 525.853712521
116.814, 525.853711535
116.877, 525.853708706
116.941, 525.853707230
117.008, 525.853704509
117.075, 525.853704330
117.145, 525.853707037
117.207, 525.853705845
117.27, 525.853703631
117.334, 525.853699063
117.4, 525.853698252
117.468, 525.853700292
117.53, 525.853697003
117.593, 525.853696657
117.657, 525.853695277
117.724, 525.853694858
117.792, 525.853692113
117.861, 525.853693073
117.923, 525.853686765
117.986, 525.853688260
118.047, 525.853688888
118.109, 525.853687578
118.172, 525.853685338
118.236, 525.853684083
118.303, 525.853682723
118.37, 525.853681635
118.44, 525.853679713
118.511, 525.853677834
118.584, 525.853678318
118.646, 525.853674972
118.709, 525.853676099
118.771, 525.853673965
118.834, 525.853670684
118.898, 525.853669399
118.964, 525.853665786
119.032, 525.853669957
119.094, 525.853666241
119.157, 525.853665679
119.221, 525.853664006
119.288, 525.853661612
119.356, 525.853665209
119.417, 525.853658978
119.48, 525.853659350
119.542, 525.853654512
119.605, 525.853657380
119.666, 525.853656105
119.729, 525.853657732
119.791, 525.853653814
119.854, 525.853652931
119.918, 525.853651862
119.985, 525.853649624
120.052, 525.853646033
120.122, 525.853645909
120.193, 525.853645590
120.266, 525.853643517
120.341, 525.853643618
120.403, 525.853643593
120.466, 525.853638595
120.531, 525.853638964
120.592, 525.853637340
120.655, 525.853637113
120.72, 525.853637139
120.781, 525.853632862
120.844, 525.853632420
120.909, 525.853631987
120.975, 525.853632125
121.037, 525.853629132
121.1, 525.853626232
121.164, 525.853628340
121.226, 525.853628429
121.287, 525.853625545
121.35, 525.853620547
121.415, 525.853620745
121.476, 525.853620031
121.539, 525.853617352
121.604, 525.853618739
121.666, 525.853619500
121.727, 525.853614981
121.79, 525.853612294
121.855, 525.853612468
121.916, 525.853614239
121.978, 525.853612063
122.041, 525.853612498
122.102, 525.853605464
122.165, 525.853605835
122.227, 525.853604646
122.29, 525.853603525
122.354, 525.853602219
122.421, 525.853604426
122.482, 525.853599971
122.545, 525.853600528
122.607, 525.853598600
122.67, 525.853597437
122.734, 525.853598077
122.796, 525.853593291
122.859, 525.853597271
122.92, 525.853595556
122.983, 525.853592992
123.048, 525.853592102
123.114, 525.853585454
123.182, 525.853587733
123.244, 525.853588714
123.305, 525.853587339
123.368, 525.853584020
123.433, 525.853583265
123.499, 525.853584189
123.56, 525.853582155
123.624, 525.853579731
123.688, 525.853580749
123.75, 525.853580399
123.813, 525.853578934
123.877, 525.853572442
123.944, 525.853576622
124.005, 525.853573623
124.068, 525.853574461
124.13, 525.853570471
124.193, 525.853567933
124.257, 525.853568510
124.319, 525.853568051
124.382, 525.853562596
124.446, 525.853561710
124.513, 525.853561234
124.58, 525.853560992
124.65, 525.853560542
124.721, 525.853560317
124.794, 525.853556836
124.869, 525.853554054
124.946, 525.853551864
125.025, 525.853555785
125.086, 525.853552688
125.149, 525.853549294
125.214, 525.853545560
125.28, 525.853547809
125.342, 525.853547259
125.405, 525.853544413
125.469, 525.853543138
125.536, 525.853542016
125.604, 525.853540679
125.673, 525.853540981
125.735, 525.853539601
125.798, 525.853537401
125.862, 525.853535560
125.929, 525.853536024
125.99, 525.853533334
126.053, 525.853531962
126.118, 525.853531224
126.184, 525.853529639
126.252, 525.853531252
126.313, 525.853528397
126.376, 525.853529975
126.438, 525.853526949
126.501, 525.853519348
126.565, 525.853525695
126.627, 525.853522598
126.69, 525.853519756
126.755, 525.853517118
126.821, 525.853519539
126.882, 525.853517104
126.945, 525.853515375
127.01, 525.853515771
127.072, 525.853513969
127.135, 525.853510271
127.199, 525.853510601
127.261, 525.853510936
127.322, 525.853509802
127.385, 525.853505767
127.45, 525.853504603
127.516, 525.853506157
127.578, 525.853501191
127.641, 525.853500958
127.705, 525.853497511
127.771, 525.853500438
127.833, 525.853498751
127.896, 525.853496055
127.961, 525.853492586
128.027, 525.853497242
128.088, 525.853495508
128.151, 525.853491813
128.216, 525.853492034
128.277, 525.853489583
128.34, 525.853488879
128.405, 525.853486768
128.471, 525.853490779
128.533, 525.853488522
128.596, 525.853485950
128.66, 525.853482746
128.727, 525.853481336
128.795, 525.853477797
128.864, 525.853481247
128.926, 525.853477533
128.989, 525.853478165
129.05, 525.853473633
129.113, 525.853472860
129.178, 525.853476066
129.239, 525.853469345
129.302, 525.853473637
129.364, 525.853471683
129.427, 525.853469281
129.492, 525.853464353
129.558, 525.853467623
129.619, 525.853463027
129.682, 525.853463072
129.744, 525.853461559
129.807, 525.853463542
129.868, 525.853458663
129.931, 525.853460376
129.993, 525.853457498
130.056, 525.853455707
130.121, 525.853456619
130.182, 525.853454497
130.245, 525.853456126
130.307, 525.853451056
130.37, 525.853451022
130.434, 525.853451611
130.496, 525.853446716
130.559, 525.853447037
130.62, 525.853445718
130.683, 525.853448628
130.745, 525.853442924
130.808, 525.853440241
130.872, 525.853438533
130.939, 525.853439135
131, 525.853436375
131.063, 525.853437198
131.125, 525.853433106
131.188, 525.853435085
131.249, 525.853433274
131.312, 525.853434009
131.374, 525.853429751
131.437, 525.853433441
131.498, 525.853429566
131.561, 525.853429441
131.626, 525.853424496
131.692, 525.853425552
131.754, 525.853423946
131.817, 525.853425086
131.878, 525.853422574
131.941, 525.853418642
132.006, 525.853418199
132.072, 525.853417409
132.14, 525.853414283
132.21, 525.853414878
132.271, 525.853411620
132.334, 525.853414421
132.396, 525.853408047
132.459, 525.853412600
132.52, 525.853405588
132.583, 525.853406715
132.645, 525.853404976
132.708, 525.853404620
132.772, 525.853405486
132.834, 525.853401115
132.897, 525.853399447
132.962, 525.853398509
133.028, 525.853397252
133.096, 525.853398677
133.157, 525.853396328
133.22, 525.853396743
133.282, 525.853395017
133.345, 525.853393097
133.409, 525.853391398
133.476, 525.853387951
133.543, 525.853389752
133.605, 525.853390680
133.666, 525.853387418
133.729, 525.853389717
133.791, 525.853387723
133.854, 525.853383787
133.919, 525.853382317
133.985, 525.853382897
134.046, 525.853383785
134.108, 525.853377721
134.171, 525.853377042
134.236, 525.853378564
134.297, 525.853374774
134.36, 525.853372603
134.425, 525.853369554
134.491, 525.853371543
134.552, 525.853369399
134.615, 525.853371800
134.677, 525.853367573
134.74, 525.853368942
134.801, 525.853364039
134.864, 525.853367476
134.926, 525.853361833
134.989, 525.853361452
135.054, 525.853361044
135.12, 525.853357528
135.188, 525.853359038
135.249, 525.853356304
135.312, 525.853355564
135.377, 525.853356816
135.438, 525.853353955
135.501, 525.853352098
135.566, 525.853349373
135.632, 525.853346420
135.7, 525.853347634
135.762, 525.853346690
135.825, 525.853345703
135.889, 525.853341677
135.956, 525.853347412
136.017, 525.853341218
136.08, 525.853340058
136.145, 525.853341736
136.206, 525.853339602
136.269, 525.853338888
136.334, 525.853337199
136.4, 525.853333777
136.468, 525.853331616
136.538, 525.853329624
136.609, 525.853332162
136.67, 525.853329638
136.733, 525.853328363
136.798, 525.853326815
136.864, 525.853329370
136.926, 525.853324695
136.989, 525.853326281
137.05, 525.853321048
137.113, 525.853323785
137.175, 525.853319835
137.238, 525.853318132
137.302, 525.853321343
137.364, 525.853315508
137.427, 525.853314408
137.492, 525.853313788
137.558, 525.853312254
137.626, 525.853310650
137.695, 525.853310813
137.757, 525.853308656
137.82, 525.853311264
137.881, 525.853308372
137.944, 525.853307077
138.009, 525.853306214
138.075, 525.853303058
138.143, 525.853302709
138.213, 525.853298278
138.284, 525.853295804
138.357, 525.853294616
138.432, 525.853296204
138.494, 525.853295534
138.557, 525.853295715
138.618, 525.853290593
138.681, 525.853295268
138.743, 525.853287366
138.806, 525.853293447
138.867, 525.853286765
138.93, 525.853287344
138.992, 525.853285344
139.055, 525.853284954
139.119, 525.853283458
139.186, 525.853281290
139.253, 525.853278735
139.323, 525.853280043
139.385, 525.853279325
139.448, 525.853278520
139.512, 525.853274770
139.578, 525.853272047
139.646, 525.853271889
139.716, 525.853273062
139.777, 525.853272473
139.84, 525.853272744
139.902, 525.853267792
139.965, 525.853266836
140.03, 525.853267881
140.091, 525.853262996
140.154, 525.853265540
140.216, 525.853261356
140.279, 525.853262551
140.34, 525.853261634
140.403, 525.853260380
140.468, 525.853259795
140.534, 525.853252903
140.602, 525.853253936
140.663, 525.853254791
140.725, 525.853251298
140.788, 525.853253220
140.849, 525.853251749
140.913, 525.853248910
140.977, 525.853244917
141.043, 525.853246372
141.105, 525.853244985
141.168, 525.853242888
141.233, 525.853243271
141.294, 525.853242382
141.357, 525.853239570
141.422, 525.853240202
141.483, 525.853234196
141.546, 525.853236470
141.608, 525.853235683
141.671, 525.853234036
141.735, 525.853232917
141.802, 525.853231383
141.869, 525.853230134
141.939, 525.853228669
142.01, 525.853230011
142.072, 525.853225471
142.135, 525.853223693
142.2, 525.853224461
142.261, 525.853224405
142.324, 525.853223947
142.389, 525.853222049
142.455, 525.853219533
142.523, 525.853217545
142.592, 525.853217390
142.664, 525.853215416
142.737, 525.853214761
142.812, 525.853211748
142.889, 525.853209661
142.967, 525.853212945
143.029, 525.853210328
143.092, 525.853208620
143.156, 525.853205270
143.223, 525.853205846
143.284, 525.853203773
143.347, 525.853201198
143.412, 525.853201654
143.473, 525.853203600
143.535, 525.853197191
143.598, 525.853200096
143.659, 525.853198509
143.722, 525.853196539
143.787, 525.853194486
143.853, 525.853196355
143.915, 525.853192386
143.978, 525.853190139
144.042, 525.853189706
144.109, 525.853191769
144.17, 525.853186373
144.233, 525.853189094
144.295, 525.853185808
144.358, 525.853181366
144.422, 525.853182720
144.484, 525.853181463
144.547, 525.853179261
144.611, 525.853181378
144.673, 525.853177480
144.736, 525.853176964
144.801, 525.853175270
144.867, 525.853174426
144.935, 525.853171560
145.004, 525.853168677
145.076, 525.853169047
145.137, 525.853169578
145.199, 525.853168094
145.262, 525.853168954
145.323, 525.853165707
145.386, 525.853162669
145.451, 525.853162173
145.517, 525.853161507
145.585, 525.853161195
145.654, 525.853159052
145.726, 525.853160366
145.787, 525.853156819
145.85, 525.853152418
145.915, 525.853152540
145.976, 525.853152391
146.039, 525.853154428
146.101, 525.853149299
146.164, 525.853150793
146.226, 525.853148419
146.289, 525.853146623
146.353, 525.853144408
146.419, 525.853145872
146.481, 525.853144259
146.544, 525.853144804
146.605, 525.853144228
146.668, 525.853141674
146.733, 525.853137821
146.799, 525.853136964
146.867, 525.853138650
146.929, 525.853134900
146.992, 525.853134892
147.056, 525.853132769
147.123, 525.853134628
147.184, 525.853131829
147.247, 525.853129876
147.312, 525.853127211
147.378, 525.853127952
147.439, 525.853130004
147.501, 525.853126947
147.564, 525.853122504
147.629, 525.853125152
147.69, 525.853126359
147.752, 525.853118879
147.815, 525.853119423
147.876, 525.853117604
147.939, 525.853116697
148.004, 525.853115408
148.07, 525.853113597
148.138, 525.853112516
148.207, 525.853112519
148.269, 525.853109440
148.332, 525.853108419
148.397, 525.853103428
148.463, 525.853110272
148.524, 525.853104096
148.587, 525.853105217
148.649, 525.853100673
148.712, 525.853102209
148.773, 525.853099240
148.836, 525.853099326
148.898, 525.853098241
148.961, 525.853096100
149.026, 525.853096281
149.087, 525.853094568
149.15, 525.853093354
149.215, 525.853089800
149.281, 525.853092867
149.343, 525.853093491
149.404, 525.853089318
149.467, 525.853088566
149.532, 525.853087316
149.598, 525.853085158
149.666, 525.853085518
149.727, 525.853083666
149.79, 525.853078159
149.855, 525.853080688
149.916, 525.853080618
149.979, 525.853079129
150.044, 525.853076771
150.11, 525.853076301
150.178, 525.853077008
150.24, 525.853074317
150.303, 525.853070370
150.367, 525.853071242
150.429, 525.853066905
150.492, 525.853069014
150.553, 525.853064486
150.616, 525.853066897
150.678, 525.853065426
150.741, 525.853065139
150.806, 525.853062582
150.872, 525.853063976
150.933, 525.853061961
150.996, 525.853061385
151.061, 525.853056983
151.127, 525.853055543
151.195, 525.853054718
151.265, 525.853055069
151.326, 525.853050988
151.389, 525.853053814
151.451, 525.853050873
151.514, 525.853051509
151.575, 525.853047007
151.638, 525.853050153
151.7, 525.853045836
151.763, 525.853045173
151.827, 525.853043014
151.894, 525.853042714
151.962, 525.853039255
152.031, 525.853038393
152.102, 525.853035687
152.176, 525.853036238
152.237, 525.853034094
152.3, 525.853034446
152.362, 525.853032482
152.425, 525.853031596
152.489, 525.853029429
152.555, 525.853029515
152.617, 525.853030093
152.678, 525.853028650
152.741, 525.853027359
152.806, 525.853024202
152.872, 525.853021518
152.94, 525.853022747
153.002, 525.853022591
153.065, 525.853019874
153.129, 525.853017722
153.196, 525.853015610
153.263, 525.853013431
153.333, 525.853015823
153.395, 525.853016121
153.456, 525.853008044
153.519, 525.853011561
153.581, 525.853013583
153.642, 525.853010534
153.705, 525.853006783
153.77, 525.853009026
153.831, 525.853006562
153.894, 525.853004495
153.959, 525.853000710
154.025, 525.853000870
154.087, 525.853000978
154.148, 525.853000054
154.211, 525.852998983
154.276, 525.852995545
154.342, 525.852997537
154.403, 525.852993233
154.467, 525.852991220
154.531, 525.852990778
154.597, 525.852991815
154.659, 525.852989035
154.722, 525.852988942
154.787, 525.852987740
154.853, 525.852985402
154.921, 525.852983427
154.99, 525.852982787
155.062, 525.852983178
155.123, 525.852980312
155.186, 525.852979096
155.251, 525.852976155
155.317, 525.852978036
155.378, 525.852975520
155.441, 525.852977683
155.503, 525.852974289
155.566, 525.852972164
155.631, 525.852970898
155.697, 525.852971196
155.758, 525.852966967
155.821, 525.852970787
155.883, 525.852964655
155.946, 525.852962520
156.011, 525.852965920
156.072, 525.852963046
156.135, 525.852964502
156.197, 525.852959557
156.26, 525.852958450
156.324, 525.852955894
156.39, 525.852957659
156.452, 525.852957249
156.515, 525.852954821
156.58, 525.852954269
156.646, 525.852952603
156.714, 525.852949447
156.783, 525.852951775
156.845, 525.852951304
156.908, 525.852944593
156.972, 525.852946173
157.034, 525.852945367
157.097, 525.852943218
157.162, 525.852943600
157.223, 525.852940275
157.286, 525.852943145
157.348, 525.852940518
157.411, 525.852939272
157.475, 525.852937618
157.542, 525.852935960
157.609, 525.852935689
157.679, 525.852934494
157.75, 525.852928425
157.823, 525.852928645
157.885, 525.852930011
157.946, 525.852925336
158.009, 525.852927123
158.071, 525.852925924
158.134, 525.852924242
158.199, 525.852925913
158.26, 525.852924988
158.323, 525.852921573
158.388, 525.852918059
158.454, 525.852915853
158.522, 525.852920911
158.583, 525.852915152
158.646, 525.852913437
158.711, 525.852915027
158.773, 525.852913534
158.836, 525.852909268
158.9, 525.852912173
158.962, 525.852908543
159.025, 525.852906234
159.089, 525.852905434
159.156, 525.852904708
159.223, 525.852903680
159.293, 525.852903459
159.364, 525.852899834
159.437, 525.852901333
159.499, 525.852898868
159.562, 525.852897556
159.627, 525.852895983
159.693, 525.852893069
159.761, 525.852893888
159.822, 525.852893038
159.885, 525.852893667
159.947, 525.852889987
160.01, 525.852888453
160.074, 525.852887326
160.141, 525.852887275
160.208, 525.852886764
160.278, 525.852883221
160.349, 525.852885958
160.411, 525.852882566
160.474, 525.852878341
160.539, 525.852879068
160.6, 525.852871935
160.663, 525.852875816
160.725, 525.852876309
160.786, 525.852873435
160.849, 525.852870005
160.914, 525.852870079
160.975, 525.852869330
161.038, 525.852870693
161.1, 525.852870022
161.163, 525.852866642
161.227, 525.852866927
161.289, 525.852863423
161.352, 525.852863808
161.413, 525.852858334
161.476, 525.852861039
161.538, 525.852860183
161.601, 525.852858439
161.666, 525.852857060
161.732, 525.852857991
161.793, 525.852854505
161.856, 525.852855802
161.918, 525.852853056
161.981, 525.852851758
162.046, 525.852847180
162.112, 525.852846979
162.18, 525.852848648
162.241, 525.852850404
162.303, 525.852844603
162.366, 525.852845144
162.427, 525.852841281
162.49, 525.852842959
162.552, 525.852840585
162.615, 525.852840135
162.679, 525.852837900
162.746, 525.852835106
162.814, 525.852836951
162.875, 525.852835859
162.938, 525.852836231
163, 525.852836664
163.061, 525.852832628
163.124, 525.852830017
163.189, 525.852829160
163.255, 525.852824999
163.323, 525.852826600
163.384, 525.852827061
163.446, 525.852826123
163.509, 525.852823886
163.573, 525.852819167
163.64, 525.852823154
163.701, 525.852819085
163.764, 525.852819117
163.826, 525.852818589
163.889, 525.852816564
163.953, 525.852814126
164.02, 525.852814625
164.081, 525.852811971
164.144, 525.852810245
164.209, 525.852811825
164.27, 525.852806757
164.333, 525.852809341
164.395, 525.852807838
164.458, 525.852804690
164.522, 525.852808174
164.584, 525.852803656
164.647, 525.852803908
164.708, 525.852801863
164.772, 525.852802309
164.833, 525.852800875
164.896, 525.852797643
164.961, 525.852795547
165.027, 525.852796165
165.088, 525.852793957
165.151, 525.852790577
165.216, 525.852793737
165.278, 525.852795573
165.339, 525.852789294
165.402, 525.852788669
165.467, 525.852790519
165.528, 525.852789872
165.591, 525.852786818
165.656, 525.852785037
165.722, 525.852780696
165.79, 525.852780392
165.86, 525.852781515
165.921, 525.852780363
165.984, 525.852777660
166.049, 525.852774976
166.115, 525.852775753
166.176, 525.852773170
166.239, 525.852776084
166.301, 525.852774262
166.364, 525.852773436
166.429, 525.852768789
166.495, 525.852770139
166.556, 525.852769524
166.619, 525.852766661
166.684, 525.852765970
166.75, 525.852762718
166.818, 525.852761513
166.888, 525.852761539
166.949, 525.852758523
167.012, 525.852758997
167.074, 525.852759090
167.135, 525.852758372
167.198, 525.852758939
167.26, 525.852757137
167.323, 525.852753193
167.387, 525.852751032
167.454, 525.852751557
167.515, 525.852747785
167.578, 525.852747668
167.643, 525.852741457
167.709, 525.852747414
167.771, 525.852745709
167.834, 525.852743314
167.898, 525.852744309
167.96, 525.852740015
168.023, 525.852739552
168.087, 525.852737527
168.154, 525.852739356
168.215, 525.852734960
168.278, 525.852736885
168.34, 525.852732338
168.403, 525.852731143
168.467, 525.852728698
168.533, 525.852732867
168.595, 525.852730014
168.658, 525.852727761
168.723, 525.852726796
168.789, 525.852730807
168.85, 525.852726393
168.913, 525.852723401
168.978, 525.852721232
169.044, 525.852723230
169.106, 525.852718420
169.169, 525.852721747
169.23, 525.852718067
169.293, 525.852717061
169.358, 525.852715680
169.424, 525.852711448
169.492, 525.852714237
169.554, 525.852714784
169.615, 525.852709734
169.678, 525.852711267
169.74, 525.852706454
169.803, 525.852703942
169.867, 525.852706382
169.929, 525.852704340
169.992, 525.852700958
170.056, 525.852701762
170.118, 525.852698581
170.181, 525.852702627
170.242, 525.852697771
170.305, 525.852698901
170.367, 525.852697286
170.43, 525.852696726
170.495, 525.852694239
170.561, 525.852692765
170.629, 525.852692057
170.698, 525.852693413
170.76, 525.852688527
170.823, 525.852686198
170.887, 525.852685973
170.954, 525.852684089
171.022, 525.852683615
171.091, 525.852681466
171.162, 525.852686043
171.224, 525.852679811
171.287, 525.852678213
171.352, 525.852677089
171.418, 525.852676172
171.486, 525.852678759
171.547, 525.852674562
171.61, 525.852674956
171.672, 525.852671251
171.735, 525.852668803
171.799, 525.852670550
171.861, 525.852670802
171.922, 525.852665658
171.985, 525.852664799
172.05, 525.852667786
172.112, 525.852666206
172.175, 525.852661607
172.239, 525.852662422
172.301, 525.852660526
172.364, 525.852658909
172.428, 525.852665923
172.49, 525.852656424
172.553, 525.852651343
172.618, 525.852654804
172.679, 525.852655053
172.741, 525.852650419
172.804, 525.852652260
172.865, 525.852651939
172.928, 525.852647443
172.993, 525.852648458
173.054, 525.852646842
173.117, 525.852644211
173.182, 525.852645889
173.243, 525.852640274
173.306, 525.852639210
173.371, 525.852639131
173.437, 525.852639826
173.499, 525.852635764
173.562, 525.852638081
173.623, 525.852634402
173.686, 525.852632821
173.751, 525.852632654
173.817, 525.852634656
173.879, 525.852630165
173.942, 525.852631348
174.003, 525.852628903
174.066, 525.852627431
174.131, 525.852625873
174.197, 525.852623880
174.265, 525.852624396
174.326, 525.852623384
174.39, 525.852622367
174.454, 525.852621453
174.52, 525.852621236
174.588, 525.852616693
174.658, 525.852616219
174.729, 525.852613863
174.802, 525.852614746
174.864, 525.852610433
174.927, 525.852609296
174.991, 525.852610363
175.053, 525.852609341
175.116, 525.852607105
175.181, 525.852605023
175.247, 525.852606267
175.308, 525.852605269
175.371, 525.852602703
175.436, 525.852602320
175.502, 525.852599940
175.57, 525.852597615
175.64, 525.852599512
175.701, 525.852598117
175.764, 525.852596751
175.829, 525.852595016
175.895, 525.852595102
175.956, 525.852592473
176.02, 525.852590417
176.084, 525.852590396
176.15, 525.852590309
176.218, 525.852589841
176.288, 525.852588158
176.359, 525.852586261
176.432, 525.852585453
176.507, 525.852584951
176.584, 525.852581597
176.663, 525.852580803
176.743, 525.852578529
176.826, 525.852575740
176.911, 525.852576422
176.972, 525.852572051
177.035, 525.852573274
177.097, 525.852571252
177.16, 525.852568584
177.225, 525.852567476
177.291, 525.852566702
177.359, 525.852565300
177.428, 525.852567872
177.49, 525.852564309
177.553, 525.852562563
177.617, 525.852560917
177.684, 525.852562632
177.745, 525.852557305
177.808, 525.852555890
177.873, 525.852558604
177.934, 525.852556632
177.997, 525.852552034
178.062, 525.852553573
178.123, 525.852553975
178.185, 525.852553180
178.248, 525.852548852
178.313, 525.852549758
178.374, 525.852546489
178.437, 525.852547545
178.499, 525.852544645
178.562, 525.852543922
178.626, 525.852542797
178.693, 525.852540438
178.76, 525.852543259
178.822, 525.852538540
178.885, 525.852538047
178.95, 525.852537320
179.016, 525.852534833
179.084, 525.852534698
179.153, 525.852532341
179.225, 525.852534086
179.286, 525.852532817
179.349, 525.852530339
179.414, 525.852527644
179.48, 525.852526212
179.548, 525.852527336
179.609, 525.852527206
179.672, 525.852522634
179.737, 525.852520585
179.803, 525.852522646
179.865, 525.852522151
179.928, 525.852518043
179.992, 525.852517916
180.059, 525.852521593
180.12, 525.852514262
180.183, 525.852513466
180.248, 525.852513482
180.309, 525.852512212
180.372, 525.852512683
180.434, 525.852510556
180.497, 525.852506492
180.561, 525.852506875
180.623, 525.852506701
180.686, 525.852505179
180.751, 525.852502735
180.817, 525.852502548
180.885, 525.852501186
180.954, 525.852501928
181.016, 525.852499886
181.079, 525.852497582
181.143, 525.852497315
181.21, 525.852497997
181.271, 525.852493432
181.334, 525.852495451
181.396, 525.852491764
181.459, 525.852489922
181.523, 525.852487264
181.59, 525.852492409
181.651, 525.852487616
181.714, 525.852487321
181.779, 525.852485334
181.845, 525.852483450
181.913, 525.852482749
181.982, 525.852482051
182.054, 525.852480061
182.127, 525.852476476
182.202, 525.852476733
182.263, 525.852474917
182.326, 525.852470229
182.391, 525.852473511
182.452, 525.852468808
182.515, 525.852466739
182.58, 525.852472179
182.642, 525.852469594
182.705, 525.852464067
182.769, 525.852466196
182.831, 525.852465001
182.894, 525.852464456
182.958, 525.852463558
183.025, 525.852461271
183.093, 525.852460827
183.162, 525.852458805
183.233, 525.852455312
183.307, 525.852452238
183.381, 525.852456741
183.443, 525.852453938
183.506, 525.852451196
183.571, 525.852451124
183.637, 525.852449445
183.705, 525.852449029
183.774, 525.852442176
183.846, 525.852448740
183.907, 525.852447218
183.97, 525.852442503
184.035, 525.852441949
184.101, 525.852443902
184.163, 525.852441994
184.226, 525.852440028
184.29, 525.852441543
184.352, 525.852439929
184.415, 525.852438540
184.479, 525.852436437
184.546, 525.852433933
184.613, 525.852433716
184.683, 525.852430741
184.754, 525.852429153
184.827, 525.852428196
184.902, 525.852427232
184.979, 525.852425793
185.058, 525.852427898
185.119, 525.852424984
185.182, 525.852424158
185.247, 525.852416173
185.313, 525.852420650
185.375, 525.852421055
185.436, 525.852418538
185.499, 525.852419205
185.561, 525.852414049
185.624, 525.852411753
185.688, 525.852411173
185.755, 525.852413343
185.816, 525.852409665
185.879, 525.852409187
185.944, 525.852406473
186.01, 525.852407440
186.072, 525.852404314
186.135, 525.852403788
186.199, 525.852402436
186.265, 525.852402930
186.327, 525.852400173
186.39, 525.852399941
186.455, 525.852396211
186.521, 525.852397038
186.582, 525.852394748
186.645, 525.852397680
186.707, 525.852395169
186.77, 525.852394494
186.835, 525.852390597
186.901, 525.852389766
186.969, 525.852389542
187.038, 525.852387523
187.11, 525.852385019
187.183, 525.852386948
187.244, 525.852383025
187.307, 525.852386615
187.369, 525.852380071
187.432, 525.852381432
187.493, 525.852381331
187.556, 525.852378628
187.621, 525.852377225
187.687, 525.852376966
187.755, 525.852374543
187.825, 525.852373099
187.896, 525.852370469
187.969, 525.852370443
188.044, 525.852371219
188.105, 525.852369690
188.168, 525.852366529
188.233, 525.852365759
188.299, 525.852365303
188.367, 525.852362969
188.437, 525.852364583
188.498, 525.852357799
188.561, 525.852361106
188.623, 525.852356552
188.686, 525.852362023
188.747, 525.852358636
188.81, 525.852355101
188.875, 525.852354667
188.941, 525.852352041
189.009, 525.852350852
189.079, 525.852347215
189.15, 525.852346973
189.223, 525.852345086
189.298, 525.852347828
189.36, 525.852340901
189.423, 525.852344597
189.484, 525.852340384
189.547, 525.852342582
189.609, 525.852340074
189.672, 525.852340036
189.736, 525.852342036
189.798, 525.852334925
189.861, 525.852337556
189.922, 525.852334335
189.985, 525.852334128
190.05, 525.852332194
190.116, 525.852330328
190.184, 525.852330516
190.246, 525.852328857
190.309, 525.852327887
190.373, 525.852326741
190.439, 525.852328672
190.501, 525.852322262
190.564, 525.852324270
190.625, 525.852322283
190.689, 525.852319448
190.753, 525.852315681
190.819, 525.852315468
190.887, 525.852313560
190.957, 525.852317029
191.018, 525.852313126
191.081, 525.852314249
191.143, 525.852313609
191.206, 525.852313225
191.271, 525.852313005
191.337, 525.852309280
191.405, 525.852310801
191.466, 525.852304658
191.529, 525.852303134
191.594, 525.852303140
191.655, 525.852300949
191.718, 525.852302252
191.78, 525.852298349
191.843, 525.852301063
191.904, 525.852294378
191.967, 525.852298797
192.029, 525.852294446
192.092, 525.852293944
192.157, 525.852294600
192.218, 525.852293580
192.281, 525.852289770
192.346, 525.852287518
192.412, 525.852289132
192.473, 525.852287156
192.536, 525.852287203
192.598, 525.852284714
192.661, 525.852285428
192.722, 525.852284581
192.786, 525.852282442
192.85, 525.852279361
192.916, 525.852278516
192.984, 525.852281464
193.046, 525.852280157
193.109, 525.852273190
193.173, 525.852273364
193.235, 525.852272129
193.298, 525.852269560
193.363, 525.852272184
193.424, 525.852267615
193.487, 525.852268699
193.549, 525.852269868
193.61, 525.852262977
193.673, 525.852265365
193.735, 525.852263463
193.798, 525.852263066
193.862, 525.852262386
193.929, 525.852263708
193.99, 525.852259034
194.053, 525.852258364
194.118, 525.852256405
194.184, 525.852257608
194.245, 525.852256344
194.308, 525.852256554
194.37, 525.852251689
194.433, 525.852250844
194.498, 525.852251395
194.559, 525.852251548
194.621, 525.852251778
194.682, 525.852246520
194.745, 525.852246447
194.81, 525.852248453
194.871, 525.852243828
194.934, 525.852242367
194.999, 525.852242822
195.06, 525.852237465
195.123, 525.852235903
195.188, 525.852237374
195.25, 525.852238107
195.311, 525.852233319
195.374, 525.852230116
195.439, 525.852233788
195.5, 525.852232388
195.563, 525.852231916
195.628, 525.852226281
195.694, 525.852230179
195.756, 525.852224880
195.819, 525.852228474
195.88, 525.852224914
195.943, 525.852221396
196.008, 525.852220977
196.074, 525.852222874
196.135, 525.852220220
196.199, 525.852217185
196.263, 525.852216715
196.329, 525.852216678
196.397, 525.852215493
196.467, 525.852210780
196.538, 525.852215751
196.6, 525.852210819
196.663, 525.852210592
196.727, 525.852208315
196.794, 525.852209379
196.855, 525.852204365
196.918, 525.852205634
196.98, 525.852201150
197.043, 525.852208498
197.104, 525.852202133
197.167, 525.852202322
197.229, 525.852199169
197.292, 525.852202363
197.353, 525.852198560
197.416, 525.852200720
197.478, 525.852195681
197.541, 525.852193669
197.605, 525.852191253
197.672, 525.852193577
197.733, 525.852187509
197.796, 525.852188520
197.858, 525.852186268
197.921, 525.852190723
197.982, 525.852183930
198.045, 525.852183592
198.11, 525.852182271
198.176, 525.852182456
198.238, 525.852178380
198.301, 525.852180139
198.362, 525.852178106
198.425, 525.852179523
198.487, 525.852176421
198.55, 525.852177884
198.611, 525.852175556
198.674, 525.852175363
198.739, 525.852172400
198.805, 525.852172329
198.873, 525.852172904
198.934, 525.852167132
198.997, 525.852168754
199.059, 525.852166649
199.122, 525.852166186
199.187, 525.852166537
199.248, 525.852164937
199.311, 525.852163825
199.376, 525.852159747
199.442, 525.852160259
199.504, 525.852155464
199.567, 525.852157988
199.628, 525.852155868
199.691, 525.852157596
199.753, 525.852155757
199.816, 525.852153248
199.88, 525.852154275
199.942, 525.852151486
200.005, 525.852151332
200.069, 525.852148505
200.136, 525.852150143
200.197, 525.852148683
200.26, 525.852146313
200.325, 525.852144634
200.391, 525.852142127
200.459, 525.852143818
200.52, 525.852139853
200.583, 525.852140018
200.645, 525.852141102
200.706, 525.852137586
200.769, 525.852137359
200.834, 525.852132371
200.9, 525.852132942
200.962, 525.852132050
201.025, 525.852129467
201.089, 525.852127676
201.156, 525.852129630
201.217, 525.852127709
201.28, 525.852127828
201.342, 525.852120883
201.405, 525.852124885
201.466, 525.852124959
201.528, 525.852121312
201.591, 525.852123451
201.652, 525.852119750
201.715, 525.852120200
201.777, 525.852118306
201.84, 525.852118462
201.901, 525.852116348
201.964, 525.852114297
202.029, 525.852117313
202.091, 525.852111272
202.154, 525.852111555
202.215, 525.852111512
202.278, 525.852110692
202.343, 525.852109005
202.409, 525.852106686
202.477, 525.852106365
202.546, 525.852104759
202.618, 525.852102008
202.691, 525.852102385
202.752, 525.852097858
202.815, 525.852100482
202.877, 525.852097199
202.94, 525.852098808
203.001, 525.852095437
203.064, 525.852095336
203.129, 525.852095293
203.195, 525.852089122
203.263, 525.852091047
203.325, 525.852086615
203.388, 525.852089456
203.449, 525.852084786
203.512, 525.852087883
203.574, 525.852084127
203.637, 525.852084286
203.698, 525.852082691
203.761, 525.852084054
203.823, 525.852081170
203.886, 525.852082715
203.947, 525.852077733
204.01, 525.852076379
204.075, 525.852073574
204.141, 525.852074439
204.203, 525.852074990
204.264, 525.852074149
204.327, 525.852072942
204.392, 525.852069519
204.458, 525.852068540
204.526, 525.852064506
204.596, 525.852066944
204.657, 525.852063351
204.72, 525.852065716
204.782, 525.852063121
204.845, 525.852061682
204.909, 525.852058764
204.975, 525.852062154
205.037, 525.852056197
205.1, 525.852055182
205.165, 525.852054880
205.231, 525.852055997
205.292, 525.852054488
205.355, 525.852053344
205.42, 525.852048215
205.486, 525.852048738
205.548, 525.852045663
205.611, 525.852051794
205.672, 525.852048465
205.735, 525.852045044
205.8, 525.852043835
205.866, 525.852043432
205.934, 525.852043203
206.004, 525.852040862
206.075, 525.852039846
206.148, 525.852038823
206.223, 525.852038241
206.3, 525.852034793
206.379, 525.852033512
206.459, 525.852033724
206.521, 525.852031408
206.584, 525.852030820
206.648, 525.852029485
206.715, 525.852026373
206.782, 525.852026345
206.852, 525.852026057
206.923, 525.852026382
206.985, 525.852023508
207.048, 525.852022535
207.113, 525.852019267
207.179, 525.852017600
207.247, 525.852016391
207.316, 525.852017315
207.378, 525.852014175
207.441, 525.852013731
207.505, 525.852012106
207.572, 525.852009735
207.639, 525.852013073
207.701, 525.852008754
207.764, 525.852010469
207.826, 525.852006130
207.889, 525.852008046
207.95, 525.852006773
208.013, 525.852003095
208.078, 525.852004212
208.139, 525.851999303
208.202, 525.852002906
208.264, 525.851999110
208.327, 525.851998217
208.391, 525.852000100
208.453, 525.851994829
208.516, 525.851998771
208.577, 525.851993796
208.64, 525.851996646
208.702, 525.851990907
208.765, 525.851992612
208.827, 525.851990660
208.89, 525.851988615
208.954, 525.851985812
209.02, 525.851987833
209.082, 525.851983704
209.145, 525.851984352
209.206, 525.851979982
209.269, 525.851982357
209.331, 525.851979111
209.394, 525.851979853
209.456, 525.851978447
209.519, 525.851976443
209.583, 525.851974647
209.649, 525.851976270
209.711, 525.851969855
209.774, 525.851969008
209.839, 525.851971986
209.9, 525.851966889
209.963, 525.851966478
210.028, 525.851967138
210.089, 525.851967499
210.151, 525.851964466
210.214, 525.851965877
210.275, 525.851959960
210.338, 525.851962016
210.4, 525.851959110
210.463, 525.851957910
210.527, 525.851956313
210.594, 525.851956656
210.655, 525.851956137
210.718, 525.851956471
210.78, 525.851952753
210.843, 525.851951414
210.907, 525.851952300
210.969, 525.851954645
211.03, 525.851943815
211.093, 525.851948842
211.155, 525.851945804
211.218, 525.851946050
211.279, 525.851944706
211.342, 525.851944197
211.407, 525.851941871
211.473, 525.851939101
211.541, 525.851944052
211.603, 525.851938989
211.666, 525.851940590
211.727, 525.851933688
211.79, 525.851936875
211.852, 525.851932710
211.915, 525.851933774
211.976, 525.851929878
212.039, 525.851933801
212.101, 525.851930569
212.164, 525.851931177
212.225, 525.851927706
212.288, 525.851928409
212.35, 525.851922916
212.413, 525.851924282
212.474, 525.851923783
212.537, 525.851924147
212.599, 525.851918538
212.662, 525.851921871
212.724, 525.851919717
212.787, 525.851917609
212.851, 525.851915781
212.917, 525.851913959
212.985, 525.851913295
213.055, 525.851914966
213.116, 525.851912086
213.179, 525.851911222
213.244, 525.851908638
213.31, 525.851910055
213.372, 525.851907822
213.435, 525.851909092
213.496, 525.851904840
213.559, 525.851902486
213.624, 525.851900828
213.69, 525.851900775
213.758, 525.851901905
213.82, 525.851896933
213.883, 525.851893828
213.947, 525.851896899
214.009, 525.851895535
214.072, 525.851894681
214.136, 525.851891527
214.203, 525.851894632
214.264, 525.851888710
214.327, 525.851891465
214.389, 525.851890008
214.452, 525.851887595
214.516, 525.851888142
214.578, 525.851887034
214.641, 525.851885802
214.705, 525.851880124
214.772, 525.851883081
214.833, 525.851881067
214.896, 525.851877882
214.961, 525.851878170
215.022, 525.851877196
215.085, 525.851876358
215.15, 525.851876220
215.216, 525.851875678
215.284, 525.851872143
215.354, 525.851874113
215.415, 525.851869945
215.478, 525.851869207
215.543, 525.851866823
215.609, 525.851865986
215.677, 525.851864230
215.746, 525.851861340
215.818, 525.851865111
215.879, 525.851860526
215.942, 525.851860623
216.004, 525.851860887
216.065, 525.851857321
216.128, 525.851858896
216.19, 525.851855270
216.253, 525.851855984
216.314, 525.851854068
216.377, 525.851854300
216.439, 525.851850187
216.502, 525.851850781
216.563, 525.851850155
216.627, 525.851846665
216.691, 525.851849273
216.753, 525.851849186
216.816, 525.851843619
216.88, 525.851844750
216.942, 525.851842532
217.005, 525.851841509
217.069, 525.851842178
217.131, 525.851839821
217.194, 525.851839749
217.259, 525.851838678
217.325, 525.851834169
217.393, 525.851833952
217.462, 525.851833290
217.534, 525.851833865
217.595, 525.851830671
217.658, 525.851830178
217.723, 525.851830972
217.784, 525.851831154
217.846, 525.851823340
217.909, 525.851825995
217.97, 525.851821421
218.033, 525.851824062
218.095, 525.851822445
218.158, 525.851820306
218.222, 525.851820177
218.289, 525.851820682
218.35, 525.851818454
218.413, 525.851815247
218.478, 525.851812707
218.544, 525.851815029
218.606, 525.851809677
218.669, 525.851808679
218.733, 525.851810229
218.795, 525.851809241
218.858, 525.851806772
218.922, 525.851808847
218.984, 525.851804573
219.047, 525.851806528
219.108, 525.851807179
219.17, 525.851801716
219.233, 525.851799818
219.298, 525.851802318
219.359, 525.851798906
219.422, 525.851798432
219.487, 525.851797117
219.553, 525.851795040
219.621, 525.851794201
219.69, 525.851792840
219.762, 525.851789089
219.835, 525.851791754
219.896, 525.851789548
219.959, 525.851791052
220.021, 525.851785331
220.084, 525.851787228
220.145, 525.851782351
220.208, 525.851781801
220.273, 525.851781477
220.339, 525.851783122
220.401, 525.851777211
220.464, 525.851780961
220.525, 525.851776250
220.588, 525.851779316
220.65, 525.851774048
220.713, 525.851777439
220.774, 525.851772882
220.837, 525.851774765
220.899, 525.851770565
220.962, 525.851769224
221.027, 525.851766888
221.093, 525.851771138
221.154, 525.851766616
221.217, 525.851765281
221.282, 525.851766588
221.343, 525.851763055
221.407, 525.851762708
221.471, 525.851763597
221.533, 525.851762251
221.596, 525.851758219
221.66, 525.851758166
221.727, 525.851757334
221.794, 525.851756095
221.864, 525.851751925
221.935, 525.851753416
221.997, 525.851753392
222.06, 525.851750423
222.124, 525.851748616
222.191, 525.851750499
222.252, 525.851750297
222.315, 525.851742047
222.38, 525.851743799
222.441, 525.851743999
222.503, 525.851743409
222.566, 525.851738259
222.63, 525.851741114
222.692, 525.851738162
222.755, 525.851738642
222.817, 525.851737474
222.88, 525.851736483
222.944, 525.851735109
223.01, 525.851735604
223.072, 525.851730201
223.135, 525.851731325
223.196, 525.851728382
223.259, 525.851729602
223.321, 525.851727799
223.384, 525.851727742
223.449, 525.851729418
223.51, 525.851723906
223.573, 525.851723426
223.638, 525.851722599
223.704, 525.851721383
223.772, 525.851722027
223.833, 525.851718916
223.896, 525.851717602
223.961, 525.851716421
224.027, 525.851718260
224.089, 525.851712246
224.152, 525.851714418
224.213, 525.851709195
224.276, 525.851709365
224.338, 525.851707204
224.401, 525.851709598
224.462, 525.851704970
224.525, 525.851707562
224.587, 525.851705423
224.65, 525.851705845
224.711, 525.851702435
224.774, 525.851701838
224.839, 525.851700432
224.905, 525.851698443
224.973, 525.851696771
225.043, 525.851696155
225.114, 525.851695906
225.187, 525.851695293
225.262, 525.851695126
225.339, 525.851691936
225.418, 525.851690535
225.498, 525.851687907
225.581, 525.851686289
225.666, 525.851686271
225.753, 525.851681262
225.842, 525.851683521
225.903, 525.851680610
225.966, 525.851682796
226.028, 525.851678154
226.091, 525.851679804
226.152, 525.851674440
226.215, 525.851675448
226.277, 525.851673335
226.34, 525.851678245
226.401, 525.851672824
226.465, 525.851673356
226.526, 525.851667499
226.589, 525.851667180
226.654, 525.851668937
226.715, 525.851666230
226.778, 525.851665711
226.843, 525.851667098
226.904, 525.851662233
226.967, 525.851663918
227.029, 525.851662343
227.092, 525.851662426
227.153, 525.851656418
227.216, 525.851658901
227.278, 525.851659470
227.339, 525.851654445
227.402, 525.851652643
227.467, 525.851656011
227.529, 525.851651648
227.592, 525.851651415
227.656, 525.851651938
227.718, 525.851649341
227.781, 525.851649733
227.842, 525.851648768
227.905, 525.851646675
227.97, 525.851647333
228.031, 525.851644384
228.094, 525.851644270
228.159, 525.851640520
228.225, 525.851642322
228.287, 525.851636725
228.35, 525.851637989
228.411, 525.851634599
228.474, 525.851636731
228.536, 525.851633155
228.599, 525.851632165
228.664, 525.851629789
228.73, 525.851628454
228.798, 525.851632206
228.859, 525.851625056
228.922, 525.851629342
228.984, 525.851626332
229.047, 525.851625314
229.111, 525.851623549
229.178, 525.851624497
229.239, 525.851622830
229.302, 525.851621134
229.367, 525.851620339
229.433, 525.851616090
229.501, 525.851616067
229.57, 525.851615951
229.642, 525.851612662
229.715, 525.851613053
229.776, 525.851615969
229.838, 525.851608928
229.901, 525.851611467
229.962, 525.851609696
230.025, 525.851609789
230.087, 525.851606707
230.15, 525.851605342
230.215, 525.851604767
230.281, 525.851601620
230.349, 525.851602257
230.41, 525.851599537
230.473, 525.851599131
230.538, 525.851598897
230.604, 525.851597304
230.672, 525.851595654
230.742, 525.851594607
230.813, 525.851593681
230.886, 525.851591867
230.961, 525.851592362
231.022, 525.851589523
231.085, 525.851589578
231.147, 525.851583356
231.21, 525.851584408
231.271, 525.851583756
231.334, 525.851585281
231.396, 525.851582316
231.459, 525.851581016
231.524, 525.851579671
231.59, 525.851580255
231.651, 525.851579657
231.714, 525.851577818
231.779, 525.851577008
231.845, 525.851576313
231.913, 525.851576515
231.975, 525.851569094
232.038, 525.851572373
232.099, 525.851570495
232.162, 525.851567929
232.227, 525.851565103
232.293, 525.851565074
232.361, 525.851563782
232.431, 525.851563143
232.502, 525.851559996
232.575, 525.851560786
232.636, 525.851561312
232.698, 525.851559367
232.761, 525.851558312
232.826, 525.851556413
232.892, 525.851554660
232.96, 525.851551570
233.029, 525.851550971
233.101, 525.851549778
233.174, 525.851550567
233.235, 525.851544673
233.298, 525.851545822
233.36, 525.851546889
233.421, 525.851544926
233.484, 525.851545460
233.546, 525.851543476
233.609, 525.851541635
233.673, 525.851543702
233.735, 525.851536229
233.798, 525.851538580
233.859, 525.851538105
233.923, 525.851537571
233.987, 525.851536118
234.053, 525.851533477
234.121, 525.851532304
234.191, 525.851532214
234.262, 525.851531850
234.335, 525.851530683
234.41, 525.851530383
234.487, 525.851529299
234.566, 525.851524085
234.646, 525.851525373
234.708, 525.851524202
234.771, 525.851522382
234.836, 525.851524484
234.897, 525.851519872
234.96, 525.851522087
235.022, 525.851517847
235.085, 525.851514151
235.149, 525.851514646
235.211, 525.851515592
235.272, 525.851513863
235.335, 525.851509440
235.4, 525.851509929
235.461, 525.851509311
235.524, 525.851509861
235.586, 525.851505517
235.649, 525.851503469
235.714, 525.851507401
235.775, 525.851503637
235.838, 525.851500110
235.903, 525.851506089
235.964, 525.851498945
236.027, 525.851500289
236.089, 525.851497216
236.152, 525.851493904
236.216, 525.851497137
236.278, 525.851496019
236.341, 525.851494376
236.406, 525.851492408
236.472, 525.851490946
236.54, 525.851491919
236.601, 525.851490986
236.664, 525.851489567
236.729, 525.851490030
236.79, 525.851488521
236.853, 525.851484071
236.918, 525.851483975
236.984, 525.851479652
237.052, 525.851481340
237.114, 525.851482641
237.175, 525.851482692
237.237, 525.851480362
237.3, 525.851476369
237.364, 525.851478351
237.426, 525.851476999
237.489, 525.851474127
237.553, 525.851472392
237.62, 525.851474085
237.681, 525.851473456
237.744, 525.851468500
237.809, 525.851467440
237.875, 525.851473030
237.937, 525.851468337
238, 525.851464779
238.064, 525.851465196
238.126, 525.851461305
238.189, 525.851464094
238.25, 525.851462915
238.313, 525.851461679
238.378, 525.851461405
238.444, 525.851459047
238.512, 525.851458186
238.582, 525.851454549
238.653, 525.851455560
238.714, 525.851454524
238.777, 525.851451841
238.842, 525.851448953
238.908, 525.851451971
238.97, 525.851448810
239.033, 525.851448315
239.097, 525.851444664
239.164, 525.851443069
239.232, 525.851445889
239.293, 525.851441971
239.356, 525.851440754
239.421, 525.851439294
239.487, 525.851438378
239.555, 525.851442465
239.616, 525.851438276
239.679, 525.851434361
239.744, 525.851434274
239.81, 525.851435601
239.872, 525.851431419
239.935, 525.851430983
239.999, 525.851431046
240.061, 525.851429346
240.124, 525.851430212
240.185, 525.851425550
240.248, 525.851428731
240.31, 525.851427609
240.373, 525.851424370
240.438, 525.851422462
240.504, 525.851420891
240.572, 525.851419668
240.641, 525.851422516
240.703, 525.851417028
240.766, 525.851417839
240.827, 525.851415540
240.89, 525.851413399
240.955, 525.851413664
241.016, 525.851413295
241.079, 525.851409849
241.144, 525.851413991
241.206, 525.851410656
241.269, 525.851409491
241.333, 525.851410175
241.395, 525.851405001
241.458, 525.851404764
241.522, 525.851404291
241.589, 525.851404880
241.65, 525.851401932
241.713, 525.851400846
241.778, 525.851398574
241.844, 525.851398600
241.905, 525.851394847
241.969, 525.851391294
242.033, 525.851396955
242.095, 525.851391475
242.158, 525.851391132
242.222, 525.851390252
242.289, 525.851389976
242.356, 525.851388134
242.426, 525.851388996
242.487, 525.851387292
242.551, 525.851386127
242.615, 525.851384589
242.681, 525.851382486
242.749, 525.851386150
242.811, 525.851384879
242.874, 525.851378671
242.938, 525.851379222
243, 525.851378100
243.063, 525.851378007
243.128, 525.851377276
243.194, 525.851372488
243.262, 525.851374351
243.323, 525.851371355
243.386, 525.851372685
243.448, 525.851370459
243.511, 525.851370933
243.572, 525.851368112
243.635, 525.851366321
243.7, 525.851368064
243.761, 525.851366200
243.824, 525.851364421
243.889, 525.851363711
243.955, 525.851358821
244.023, 525.851358066
244.093, 525.851359953
244.154, 525.851357822
244.217, 525.851358468
244.279, 525.851356697
244.342, 525.851352379
244.406, 525.851350433
244.473, 525.851349796
244.541, 525.851351875
244.602, 525.851349072
244.665, 525.851346561
244.73, 525.851348046
244.791, 525.851344199
244.854, 525.851347186
244.916, 525.851345349
244.979, 525.851342637
245.043, 525.851341504
245.11, 525.851344374
245.171, 525.851340494
245.234, 525.851336092
245.299, 525.851337358
245.36, 525.851334590
245.423, 525.851336300
245.485, 525.851335271
245.548, 525.851331746
245.612, 525.851332295
245.674, 525.851331324
245.737, 525.851329272
245.802, 525.851327189
245.868, 525.851328775
245.929, 525.851324052
245.992, 525.851324293
246.054, 525.851324270
246.117, 525.851319137
246.182, 525.851321768
246.243, 525.851322846
246.305, 525.851315845
246.368, 525.851317676
246.429, 525.851317923
246.491, 525.851317709
246.554, 525.851315248
246.618, 525.851315866
246.68, 525.851311446
246.743, 525.851312999
246.804, 525.851312843
246.867, 525.851310842
246.932, 525.851306837
246.998, 525.851305077
247.066, 525.851304222
247.136, 525.851307198
247.197, 525.851302920
247.26, 525.851303506
247.322, 525.851298938
247.385, 525.851301216
247.446, 525.851300517
247.509, 525.851299431
247.574, 525.851295548
247.64, 525.851297784
247.702, 525.851294333
247.765, 525.851290876
247.829, 525.851291600
247.891, 525.851294067
247.952, 525.851290684
248.015, 525.851289184
248.08, 525.851291085
248.141, 525.851289018
248.204, 525.851285563
248.269, 525.851285711
248.33, 525.851285149
248.394, 525.851284609
248.458, 525.851281280
248.524, 525.851282311
248.586, 525.851281140
248.649, 525.851281880
248.71, 525.851275643
248.773, 525.851280152
248.835, 525.851271422
248.898, 525.851275280
248.959, 525.851269412
249.023, 525.851271939
249.084, 525.851271861
249.147, 525.851270569
249.212, 525.851269837
249.278, 525.851266658
249.346, 525.851263163
249.415, 525.851267023
249.477, 525.851264809
249.54, 525.851262253
249.605, 525.851259961
249.671, 525.851262632
249.732, 525.851260478
249.795, 525.851260075
249.86, 525.851259787
249.926, 525.851255592
249.994, 525.851254945
250.064, 525.851254365
250.135, 525.851255065
250.196, 525.851252320
250.259, 525.851249577
250.324, 525.851248205
250.39, 525.851249602
250.452, 525.851244249
250.515, 525.851245469
250.576, 525.851243943
250.639, 525.851243575
250.704, 525.851243553
250.77, 525.851240934
250.838, 525.851237815
250.908, 525.851241153
250.969, 525.851236728
251.032, 525.851234993
251.097, 525.851237389
251.158, 525.851233069
251.221, 525.851233778
251.283, 525.851234760
251.344, 525.851231004
251.407, 525.851230680
251.472, 525.851228869
251.538, 525.851227340
251.606, 525.851228907
251.668, 525.851223067
251.731, 525.851225136
251.792, 525.851225758
251.854, 525.851220955
251.917, 525.851222561
251.978, 525.851217739
252.041, 525.851220214
252.103, 525.851217587
252.166, 525.851217143
252.23, 525.851215372
252.297, 525.851213732
252.365, 525.851215484
252.426, 525.851210694
252.489, 525.851211484
252.551, 525.851211113
252.614, 525.851208496
252.678, 525.851205591
252.744, 525.851205373
252.812, 525.851205900
252.874, 525.851204278
252.937, 525.851201531
253.001, 525.851203484
253.063, 525.851198834
253.126, 525.851199092
253.187, 525.851199237
253.249, 525.851198891
253.312, 525.851194107
253.377, 525.851197082
253.438, 525.851195679
253.501, 525.851193020
253.566, 525.851191929
253.632, 525.851189104
253.7, 525.851186901
253.769, 525.851188973
253.831, 525.851187600
253.894, 525.851186532
253.959, 525.851187383
254.02, 525.851184261
254.083, 525.851184693
254.145, 525.851183143
254.208, 525.851178159
254.272, 525.851180745
254.334, 525.851178075
254.397, 525.851180200
254.458, 525.851175942
254.521, 525.851178427
254.583, 525.851176215
254.646, 525.851176571
254.707, 525.851172124
254.77, 525.851165844
254.835, 525.851169940
254.897, 525.851169074
254.96, 525.851166277
255.024, 525.851166648
255.086, 525.851166365
255.149, 525.851166595
255.21, 525.851162395
255.273, 525.851159113
255.338, 525.851160962
255.399, 525.851159490
255.462, 525.851159755
255.524, 525.851160838
255.585, 525.851154783
255.649, 525.851157188
255.71, 525.851156069
255.773, 525.851152664
255.838, 525.851156455
255.899, 525.851152475
255.962, 525.851147854
256.027, 525.851148943
256.088, 525.851145640
256.151, 525.851146943
256.213, 525.851147888
256.274, 525.851144991
256.337, 525.851143453
256.402, 525.851143096
256.468, 525.851144139
256.53, 525.851138378
256.593, 525.851138986
256.654, 525.851138605
256.717, 525.851137551
256.782, 525.851137520
256.848, 525.851135359
256.916, 525.851134112
256.986, 525.851132170
257.057, 525.851133466
257.118, 525.851128224
257.181, 525.851128106
257.246, 525.851131643
257.308, 525.851128613
257.371, 525.851127689
257.435, 525.851126729
