0.06, 0.0237122
0.12, 0.0246582
0.18, 0.0246582
0.2415, 0.0246582
0.304538, 0.0246277
0.369151, 0.0246277
0.43538, 0.0246277
0.503264, 0.0246582
0.572846, 0.0246582
0.644167, 0.0246582
0.717271, 0.0246582
0.792203, 0.0246887
0.869008, 0.0246887
0.947733, 0.0246887
1.02843, 0.0246887
1.11114, 0.0246887
1.19592, 0.0246887
1.28281, 0.0246887
1.37188, 0.0246887
1.46318, 0.0246887
1.55676, 0.0246887
1.65268, 0.0246887
1.751, 0.0247192
1.85177, 0.0247498
1.95507, 0.0248108
2.06094, 0.0247803
2.16947, 0.0247803
2.2807, 0.0248108
2.39472, 0.0248413
2.51159, 0.0248718
2.63138, 0.0248718
2.75416, 0.0249023
2.88002, 0.0249023
3.00902, 0.0249023
3.14124, 0.0249023
3.27677, 0.0249023
3.41569, 0.0249023
3.55808, 0.0249023
3.70404, 0.0249023
3.85364, 0.0249023
4.00698, 0.0249329
4.16415, 0.0249329
4.32526, 0.0249634
4.49039, 0.0249634
4.65965, 0.0249634
4.83314, 0.0249634
5.01097, 0.0250244
5.19324, 0.0250244
5.38007, 0.0249939
5.57157, 0.0249939
5.76786, 0.0249939
5.96906, 0.0249939
6.17529, 0.0249939
6.38667, 0.0249939
6.60334, 0.0249939
6.82542, 0.0249939
7.05306, 0.0249939
7.28638, 0.0249939
7.52554, 0.0249939
7.77068, 0.0250854
8.02195, 0.0251465
8.2795, 0.025238
8.54348, 0.0252686
8.81407, 0.0252991
9.09142, 0.025238
9.37571, 0.0252686
9.6671, 0.0253296
9.96578, 0.0253296
10.2719, 0.0253601
10.5857, 0.0253906
10.9074, 0.0254517
11.237, 0.0254822
11.575, 0.0255127
11.9213, 0.0255127
12.2764, 0.0255127
12.6403, 0.0255127
13.0133, 0.0255127
13.3956, 0.0255432
13.7875, 0.0255432
14.1892, 0.0256042
14.6009, 0.0256348
15.023, 0.0257568
15.4555, 0.0257568
15.8989, 0.0257568
16.3534, 0.0257568
16.8192, 0.0257874
17.2967, 0.0257874
17.7861, 0.0258179
18.2878, 0.0258179
18.802, 0.0258179
19.329, 0.0258179
19.8693, 0.0258484
20.423, 0.0258179
20.9906, 0.0258179
21.5723, 0.0258179
22.1686, 0.0258789
22.7798, 0.0258789
23.4063, 0.0258789
24.0485, 0.0259094
24.7067, 0.0259399
25.3814, 0.0259399
26.0729, 0.0259705
26.7817, 0.026062
27.5083, 0.0261536
28.253, 0.0262146
29.0163, 0.0262451
29.7987, 0.0262756
30.6007, 0.0262756
31.4227, 0.0263062
32.2653, 0.0263367
33.1289, 0.0263367
34.0141, 0.0263367
34.9215, 0.0263977
35.8515, 0.0263672
36.8048, 0.0263062
37.7819, 0.0263367
38.7835, 0.0263367
39.8101, 0.0263672
40.8623, 0.0263672
41.9409, 0.0263672
43.0464, 0.0263367
44.1796, 0.0263367
45.341, 0.0263672
46.5316, 0.0264587
47.7519, 0.0263977
49.0027, 0.0263672
50.2847, 0.0263977
51.5988, 0.0263672
52.9458, 0.0264282
54.3265, 0.0263672
55.7416, 0.0263977
57.1922, 0.0263367
58.679, 0.0263367
60.2029, 0.0263367
61.765, 0.0263367
63.3661, 0.0262756
65.0073, 0.0262756
66.6895, 0.0262451
68.4137, 0.0261841
70.1811, 0.0260925
71.9926, 0.026062
73.8494, 0.0260315
75.7526, 0.026001
77.7034, 0.0259399
79.703, 0.0258789
81.7526, 0.0258484
83.8534, 0.0258179
86.0068, 0.0258484
88.2139, 0.0257874
90.4763, 0.0257874
92.7952, 0.0257874
95.1721, 0.0257874
97.6084, 0.0256958
100.106, 0.0256653
102.665, 0.0256958
105.289, 0.0256348
107.978, 0.0256348
110.735, 0.0255432
113.56, 0.0256042
116.456, 0.0256042
119.424, 0.0255432
122.467, 0.0254822
125.586, 0.0254517
128.782, 0.0254211
132.059, 0.0253906
135.417, 0.0253601
138.86, 0.0253601
142.388, 0.0253906
146.005, 0.0253296
149.712, 0.0252991
153.512, 0.0253296
157.407, 0.0253601
161.399, 0.0253601
165.491, 0.0253296
169.685, 0.0252686
173.984, 0.0252686
178.391, 0.025238
182.907, 0.025238
187.537, 0.0252686
192.283, 0.0252991
197.147, 0.0252686
202.132, 0.0252686
207.243, 0.025177
212.481, 0.0251465
217.85, 0.025116
223.353, 0.025116
228.994, 0.0251465
234.776, 0.025177
240.702, 0.0251465
246.777, 0.0251465
253.003, 0.025116
259.385, 0.0250854
265.927, 0.0250244
272.632, 0.0249939
279.505, 0.0249329
286.549, 0.0248718
293.77, 0.0248108
301.171, 0.0247803
308.757, 0.0246582
316.533, 0.0245972
324.504, 0.0246277
332.673, 0.0245361
341.047, 0.0245361
349.63, 0.0245056
358.428, 0.0245056
367.446, 0.0244446
376.689, 0.0244446
386.163, 0.0243835
395.874, 0.024353
405.828, 0.0243225
416.031, 0.0243225
416.091, 0.0243225
416.151, 0.0243225
416.212, 0.0243225
416.275, 0.0243225
416.34, 0.0243225
416.406, 0.0243225
416.474, 0.0243225
416.544, 0.0243225
416.615, 0.0243225
416.688, 0.0243225
416.763, 0.0243225
416.84, 0.0243225
416.919, 0.0243225
416.999, 0.0243225
417.082, 0.0243225
417.167, 0.0243225
417.254, 0.0243225
417.343, 0.0243225
417.434, 0.0243225
417.528, 0.0243225
417.624, 0.0243225
417.722, 0.0243225
417.823, 0.0243225
417.926, 0.0243225
418.032, 0.0243225
418.14, 0.0243225
418.252, 0.0243225
418.366, 0.0243225
418.482, 0.0243225
418.602, 0.0243225
418.725, 0.0243225
418.851, 0.0243225
418.98, 0.0243225
419.112, 0.0243225
419.248, 0.0243225
419.387, 0.0243225
419.529, 0.0243225
419.675, 0.0243225
419.824, 0.0243225
419.978, 0.0243225
420.135, 0.0243225
420.296, 0.0243225
420.461, 0.0243225
420.63, 0.024292
420.804, 0.024292
420.982, 0.024292
421.164, 0.024292
421.351, 0.024292
421.542, 0.024292
421.739, 0.024292
421.94, 0.024292
422.146, 0.024292
422.357, 0.024292
422.574, 0.024292
422.796, 0.024292
423.024, 0.024292
423.257, 0.024292
423.496, 0.024292
423.742, 0.024292
423.993, 0.024292
424.25, 0.024292
424.514, 0.024292
424.785, 0.024292
425.062, 0.024292
425.347, 0.0242615
425.638, 0.0242615
425.937, 0.0242615
426.243, 0.0242615
426.557, 0.024292
426.878, 0.024292
427.208, 0.024292
427.546, 0.0242615
427.892, 0.0242615
428.247, 0.0242615
428.611, 0.0242615
428.984, 0.0242615
429.366, 0.0242615
429.758, 0.0242615
430.16, 0.0242615
430.572, 0.0242615
430.994, 0.0242615
431.426, 0.0242615
431.87, 0.0242615
432.324, 0.0242615
432.79, 0.024231
433.268, 0.024231
433.757, 0.024231
434.259, 0.024231
434.773, 0.024231
435.3, 0.024231
435.84, 0.024231
436.394, 0.024231
436.961, 0.024231
437.543, 0.024231
438.139, 0.0242004
438.751, 0.0242004
439.377, 0.0242004
440.019, 0.0242004
440.678, 0.0242004
441.352, 0.0242004
442.044, 0.0242004
442.753, 0.024231
443.479, 0.024231
444.224, 0.024231
444.987, 0.024231
445.77, 0.024231
446.572, 0.024231
447.394, 0.024231
448.236, 0.024231
449.1, 0.024231
449.985, 0.024231
450.892, 0.024231
451.822, 0.024231
452.776, 0.024231
453.753, 0.024231
454.754, 0.0242004
455.781, 0.0242004
456.833, 0.0242004
457.912, 0.0241699
459.017, 0.0241699
460.15, 0.0241699
461.312, 0.0241699
462.502, 0.0241699
463.723, 0.0241699
464.973, 0.0241699
466.256, 0.0241699
467.57, 0.0241699
468.917, 0.0241699
470.297, 0.0241699
471.712, 0.0241699
473.163, 0.0241699
474.65, 0.0241699
476.174, 0.0241699
477.736, 0.0241699
479.337, 0.0241699
480.978, 0.0241699
482.66, 0.0241699
484.385, 0.0241699
486.152, 0.0241699
487.963, 0.0241699
489.82, 0.0241699
491.723, 0.0241699
493.674, 0.0241699
495.674, 0.0241089
497.723, 0.0241089
499.824, 0.0241089
501.978, 0.0241089
504.185, 0.0241089
504.245, 0.0240173
504.306, 0.0240173
504.369, 0.0240173
504.434, 0.0240173
504.5, 0.0240173
504.568, 0.0240173
504.638, 0.0240173
504.709, 0.0240173
504.782, 0.0240173
504.857, 0.0240173
504.934, 0.0240173
505.012, 0.0240173
505.093, 0.0240173
505.176, 0.0240173
505.261, 0.0240173
505.348, 0.0240173
505.437, 0.0240173
505.528, 0.0240173
505.622, 0.0240173
505.717, 0.0240173
505.816, 0.0240173
505.917, 0.0240173
506.02, 0.0240173
506.126, 0.0240173
506.234, 0.0240173
506.345, 0.0240173
506.459, 0.0240173
506.576, 0.0240173
506.696, 0.0240173
506.819, 0.0240173
506.945, 0.0240173
507.074, 0.0240173
507.206, 0.0240173
507.342, 0.0240173
507.48, 0.0240173
507.623, 0.0240173
507.769, 0.0240173
507.918, 0.0240173
508.072, 0.0240173
508.229, 0.0239868
508.39, 0.0239563
508.555, 0.0239563
508.724, 0.0239563
508.898, 0.0239563
509.076, 0.0239563
509.258, 0.0239563
509.445, 0.0239563
509.636, 0.0239563
509.833, 0.0239563
510.034, 0.0239258
510.24, 0.0239258
510.451, 0.0239258
510.668, 0.0239258
510.89, 0.0239258
511.118, 0.0239258
511.351, 0.0239258
511.59, 0.0239258
511.835, 0.0239258
512.087, 0.0239258
512.344, 0.0239258
512.608, 0.0239258
512.879, 0.0239258
513.156, 0.0239258
513.44, 0.0239258
513.732, 0.0239563
514.031, 0.0239563
514.337, 0.0239563
514.65, 0.0239563
514.972, 0.0239563
515.302, 0.0239563
515.64, 0.0239563
515.986, 0.0239563
516.341, 0.0239563
516.705, 0.0239563
517.078, 0.0239563
517.46, 0.0239563
517.852, 0.0239563
518.254, 0.0239563
518.666, 0.0239563
519.088, 0.0239563
519.52, 0.0239563
519.964, 0.0239563
520.418, 0.0239563
520.884, 0.0239563
521.361, 0.0239563
521.851, 0.0239563
522.353, 0.0239563
522.867, 0.0239563
523.394, 0.0239563
523.934, 0.0239563
524.488, 0.0239563
525.055, 0.0239563
525.637, 0.0239563
526.233, 0.0239563
526.845, 0.0239563
527.471, 0.0239563
528.113, 0.0239563
528.771, 0.0239563
529.446, 0.0239563
530.138, 0.0239563
530.847, 0.0239563
531.573, 0.0239563
532.318, 0.0239563
533.081, 0.0239563
533.863, 0.0239563
534.665, 0.0239258
535.487, 0.0239258
536.33, 0.0239258
537.194, 0.0239258
538.079, 0.0239258
538.986, 0.0239563
539.916, 0.0239563
540.87, 0.0239563
541.847, 0.0239563
542.848, 0.0239563
543.875, 0.0239563
544.927, 0.0239563
546.006, 0.0239258
547.111, 0.0239258
548.244, 0.0239258
549.406, 0.0239258
550.596, 0.0239258
551.817, 0.0239258
553.067, 0.0239258
554.349, 0.0239258
555.664, 0.0238953
557.011, 0.0238953
558.391, 0.0238953
559.806, 0.0238953
561.257, 0.0238647
562.744, 0.0238647
564.268, 0.0238647
565.83, 0.0238647
567.431, 0.0238647
569.072, 0.0238647
570.754, 0.0238647
572.478, 0.0238647
574.246, 0.0238647
576.057, 0.0238647
577.914, 0.0238647
579.817, 0.0238647
581.768, 0.0238647
583.768, 0.0238647
585.817, 0.0238647
587.918, 0.0238647
590.072, 0.0238647
592.279, 0.0238647
594.541, 0.0238647
596.86, 0.0238342
599.237, 0.0238342
601.673, 0.0238342
604.17, 0.0238342
606.73, 0.0238342
609.354, 0.0238342
612.043, 0.0238037
614.799, 0.0238037
617.625, 0.0238037
620.521, 0.0237427
623.489, 0.0237427
626.532, 0.0237427
629.65, 0.0237427
632.847, 0.0237427
636.124, 0.0237427
639.482, 0.0237427
642.924, 0.0237427
646.453, 0.0237427
650.07, 0.0237427
653.777, 0.0237427
657.577, 0.0237427
661.471, 0.0237427
665.463, 0.0237427
669.555, 0.0237427
673.75, 0.0237427
678.049, 0.0237427
682.455, 0.0237427
686.972, 0.0237427
691.602, 0.0237427
696.347, 0.0237427
701.211, 0.0237427
706.197, 0.0237427
711.307, 0.0237427
716.545, 0.0236816
721.914, 0.0236816
727.418, 0.0236816
733.059, 0.0236511
738.84, 0.0236206
744.767, 0.0236206
750.841, 0.0236206
757.068, 0.0236206
763.45, 0.0236206
769.991, 0.0236511
776.697, 0.0236511
783.569, 0.0236511
790.614, 0.0236511
797.835, 0.0236206
805.236, 0.0235901
812.822, 0.0235901
820.598, 0.0235901
828.569, 0.0235901
836.738, 0.0235901
845.112, 0.0235901
853.695, 0.0235901
862.493, 0.0235901
871.511, 0.0235901
880.754, 0.0235901
890.228, 0.0235901
899.939, 0.0235901
909.893, 0.0236206
920.096, 0.0236206
930.553, 0.0236206
941.273, 0.0235901
952.26, 0.0235901
963.522, 0.0235901
975.065, 0.0235901
986.897, 0.0235901
999.025, 0.0235901
1011.46, 0.0235596
1024.2, 0.0235596
1037.26, 0.0235596
1050.64, 0.0235596
1064.37, 0.0235291
1078.43, 0.0235291
1092.85, 0.0235291
1107.62, 0.0235291
1122.77, 0.0235291
1138.29, 0.0235291
1154.21, 0.0234985
1170.52, 0.023468
1187.24, 0.023468
1204.37, 0.0234375
1221.94, 0.023407
1239.94, 0.023407
1258.39, 0.023407
1258.45, 0.023407
1258.52, 0.023407
1258.58, 0.023407
1258.64, 0.023407
1258.71, 0.023407
1258.78, 0.023407
1258.85, 0.023407
1258.92, 0.023407
1258.99, 0.023407
1259.07, 0.023407
1259.14, 0.023407
1259.2, 0.023407
1259.26, 0.023407
1259.33, 0.023407
1259.39, 0.023407
1259.46, 0.023407
1259.53, 0.023407
1259.6, 0.023407
1259.67, 0.023407
1259.74, 0.023407
1259.8, 0.023407
1259.86, 0.023407
1259.93, 0.023407
1259.99, 0.023407
1260.06, 0.023407
1260.12, 0.023407
1260.18, 0.023407
1260.24, 0.023407
1260.3, 0.023407
1260.36, 0.023407
1260.43, 0.023407
1260.49, 0.023407
1260.56, 0.023407
1260.63, 0.023407
1260.7, 0.023407
1260.77, 0.023407
1260.85, 0.023407
1260.93, 0.023407
1261.01, 0.023407
1261.07, 0.023407
1261.13, 0.023407
1261.19, 0.023407
1261.25, 0.023407
1261.31, 0.023407
1261.38, 0.023407
1261.44, 0.023407
1261.51, 0.023407
1261.58, 0.023407
1261.65, 0.023407
1261.72, 0.023407
1261.78, 0.023407
1261.85, 0.023407
1261.91, 0.023407
1261.97, 0.023407
1262.03, 0.023407
1262.09, 0.023407
1262.16, 0.023407
1262.23, 0.023407
1262.3, 0.023407
1262.37, 0.023407
1262.43, 0.023407
1262.49, 0.0234375
1262.55, 0.0234375
1262.61, 0.0234375
1262.67, 0.0234375
1262.74, 0.0234375
1262.8, 0.0234375
1262.86, 0.0234375
1262.92, 0.0234375
1262.98, 0.0234375
1263.04, 0.0234375
1263.1, 0.0234375
1263.16, 0.0234375
1263.23, 0.0234375
1263.29, 0.0234375
1263.35, 0.0234375
1263.41, 0.0234375
1263.47, 0.0234375
1263.53, 0.0234375
1263.59, 0.0234375
1263.65, 0.0234375
1263.72, 0.0234375
1263.78, 0.0234375
1263.84, 0.0234375
1263.9, 0.0234375
1263.96, 0.0234375
1264.02, 0.0234375
1264.09, 0.0234375
1264.15, 0.0234375
1264.22, 0.0234375
1264.29, 0.0234375
1264.36, 0.0234375
1264.43, 0.0234375
1264.5, 0.0234375
1264.58, 0.0234375
1264.65, 0.0234375
1264.73, 0.0234375
1264.79, 0.0234375
1264.85, 0.0234375
1264.92, 0.0234375
1264.98, 0.0234375
1265.04, 0.0234375
1265.1, 0.0234375
1265.16, 0.0234375
1265.22, 0.0234375
1265.29, 0.0234375
1265.35, 0.0234375
1265.41, 0.0234375
1265.48, 0.0234375
1265.55, 0.0234375
1265.62, 0.0234375
1265.69, 0.0234375
1265.76, 0.0234375
1265.82, 0.0234375
1265.88, 0.0234375
1265.95, 0.0234375
1266.01, 0.0234375
1266.07, 0.0234375
1266.13, 0.0234375
1266.2, 0.0234375
1266.26, 0.0234375
1266.32, 0.0234375
1266.38, 0.0234375
1266.44, 0.0234375
1266.51, 0.0234375
1266.58, 0.0234375
1266.65, 0.0234375
1266.72, 0.0234375
1266.79, 0.0234375
1266.85, 0.0234375
1266.91, 0.0234375
1266.98, 0.0234375
1267.04, 0.0234375
1267.11, 0.0234375
1267.17, 0.0234375
1267.23, 0.0234375
1267.29, 0.0234375
1267.36, 0.0234375
1267.42, 0.0234375
1267.48, 0.0234375
1267.54, 0.0234375
1267.6, 0.0234375
1267.66, 0.0234375
1267.72, 0.0234375
1267.78, 0.0234375
1267.85, 0.0234375
1267.91, 0.0234375
1267.98, 0.0234375
1268.05, 0.0234375
1268.11, 0.0234375
1268.17, 0.0234375
1268.23, 0.0234375
1268.29, 0.0234375
1268.35, 0.0234375
1268.42, 0.0234375
1268.48, 0.0234375
1268.54, 0.0234375
1268.6, 0.0234375
1268.66, 0.0234375
1268.72, 0.0234375
1268.78, 0.0234375
1268.84, 0.0234375
1268.91, 0.0234375
1268.97, 0.0234375
1269.03, 0.0234375
1269.09, 0.0234375
1269.16, 0.0234375
1269.22, 0.0234375
1269.29, 0.0234375
1269.36, 0.0234375
1269.43, 0.0234375
1269.49, 0.0234375
1269.55, 0.0234375
1269.61, 0.0234375
1269.67, 0.0234375
1269.74, 0.0234375
1269.81, 0.0234375
1269.87, 0.0234375
1269.93, 0.0234375
1269.99, 0.0234375
1270.05, 0.0234375
1270.11, 0.0234375
1270.17, 0.0234375
1270.24, 0.0234375
1270.3, 0.0234375
1270.36, 0.0234375
1270.42, 0.0234375
1270.48, 0.0234375
1270.54, 0.0234375
1270.61, 0.0234375
1270.67, 0.0234375
1270.73, 0.0234375
1270.79, 0.0234375
1270.85, 0.0234375
1270.92, 0.0234375
1270.99, 0.0234375
1271.05, 0.0234375
1271.12, 0.0234375
1271.18, 0.0234375
1271.24, 0.0234375
1271.31, 0.0234375
1271.37, 0.0234375
1271.43, 0.0234375
1271.49, 0.0234375
1271.55, 0.0234375
1271.61, 0.0234375
1271.67, 0.0234375
1271.74, 0.0234375
1271.8, 0.0234375
1271.86, 0.0234375
1271.92, 0.0234375
1271.99, 0.0234375
1272.05, 0.0234375
1272.12, 0.0234375
1272.19, 0.0234375
1272.26, 0.0234375
1272.33, 0.0234375
1272.41, 0.0234375
1272.47, 0.0234375
1272.53, 0.0234375
1272.59, 0.0234375
1272.66, 0.0234375
1272.72, 0.0234375
1272.79, 0.0234375
1272.86, 0.0234375
1272.92, 0.0234375
1272.98, 0.0234375
1273.05, 0.0234375
1273.11, 0.0234375
1273.17, 0.0234375
1273.23, 0.0234375
1273.29, 0.0234375
1273.35, 0.0234375
1273.42, 0.0234375
1273.48, 0.0234375
1273.55, 0.0234375
1273.61, 0.0234375
1273.67, 0.0234375
1273.74, 0.0234375
1273.8, 0.0234375
1273.86, 0.0234375
1273.92, 0.0234375
1273.98, 0.0234375
1274.05, 0.0234375
1274.12, 0.0234375
1274.19, 0.0234375
1274.25, 0.0234375
1274.31, 0.0234375
1274.37, 0.0234375
1274.43, 0.0234375
1274.49, 0.0234375
1274.55, 0.0234375
1274.61, 0.0234375
1274.67, 0.0234375
1274.74, 0.0234375
1274.8, 0.0234375
1274.86, 0.0234375
1274.92, 0.0234375
1274.98, 0.0234375
1275.04, 0.0234375
1275.11, 0.0234375
1275.17, 0.0234375
1275.24, 0.0234375
1275.3, 0.0234375
1275.37, 0.0234375
1275.45, 0.0234375
1275.52, 0.0234375
1275.58, 0.0234375
1275.64, 0.0234375
1275.7, 0.0234375
1275.76, 0.0234375
1275.82, 0.0234375
1275.89, 0.0234375
1275.95, 0.0234375
1276.02, 0.0234375
1276.08, 0.0234375
1276.14, 0.0234375
1276.2, 0.0234375
1276.26, 0.0234375
1276.32, 0.0234375
1276.39, 0.0234375
1276.45, 0.0234375
1276.52, 0.0234375
1276.58, 0.0234375
1276.64, 0.0234375
1276.7, 0.0234375
1276.77, 0.0234375
1276.83, 0.0234375
1276.89, 0.0234375
1276.95, 0.0234375
1277.02, 0.0234375
1277.08, 0.0234375
1277.15, 0.0234375
1277.22, 0.0234375
1277.29, 0.0234375
1277.37, 0.0234375
1277.44, 0.0234375
1277.52, 0.0234375
1277.6, 0.0234375
1277.68, 0.0234375
1277.74, 0.0234375
1277.8, 0.0234375
1277.86, 0.0234375
1277.93, 0.0234375
1277.99, 0.0234375
1278.05, 0.0234375
1278.11, 0.0234375
1278.17, 0.0234375
1278.24, 0.0234375
1278.3, 0.0234375
1278.37, 0.0234375
1278.43, 0.0234375
1278.49, 0.0234375
1278.56, 0.0234375
1278.62, 0.0234375
1278.68, 0.0234375
1278.74, 0.0234375
1278.81, 0.0234375
1278.87, 0.0234375
1278.93, 0.0234375
1279, 0.0234375
1279.07, 0.0234375
1279.14, 0.0234375
1279.21, 0.0234375
1279.28, 0.0234375
1279.34, 0.0234375
1279.4, 0.0234375
1279.46, 0.0234375
1279.52, 0.0234375
1279.59, 0.0234375
1279.65, 0.0234375
1279.71, 0.0234375
1279.77, 0.0234375
1279.84, 0.0234375
1279.9, 0.0234375
1279.97, 0.0234375
1280.04, 0.0234375
1280.11, 0.0234375
1280.18, 0.0234375
1280.26, 0.0234375
1280.34, 0.0234375
1280.4, 0.0234375
1280.46, 0.0234375
1280.52, 0.0234375
1280.58, 0.0234375
1280.64, 0.0234375
1280.7, 0.0234375
1280.76, 0.0234375
1280.83, 0.0234375
1280.89, 0.0234375
1280.96, 0.0234375
1281.03, 0.0234375
1281.1, 0.0234375
1281.17, 0.0234375
1281.24, 0.0234375
1281.31, 0.0234375
1281.39, 0.0234375
1281.47, 0.0234375
1281.55, 0.0234375
1281.63, 0.0234375
1281.72, 0.0234375
1281.81, 0.0234375
1281.89, 0.0234375
1281.99, 0.0234375
1282.08, 0.0234375
1282.18, 0.0234375
1282.27, 0.0234375
1282.33, 0.0234375
1282.39, 0.0234375
1282.45, 0.0234375
1282.52, 0.0234375
1282.58, 0.0234375
1282.64, 0.0234375
1282.71, 0.0234375
1282.78, 0.0234375
1282.85, 0.0234375
1282.92, 0.0234375
1282.99, 0.0234375
1283.07, 0.0234375
1283.14, 0.0234375
1283.2, 0.0234375
1283.27, 0.0234375
1283.33, 0.0234375
1283.39, 0.0234375
1283.45, 0.0234375
1283.51, 0.0234375
1283.58, 0.0234375
1283.65, 0.0234375
1283.72, 0.0234375
1283.79, 0.0234375
1283.86, 0.0234375
1283.94, 0.0234375
1284.01, 0.0234375
1284.09, 0.0234375
1284.17, 0.0234375
1284.26, 0.0234375
1284.34, 0.0234375
1284.43, 0.0234375
1284.52, 0.0234375
1284.61, 0.0234375
1284.7, 0.0234375
1284.8, 0.0234375
1284.9, 0.0234375
1285, 0.0234375
1285.1, 0.0234375
1285.21, 0.0234375
1285.31, 0.0234375
1285.43, 0.0234375
1285.54, 0.0234375
1285.66, 0.0234375
1285.78, 0.0234375
1285.9, 0.0234375
1286.03, 0.0234375
1286.15, 0.0234375
1286.29, 0.0234375
1286.42, 0.0234375
1286.56, 0.0234375
1286.7, 0.0234375
1286.85, 0.0234375
1287, 0.0234375
1287.15, 0.0234375
1287.31, 0.0234375
1287.47, 0.0234375
1287.64, 0.0234375
1287.8, 0.0234375
1287.98, 0.0234375
1288.16, 0.0234375
1288.34, 0.0234375
1288.53, 0.0234375
1288.72, 0.0234375
1288.91, 0.0234375
1289.11, 0.0234375
1289.32, 0.0234375
1289.53, 0.0234375
1289.75, 0.0234375
1289.97, 0.0234375
1290.2, 0.0234375
1290.43, 0.0234375
1290.67, 0.0234375
1290.92, 0.0234375
1291.17, 0.0234375
1291.42, 0.0234375
1291.69, 0.0234375
1291.96, 0.0234375
1292.24, 0.0234375
1292.52, 0.0234375
1292.81, 0.0234375
1293.11, 0.0234375
1293.42, 0.0234375
1293.73, 0.0234375
1294.05, 0.0234375
1294.38, 0.0234375
1294.72, 0.0234375
1295.07, 0.0234375
1295.42, 0.0234375
1295.79, 0.0234375
1296.16, 0.0234375
1296.54, 0.0234375
1296.93, 0.0234375
1297.33, 0.0234375
1297.75, 0.0234375
1298.17, 0.0234375
1298.6, 0.0234375
1299.04, 0.0234375
1299.5, 0.0234375
1299.96, 0.0234375
1300.44, 0.0234375
1300.93, 0.0234375
1301.43, 0.023407
1301.95, 0.023407
1302.47, 0.023407
1303.01, 0.023407
1303.57, 0.023407
1304.14, 0.023407
1304.72, 0.023407
1305.31, 0.023407
1305.93, 0.023407
1306.55, 0.023407
1307.19, 0.023407
1307.85, 0.023407
1308.53, 0.023407
1309.22, 0.023407
1309.93, 0.023407
1310.65, 0.023407
1311.4, 0.023407
1312.16, 0.023407
1312.94, 0.023407
1313.75, 0.023407
1314.57, 0.023407
1315.41, 0.023407
1316.27, 0.023407
1317.16, 0.023407
1318.07, 0.023407
1319, 0.023407
1319.95, 0.023407
1320.93, 0.023407
1321.93, 0.023407
1322.96, 0.023407
1324.01, 0.023407
1325.09, 0.023407
1326.19, 0.023407
1327.32, 0.023407
1328.49, 0.023407
1329.68, 0.023407
1330.9, 0.023407
1332.15, 0.023407
1333.43, 0.023407
1334.74, 0.023407
1336.09, 0.023407
1337.47, 0.023407
1338.89, 0.023407
1340.34, 0.023407
1341.82, 0.0233765
1343.35, 0.0233765
1344.91, 0.0233765
1346.51, 0.0233459
1348.15, 0.0233459
1349.83, 0.0233459
1351.56, 0.0233459
1353.33, 0.0233154
1355.14, 0.0233154
1356.99, 0.0233154
1358.9, 0.0233154
1360.85, 0.0233154
1362.85, 0.0233154
1364.9, 0.0233154
1367, 0.0232849
1369.15, 0.0232849
1371.36, 0.0232849
1373.62, 0.0232849
1375.94, 0.0232849
1378.32, 0.0232849
1380.75, 0.0232849
1383.25, 0.0232849
1385.81, 0.0232849
1388.43, 0.0232849
1391.12, 0.0232849
1393.88, 0.0232849
1396.71, 0.0232849
1399.6, 0.0232849
1402.57, 0.0232849
1405.61, 0.0232849
1408.73, 0.0232849
1411.93, 0.0232849
1415.2, 0.0232849
1418.56, 0.0232849
1422, 0.0232849
1425.53, 0.0232849
1429.15, 0.0232849
1432.86, 0.0232849
1436.66, 0.0232849
1440.55, 0.0232849
1444.54, 0.0232849
1448.64, 0.0232544
1452.83, 0.0232544
1457.13, 0.0232544
1461.54, 0.0232544
1466.05, 0.0232544
1470.68, 0.0232544
1475.43, 0.0232544
1480.29, 0.0232544
1485.28, 0.0232544
1490.39, 0.0232544
1495.63, 0.0232544
1501, 0.0232544
1506.5, 0.0232544
1512.14, 0.0232239
1517.92, 0.0232239
1523.85, 0.0232239
1529.92, 0.0232544
1536.15, 0.0232544
1542.53, 0.0232544
1549.07, 0.0232544
1555.78, 0.0232544
1562.65, 0.0232544
1569.69, 0.0232544
1576.92, 0.0232544
1584.32, 0.0232544
1591.9, 0.0232544
1599.68, 0.0232544
1607.65, 0.0232544
1615.82, 0.0232544
1624.19, 0.0232544
1632.78, 0.0232544
1641.57, 0.0232544
1650.59, 0.0232544
1659.83, 0.0232544
1669.31, 0.0232239
1679.02, 0.0232239
1688.97, 0.0232239
1699.18, 0.0232239
1709.63, 0.0232239
1720.35, 0.0232239
1731.34, 0.0232239
1742.6, 0.0232239
1754.15, 0.0231934
1754.21, 0.0231934
1754.27, 0.0231934
1754.33, 0.0231934
1754.39, 0.0231934
1754.45, 0.0231934
1754.51, 0.0231934
1754.57, 0.0231934
1754.63, 0.0231934
1754.7, 0.0231934
1754.76, 0.0231934
1754.82, 0.0231934
1754.88, 0.0231934
1754.94, 0.0231934
1755, 0.0231934
1755.06, 0.0231934
1755.12, 0.0231934
1755.18, 0.0231934
1755.24, 0.0231934
1755.31, 0.0231934
1755.37, 0.0231934
1755.43, 0.0231934
1755.49, 0.0231934
1755.55, 0.0231934
1755.62, 0.0231934
1755.68, 0.0231934
1755.74, 0.0231934
1755.8, 0.0231934
1755.87, 0.0231934
1755.93, 0.0231934
1755.99, 0.0231934
1756.05, 0.0231934
1756.12, 0.0231934
1756.18, 0.0231934
1756.24, 0.0231934
1756.3, 0.0231934
1756.36, 0.0231934
1756.42, 0.0231934
1756.48, 0.0231934
1756.54, 0.0231934
1756.6, 0.0231934
1756.67, 0.0231934
1756.73, 0.0231934
1756.79, 0.0231934
1756.85, 0.0231934
1756.91, 0.0231934
1756.97, 0.0231934
1757.04, 0.0231934
1757.1, 0.0231934
1757.16, 0.0231934
1757.23, 0.0231934
1757.29, 0.0231934
1757.35, 0.0231934
1757.41, 0.0231934
1757.48, 0.0231934
1757.54, 0.0231934
1757.6, 0.0231934
1757.66, 0.0231934
1757.72, 0.0231934
1757.78, 0.0231934
1757.84, 0.0231934
1757.9, 0.0231934
1757.97, 0.0231934
1758.03, 0.0231934
1758.09, 0.0231934
1758.15, 0.0231934
1758.22, 0.0231934
1758.28, 0.0231934
1758.34, 0.0231934
1758.4, 0.0231934
1758.47, 0.0231934
1758.53, 0.0231934
1758.59, 0.0231934
1758.65, 0.0231934
1758.72, 0.0231934
1758.78, 0.0231934
1758.84, 0.0231934
1758.9, 0.0231934
1758.96, 0.0231934
1759.02, 0.0231934
1759.08, 0.0231934
1759.15, 0.0231934
1759.21, 0.0231934
1759.27, 0.0231934
1759.33, 0.0231934
1759.39, 0.0231934
1759.45, 0.0231934
1759.52, 0.0231934
1759.58, 0.0231934
1759.64, 0.0231934
1759.7, 0.0231934
1759.77, 0.0231934
1759.83, 0.0231934
1759.89, 0.0231934
1759.95, 0.0231934
1760.01, 0.0231934
1760.08, 0.0231934
1760.14, 0.0231934
1760.2, 0.0231934
1760.26, 0.0231934
1760.32, 0.0231934
1760.39, 0.0231934
1760.45, 0.0231934
1760.51, 0.0231934
1760.57, 0.0231934
1760.63, 0.0231934
1760.7, 0.0231934
1760.77, 0.0231934
1760.83, 0.0231934
1760.89, 0.0231934
1760.95, 0.0231934
1761.01, 0.0231934
1761.07, 0.0231934
1761.13, 0.0231934
1761.19, 0.0231934
1761.26, 0.0231934
1761.32, 0.0231934
1761.38, 0.0231934
1761.44, 0.0231934
1761.51, 0.0231934
1761.57, 0.0231934
1761.63, 0.0231934
1761.69, 0.0231934
1761.75, 0.0231934
1761.82, 0.0231934
1761.88, 0.0231934
1761.94, 0.0231934
1762, 0.0231934
1762.06, 0.0231934
1762.13, 0.0231934
1762.19, 0.0231934
1762.26, 0.0231934
1762.33, 0.0231934
1762.39, 0.0231934
1762.45, 0.0231934
1762.51, 0.0231934
1762.57, 0.0231934
1762.64, 0.0231934
1762.7, 0.0231934
1762.76, 0.0231934
1762.82, 0.0231934
1762.89, 0.0231934
1762.95, 0.0231934
1763.02, 0.0231934
1763.08, 0.0231934
1763.14, 0.0231934
1763.2, 0.0231934
1763.26, 0.0231934
1763.32, 0.0231934
1763.39, 0.0231934
1763.45, 0.0231934
1763.52, 0.0231934
1763.59, 0.0231934
1763.66, 0.0231934
1763.73, 0.0231934
1763.8, 0.0231934
1763.86, 0.0231934
1763.92, 0.0231934
1763.98, 0.0231934
1764.04, 0.0231934
1764.11, 0.0231934
1764.17, 0.0231934
1764.23, 0.0231934
1764.29, 0.0231934
1764.35, 0.0231934
1764.41, 0.0231934
1764.47, 0.0231934
1764.54, 0.0231934
1764.61, 0.0231934
1764.67, 0.0231934
1764.74, 0.0231934
1764.81, 0.0231934
1764.89, 0.0231934
1764.95, 0.0231934
1765.01, 0.0231934
1765.07, 0.0231934
1765.13, 0.0231934
1765.19, 0.0231934
1765.25, 0.0231934
1765.31, 0.0231934
1765.38, 0.0231934
1765.44, 0.0231934
1765.5, 0.0231934
1765.57, 0.0231934
1765.64, 0.0231934
1765.71, 0.0231934
1765.78, 0.0231934
1765.85, 0.0231934
1765.91, 0.0231934
1765.97, 0.0231934
1766.03, 0.0231934
1766.09, 0.0231934
1766.15, 0.0231934
1766.22, 0.0231934
1766.28, 0.0231934
1766.34, 0.0231934
1766.4, 0.0231934
1766.47, 0.0231934
1766.53, 0.0231934
1766.59, 0.0231934
1766.65, 0.0231934
1766.71, 0.0231934
1766.77, 0.0231934
1766.83, 0.0231934
1766.89, 0.0231934
1766.96, 0.0231934
1767.02, 0.0231934
1767.08, 0.0231934
1767.14, 0.0231934
1767.21, 0.0231934
1767.27, 0.0231934
1767.34, 0.0231934
1767.4, 0.0231934
1767.46, 0.0231934
1767.52, 0.0231934
1767.59, 0.0231934
1767.65, 0.0231934
1767.72, 0.0231934
1767.78, 0.0231934
1767.84, 0.0231934
1767.9, 0.0231934
1767.96, 0.0231934
1768.03, 0.0231934
1768.1, 0.0231934
1768.16, 0.0231934
1768.22, 0.0231934
1768.28, 0.0231934
1768.34, 0.0231934
1768.4, 0.0231934
1768.47, 0.0231934
1768.53, 0.0231934
1768.6, 0.0231934
1768.67, 0.0231934
1768.74, 0.0231934
1768.8, 0.0231934
1768.86, 0.0231934
1768.93, 0.0231934
1768.99, 0.0231934
1769.06, 0.0231934
1769.12, 0.0231934
1769.18, 0.0231934
1769.24, 0.0231934
1769.31, 0.0231934
1769.37, 0.0231934
1769.44, 0.0231934
1769.5, 0.0231934
1769.56, 0.0231934
1769.62, 0.0231934
1769.68, 0.0231934
1769.74, 0.0231934
1769.8, 0.0231934
1769.86, 0.0231934
1769.93, 0.0231934
1769.99, 0.0231934
1770.05, 0.0231934
1770.11, 0.0231934
1770.17, 0.0231934
1770.24, 0.0231934
1770.3, 0.0231934
1770.36, 0.0231934
1770.42, 0.0231934
1770.48, 0.0231934
1770.54, 0.0231934
1770.61, 0.0231934
1770.67, 0.0231934
1770.73, 0.0231934
1770.79, 0.0231934
1770.86, 0.0231934
1770.92, 0.0231934
1770.98, 0.0231934
1771.04, 0.0231934
1771.1, 0.0231934
1771.16, 0.0231934
1771.23, 0.0231934
1771.29, 0.0231934
1771.35, 0.0231934
1771.41, 0.0231934
1771.47, 0.0231934
1771.53, 0.0231934
1771.59, 0.0231934
1771.65, 0.0231934
1771.71, 0.0231934
1771.78, 0.0231934
1771.84, 0.0231934
1771.9, 0.0231934
1771.96, 0.0231934
1772.02, 0.0231934
1772.08, 0.0231934
1772.14, 0.0231934
1772.2, 0.0231934
1772.26, 0.0231934
1772.33, 0.0231934
1772.39, 0.0231934
1772.45, 0.0231934
1772.51, 0.0231934
1772.57, 0.0231934
1772.64, 0.0231934
1772.7, 0.0231934
1772.76, 0.0231934
1772.82, 0.0231934
1772.89, 0.0231934
1772.95, 0.0231934
1773.02, 0.0231934
1773.08, 0.0231934
1773.14, 0.0231934
1773.21, 0.0231934
1773.27, 0.0231934
1773.33, 0.0231934
1773.39, 0.0231934
1773.45, 0.0231934
1773.51, 0.0231934
1773.57, 0.0231934
1773.64, 0.0231934
1773.7, 0.0231934
1773.76, 0.0231934
1773.82, 0.0231934
1773.88, 0.0231934
1773.94, 0.0231934
1774.01, 0.0231934
1774.07, 0.0231934
1774.13, 0.0231934
1774.19, 0.0231934
1774.25, 0.0231934
1774.31, 0.0231934
1774.37, 0.0231934
1774.43, 0.0231934
1774.49, 0.0231934
1774.55, 0.0231934
1774.61, 0.0231934
1774.67, 0.0231934
1774.74, 0.0231934
1774.8, 0.0231934
1774.86, 0.0231934
1774.92, 0.0231934
1774.98, 0.0231934
1775.04, 0.0231934
1775.11, 0.0231934
1775.17, 0.0231934
1775.23, 0.0231934
1775.29, 0.0231934
1775.35, 0.0231934
1775.41, 0.0231934
1775.47, 0.0231934
1775.53, 0.0231934
1775.59, 0.0231934
1775.66, 0.0231934
1775.72, 0.0231934
1775.78, 0.0231934
1775.84, 0.0231934
1775.9, 0.0231934
1775.96, 0.0231934
1776.03, 0.0231934
1776.09, 0.0231934
1776.15, 0.0231934
1776.21, 0.0231934
1776.27, 0.0231934
1776.33, 0.0231934
1776.39, 0.0231934
1776.45, 0.0231934
1776.52, 0.0231934
1776.58, 0.0231934
1776.64, 0.0231934
1776.7, 0.0231934
1776.76, 0.0231934
1776.83, 0.0231934
1776.89, 0.0231934
1776.95, 0.0231934
1777.02, 0.0231934
1777.08, 0.0231934
1777.14, 0.0231934
1777.2, 0.0231934
1777.26, 0.0231934
1777.32, 0.0231934
1777.38, 0.0231934
1777.44, 0.0231934
1777.51, 0.0231934
1777.57, 0.0231934
1777.63, 0.0231934
1777.69, 0.0231934
1777.76, 0.0231934
1777.82, 0.0231934
1777.88, 0.0231934
1777.94, 0.0231934
1778, 0.0231934
1778.06, 0.0231934
1778.12, 0.0231934
1778.18, 0.0231934
1778.25, 0.0231934
1778.31, 0.0231934
1778.37, 0.0231934
1778.43, 0.0231934
1778.49, 0.0231934
1778.55, 0.0231934
1778.62, 0.0231934
1778.68, 0.0231934
1778.74, 0.0231934
1778.8, 0.0231934
1778.86, 0.0231934
1778.92, 0.0231934
1778.99, 0.0231934
1779.05, 0.0231934
1779.11, 0.0231934
1779.17, 0.0231934
1779.23, 0.0231934
1779.29, 0.0231934
1779.35, 0.0231934
1779.42, 0.0231934
1779.48, 0.0231934
1779.54, 0.0231934
1779.6, 0.0231934
1779.66, 0.0231934
1779.72, 0.0231934
1779.78, 0.0231934
1779.84, 0.0231934
1779.91, 0.0231934
1779.97, 0.0231934
1780.04, 0.0231934
1780.1, 0.0231934
1780.17, 0.0231934
1780.23, 0.0231934
1780.3, 0.0231934
1780.36, 0.0231934
1780.42, 0.0231934
1780.48, 0.0231934
1780.54, 0.0231934
1780.6, 0.0231934
1780.66, 0.0231934
1780.72, 0.0231934
1780.78, 0.0231934
1780.84, 0.0231934
1780.9, 0.0231934
1780.97, 0.0231934
1781.03, 0.0231934
1781.09, 0.0231934
1781.15, 0.0231934
1781.21, 0.0231934
1781.28, 0.0231934
1781.34, 0.0231934
1781.4, 0.0231934
1781.46, 0.0231934
1781.52, 0.0231934
1781.58, 0.0231934
1781.64, 0.0231934
1781.71, 0.0231934
1781.77, 0.0231934
1781.83, 0.0231934
1781.89, 0.0231934
1781.95, 0.0231934
1782.02, 0.0231934
1782.08, 0.0231934
1782.14, 0.0231934
1782.2, 0.0231934
1782.26, 0.0231934
1782.33, 0.0231934
1782.39, 0.0231934
1782.45, 0.0231934
1782.51, 0.0231934
1782.57, 0.0231934
1782.63, 0.0231934
1782.69, 0.0231934
1782.76, 0.0231934
1782.82, 0.0231934
1782.88, 0.0231934
1782.94, 0.0231934
1783, 0.0231934
1783.06, 0.0231934
1783.13, 0.0231934
1783.19, 0.0231934
1783.25, 0.0231934
1783.31, 0.0231934
1783.37, 0.0231934
1783.43, 0.0231934
1783.49, 0.0231934
1783.55, 0.0231934
1783.61, 0.0231934
1783.68, 0.0231934
1783.74, 0.0231934
1783.8, 0.0231934
1783.86, 0.0231934
1783.92, 0.0231934
1783.98, 0.0231934
1784.04, 0.0231934
1784.1, 0.0231934
1784.17, 0.0231934
1784.23, 0.0231934
1784.29, 0.0231934
1784.35, 0.0231934
1784.41, 0.0231934
1784.47, 0.0231934
1784.54, 0.0231934
1784.6, 0.0231934
1784.66, 0.0231934
1784.72, 0.0231934
1784.78, 0.0231934
1784.84, 0.0231934
1784.9, 0.0231934
1784.97, 0.0231934
1785.03, 0.0231934
1785.09, 0.0231934
1785.15, 0.0231934
1785.21, 0.0231934
1785.27, 0.0231934
1785.33, 0.0231934
1785.39, 0.0231934
1785.46, 0.0231934
1785.52, 0.0231934
1785.58, 0.0231934
1785.64, 0.0231934
1785.7, 0.0231934
1785.77, 0.0231934
1785.83, 0.0231934
1785.89, 0.0231934
1785.96, 0.0231934
1786.02, 0.0231934
1786.08, 0.0231934
1786.14, 0.0231934
1786.2, 0.0231934
1786.26, 0.0231934
1786.32, 0.0231934
1786.39, 0.0231934
1786.45, 0.0231934
1786.51, 0.0231934
1786.57, 0.0231934
1786.63, 0.0231934
1786.7, 0.0231934
1786.76, 0.0231934
1786.82, 0.0231934
1786.88, 0.0231934
1786.94, 0.0231934
1787, 0.0231934
1787.06, 0.0231934
1787.13, 0.0231934
1787.19, 0.0231934
1787.25, 0.0231934
1787.31, 0.0231934
1787.38, 0.0231934
1787.44, 0.0231934
1787.5, 0.0231934
1787.57, 0.0231934
1787.63, 0.0231934
1787.69, 0.0231934
1787.75, 0.0231934
1787.81, 0.0231934
1787.88, 0.0231934
1787.94, 0.0231934
1788.01, 0.0231934
1788.08, 0.0231934
1788.15, 0.0231934
1788.21, 0.0231934
1788.27, 0.0231934
1788.33, 0.0231934
1788.39, 0.0231934
1788.45, 0.0231934
1788.51, 0.0231934
1788.57, 0.0231934
1788.63, 0.0231934
1788.7, 0.0231934
1788.76, 0.0231934
1788.82, 0.0231934
1788.88, 0.0231934
1788.94, 0.0231934
1789, 0.0231934
1789.06, 0.0231934
1789.12, 0.0231934
1789.19, 0.0231934
1789.25, 0.0231934
1789.31, 0.0231934
1789.37, 0.0231934
1789.43, 0.0231934
1789.49, 0.0231934
1789.55, 0.0231934
1789.61, 0.0231934
1789.67, 0.0231934
1789.73, 0.0231934
1789.8, 0.0231934
1789.86, 0.0231934
1789.92, 0.0231934
1789.98, 0.0231934
1790.04, 0.0231934
1790.11, 0.0231934
1790.17, 0.0231934
1790.23, 0.0231934
1790.29, 0.0231934
1790.35, 0.0231934
1790.41, 0.0231934
1790.47, 0.0231934
1790.54, 0.0231934
1790.6, 0.0231934
1790.66, 0.0231934
1790.72, 0.0231934
1790.78, 0.0231934
1790.85, 0.0231934
1790.91, 0.0231934
1790.97, 0.0231934
1791.03, 0.0231934
1791.09, 0.0231934
1791.15, 0.0231934
1791.21, 0.0231934
1791.28, 0.0231934
1791.34, 0.0231934
1791.4, 0.0231934
1791.46, 0.0231934
1791.52, 0.0231934
1791.58, 0.0231934
1791.65, 0.0231934
1791.71, 0.0231934
1791.77, 0.0231934
1791.83, 0.0231934
1791.89, 0.0231934
1791.95, 0.0231934
1792.02, 0.0231934
1792.08, 0.0231934
1792.14, 0.0231934
1792.2, 0.0231934
1792.26, 0.0231934
1792.32, 0.0231934
1792.38, 0.0231934
1792.45, 0.0231934
1792.52, 0.0231934
1792.58, 0.0231934
1792.65, 0.0231934
1792.71, 0.0231934
1792.77, 0.0231934
1792.84, 0.0231934
1792.9, 0.0231934
1792.96, 0.0231934
1793.02, 0.0231934
1793.08, 0.0231934
1793.15, 0.0231934
1793.21, 0.0231934
1793.27, 0.0231934
1793.33, 0.0231934
1793.39, 0.0231934
1793.46, 0.0231934
1793.52, 0.0231934
1793.59, 0.0231934
1793.66, 0.0231934
1793.72, 0.0231934
1793.78, 0.0231934
1793.84, 0.0231934
1793.91, 0.0231934
1793.97, 0.0231934
1794.03, 0.0231934
1794.09, 0.0231934
1794.15, 0.0231934
1794.21, 0.0231934
1794.28, 0.0231934
1794.34, 0.0231934
1794.4, 0.0231934
1794.46, 0.0231934
1794.52, 0.0231934
1794.59, 0.0231934
1794.65, 0.0231934
1794.71, 0.0231934
1794.77, 0.0231934
1794.84, 0.0231934
1794.9, 0.0231934
1794.96, 0.0231934
1795.02, 0.0231934
1795.08, 0.0231934
1795.14, 0.0231934
1795.21, 0.0231934
1795.27, 0.0231934
1795.33, 0.0231934
1795.39, 0.0231934
1795.46, 0.0231934
1795.52, 0.0231934
1795.58, 0.0231934
1795.64, 0.0231934
1795.7, 0.0231934
1795.76, 0.0231934
1795.82, 0.0231934
1795.88, 0.0231934
1795.95, 0.0231934
1796.01, 0.0231934
1796.07, 0.0231934
1796.13, 0.0231934
1796.19, 0.0231934
1796.25, 0.0231934
1796.31, 0.0231934
1796.37, 0.0231934
1796.43, 0.0231934
1796.5, 0.0231934
1796.56, 0.0231934
1796.62, 0.0231934
1796.68, 0.0231934
1796.74, 0.0231934
1796.81, 0.0231934
1796.87, 0.0231934
1796.93, 0.0231934
1797, 0.0231934
1797.06, 0.0231934
1797.12, 0.0231934
1797.18, 0.0231934
1797.24, 0.0231934
1797.3, 0.0231934
1797.36, 0.0231934
1797.42, 0.0231934
1797.48, 0.0231934
1797.55, 0.0231934
1797.61, 0.0231934
1797.67, 0.0231934
1797.73, 0.0231934
1797.79, 0.0231934
1797.85, 0.0231934
1797.91, 0.0231934
1797.97, 0.0231934
1798.03, 0.0231934
1798.09, 0.0231934
1798.15, 0.0231934
1798.21, 0.0231934
1798.28, 0.0231934
1798.34, 0.0231934
1798.4, 0.0231934
1798.46, 0.0231934
1798.52, 0.0231934
1798.58, 0.0231934
1798.65, 0.0231934
1798.71, 0.0231934
1798.77, 0.0231934
1798.83, 0.0231934
1798.89, 0.0231934
1798.95, 0.0231934
1799.02, 0.0231934
1799.08, 0.0231934
1799.14, 0.0231934
1799.2, 0.0231934
1799.26, 0.0231934
1799.32, 0.0231934
1799.38, 0.0231934
1799.44, 0.0231934
1799.51, 0.0231934
1799.57, 0.0231934
1799.63, 0.0231934
1799.69, 0.0231934
1799.75, 0.0231934
1799.81, 0.0231934
1799.87, 0.0231934
1799.94, 0.0231934
1800, 0.0231934
1800.06, 0.0231934
1800.12, 0.0231934
1800.18, 0.0231934
1800.24, 0.0231934
1800.31, 0.0231934
1800.37, 0.0231934
1800.44, 0.0231934
1800.5, 0.0231934
1800.56, 0.0231934
1800.62, 0.0231934
1800.68, 0.0231934
1800.74, 0.0231934
1800.8, 0.0231934
1800.87, 0.0231934
1800.93, 0.0231934
1800.99, 0.0231934
1801.05, 0.0231934
1801.11, 0.0231934
1801.17, 0.0231934
1801.23, 0.0231934
1801.29, 0.0231934
1801.35, 0.0231934
1801.42, 0.0231934
1801.48, 0.0231934
1801.54, 0.0231934
1801.6, 0.0231934
1801.66, 0.0231934
1801.72, 0.0231934
1801.78, 0.0231934
1801.84, 0.0231934
1801.9, 0.0231934
1801.96, 0.0231934
1802.02, 0.0231934
1802.09, 0.0231934
1802.15, 0.0231934
1802.21, 0.0231934
1802.27, 0.0231934
1802.33, 0.0231934
1802.4, 0.0231934
1802.47, 0.0231934
1802.54, 0.0231934
1802.6, 0.0231934
1802.66, 0.0231934
1802.72, 0.0231934
1802.78, 0.0231934
1802.84, 0.0231934
1802.91, 0.0231934
1802.97, 0.0231934
1803.04, 0.0231934
1803.11, 0.0231934
1803.18, 0.0231934
1803.24, 0.0231934
1803.3, 0.0231934
1803.36, 0.0231934
1803.42, 0.0231934
1803.48, 0.0231934
1803.54, 0.0231934
1803.61, 0.0231934
1803.67, 0.0231934
1803.73, 0.0231934
1803.79, 0.0231934
1803.85, 0.0231934
1803.91, 0.0231934
1803.97, 0.0231934
1804.03, 0.0231934
1804.09, 0.0231934
1804.16, 0.0231934
1804.22, 0.0231934
1804.28, 0.0231934
1804.34, 0.0231934
1804.4, 0.0231934
1804.46, 0.0231934
1804.53, 0.0231934
1804.59, 0.0231934
1804.65, 0.0231934
1804.71, 0.0231934
1804.77, 0.0231934
1804.83, 0.0231934
1804.89, 0.0231934
1804.95, 0.0231934
1805.02, 0.0231934
1805.08, 0.0231934
1805.14, 0.0231934
1805.2, 0.0231934
1805.27, 0.0231934
1805.33, 0.0231934
1805.39, 0.0231934
1805.45, 0.0231934
1805.52, 0.0231934
1805.58, 0.0231934
1805.64, 0.0231934
1805.7, 0.0231934
1805.76, 0.0231934
1805.82, 0.0231934
1805.89, 0.0231934
1805.95, 0.0231934
1806.01, 0.0231934
1806.07, 0.0231934
1806.13, 0.0231934
1806.2, 0.0231934
1806.26, 0.0231934
1806.33, 0.0231934
1806.39, 0.0231934
1806.45, 0.0231934
1806.51, 0.0231934
1806.58, 0.0231934
1806.64, 0.0231934
1806.7, 0.0231934
1806.76, 0.0231934
1806.83, 0.0231934
1806.89, 0.0231934
1806.96, 0.0231934
1807.02, 0.0231934
1807.09, 0.0231934
1807.15, 0.0231934
1807.22, 0.0231934
1807.28, 0.0231934
1807.34, 0.0231934
1807.4, 0.0231934
1807.46, 0.0231934
1807.52, 0.0231934
1807.58, 0.0231934
1807.64, 0.0231934
1807.71, 0.0231934
1807.77, 0.0231934
1807.84, 0.0231934
1807.9, 0.0231934
1807.96, 0.0231934
1808.02, 0.0231934
1808.08, 0.0231934
1808.14, 0.0231934
1808.21, 0.0231934
1808.27, 0.0231934
1808.33, 0.0231934
1808.39, 0.0231934
1808.46, 0.0231934
1808.52, 0.0231934
1808.58, 0.0231934
1808.64, 0.0231934
1808.7, 0.0231934
1808.76, 0.0231934
1808.82, 0.0231934
1808.89, 0.0231934
1808.95, 0.0231934
1809.01, 0.0231934
1809.08, 0.0231934
1809.14, 0.0231934
1809.2, 0.0231934
1809.26, 0.0231934
1809.32, 0.0231934
1809.39, 0.0231934
1809.45, 0.0231934
1809.51, 0.0231934
1809.57, 0.0231934
1809.64, 0.0231934
1809.7, 0.0231934
1809.76, 0.0231934
1809.82, 0.0231934
1809.88, 0.0231934
1809.94, 0.0231934
1810.01, 0.0231934
1810.07, 0.0231934
1810.14, 0.0231934
1810.2, 0.0231934
1810.26, 0.0231934
1810.32, 0.0231934
1810.39, 0.0231934
1810.45, 0.0231934
1810.52, 0.0231934
1810.58, 0.0231934
1810.64, 0.0231934
1810.7, 0.0231934
1810.76, 0.0231934
1810.83, 0.0231934
1810.9, 0.0231934
1810.96, 0.0231934
1811.02, 0.0231934
1811.08, 0.0231934
1811.14, 0.0231934
1811.2, 0.0231934
1811.27, 0.0231934
1811.33, 0.0231934
1811.39, 0.0231934
1811.45, 0.0231934
1811.51, 0.0231934
1811.57, 0.0231934
1811.64, 0.0231934
1811.71, 0.0231934
1811.77, 0.0231934
1811.83, 0.0231934
1811.89, 0.0231934
1811.95, 0.0231934
1812.01, 0.0231934
1812.08, 0.0231934
1812.14, 0.0231934
1812.2, 0.0231934
1812.26, 0.0231934
1812.32, 0.0231934
1812.38, 0.0231934
1812.44, 0.0231934
1812.5, 0.0231934
1812.57, 0.0231934
1812.63, 0.0231934
1812.69, 0.0231934
1812.75, 0.0231934
1812.81, 0.0231934
1812.87, 0.0231934
1812.94, 0.0231934
1813, 0.0231934
1813.06, 0.0231934
1813.12, 0.0231934
1813.18, 0.0231934
1813.25, 0.0231934
1813.31, 0.0231934
1813.37, 0.0231934
1813.43, 0.0231934
1813.49, 0.0231934
1813.56, 0.0231934
1813.62, 0.0231934
1813.68, 0.0231934
1813.74, 0.0231934
1813.8, 0.0231934
1813.86, 0.0231934
1813.92, 0.0231934
1813.99, 0.0231934
1814.05, 0.0231934
1814.12, 0.0231934
1814.18, 0.0231934
1814.24, 0.0231934
1814.3, 0.0231934
1814.37, 0.0231934
1814.43, 0.0231934
1814.49, 0.0231934
1814.55, 0.0231934
1814.61, 0.0231934
1814.67, 0.0231934
1814.73, 0.0231934
1814.8, 0.0231934
1814.86, 0.0231934
1814.92, 0.0231934
1814.98, 0.0231934
1815.04, 0.0231934
1815.1, 0.0231934
1815.16, 0.0231934
1815.22, 0.0231934
1815.28, 0.0231934
1815.35, 0.0231934
1815.41, 0.0231934
1815.48, 0.0231934
1815.55, 0.0231934
1815.61, 0.0231934
1815.67, 0.0231934
1815.74, 0.0231934
1815.8, 0.0231934
1815.86, 0.0231934
1815.92, 0.0231934
1815.99, 0.0231934
1816.05, 0.0231934
1816.12, 0.0231934
1816.18, 0.0231934
1816.24, 0.0231934
1816.3, 0.0231934
1816.37, 0.0231934
1816.43, 0.0231934
1816.49, 0.0231934
1816.55, 0.0231934
1816.62, 0.0231934
1816.68, 0.0231934
1816.74, 0.0231934
1816.81, 0.0231934
1816.87, 0.0231934
1816.93, 0.0231934
1816.99, 0.0231934
1817.05, 0.0231934
1817.11, 0.0231934
1817.17, 0.0231934
1817.23, 0.0231934
1817.3, 0.0231934
1817.36, 0.0231934
1817.42, 0.0231934
1817.48, 0.0231934
1817.54, 0.0231934
1817.6, 0.0231934
1817.66, 0.0231934
1817.72, 0.0231934
1817.78, 0.0231934
1817.85, 0.0231934
1817.91, 0.0231934
1817.97, 0.0231934
1818.03, 0.0231934
1818.09, 0.0231934
1818.15, 0.0231934
1818.21, 0.0231934
1818.27, 0.0231934
1818.34, 0.0231934
1818.4, 0.0231934
1818.47, 0.0231934
1818.53, 0.0231934
1818.59, 0.0231934
1818.65, 0.0231934
1818.72, 0.0231934
1818.78, 0.0231934
1818.85, 0.0231934
1818.92, 0.0231934
1818.98, 0.0231934
1819.04, 0.0231934
1819.1, 0.0231934
1819.17, 0.0231934
1819.23, 0.0231934
1819.29, 0.0231934
1819.35, 0.0231934
1819.41, 0.0231934
1819.47, 0.0231934
1819.53, 0.0231934
1819.59, 0.0231934
1819.65, 0.0231934
1819.72, 0.0231934
1819.78, 0.0231934
1819.84, 0.0231934
1819.9, 0.0231934
1819.96, 0.0231934
1820.02, 0.0231934
1820.09, 0.0231934
1820.15, 0.0231934
1820.21, 0.0231934
1820.27, 0.0231934
1820.33, 0.0231934
1820.39, 0.0231934
1820.45, 0.0231934
1820.52, 0.0231934
1820.58, 0.0231934
1820.64, 0.0231934
1820.7, 0.0231934
1820.76, 0.0231934
1820.82, 0.0231934
1820.89, 0.0231934
1820.95, 0.0231934
1821.01, 0.0231934
1821.07, 0.0231934
1821.14, 0.0231934
1821.2, 0.0231934
1821.26, 0.0231934
1821.32, 0.0231934
1821.38, 0.0231934
1821.44, 0.0231934
1821.5, 0.0231934
1821.56, 0.0231934
1821.62, 0.0231934
1821.68, 0.0231934
1821.74, 0.0231934
1821.81, 0.0231934
1821.87, 0.0231934
1821.93, 0.0231934
1821.99, 0.0231934
1822.05, 0.0231934
1822.11, 0.0231934
1822.18, 0.0231934
1822.24, 0.0231934
1822.3, 0.0231934
1822.36, 0.0231934
1822.42, 0.0231934
1822.48, 0.0231934
1822.55, 0.0231934
1822.61, 0.0231934
1822.67, 0.0231934
1822.73, 0.0231934
1822.8, 0.0231934
1822.86, 0.0231934
1822.92, 0.0231934
1822.98, 0.0231934
1823.04, 0.0231934
1823.1, 0.0231934
1823.16, 0.0231934
1823.22, 0.0231934
1823.29, 0.0231934
1823.35, 0.0231934
1823.42, 0.0231934
1823.48, 0.0231934
1823.55, 0.0231934
1823.61, 0.0231934
1823.68, 0.0231934
1823.74, 0.0231934
1823.8, 0.0231934
1823.86, 0.0231934
1823.92, 0.0231934
1823.98, 0.0231934
1824.04, 0.0231934
1824.1, 0.0231934
1824.16, 0.0231934
1824.23, 0.0231934
1824.29, 0.0231934
1824.35, 0.0231934
1824.41, 0.0231934
1824.47, 0.0231934
1824.53, 0.0231934
1824.6, 0.0231934
1824.66, 0.0231934
1824.73, 0.0231934
1824.79, 0.0231934
1824.85, 0.0231934
1824.91, 0.0231934
1824.97, 0.0231934
1825.03, 0.0231934
1825.1, 0.0231934
1825.16, 0.0231934
1825.22, 0.0231934
1825.28, 0.0231934
1825.34, 0.0231934
1825.41, 0.0231934
1825.47, 0.0231934
1825.53, 0.0231934
1825.59, 0.0231934
1825.65, 0.0231934
1825.71, 0.0231934
1825.77, 0.0231934
1825.83, 0.0231934
1825.9, 0.0231934
1825.96, 0.0231934
1826.02, 0.0231934
1826.09, 0.0231934
1826.16, 0.0231934
1826.23, 0.0231934
1826.29, 0.0231934
1826.35, 0.0231934
1826.41, 0.0231934
1826.47, 0.0231934
1826.53, 0.0231934
1826.59, 0.0231934
1826.65, 0.0231934
1826.72, 0.0231934
1826.78, 0.0231934
1826.84, 0.0231934
1826.91, 0.0231934
1826.97, 0.0231934
1827.03, 0.0231934
1827.09, 0.0231934
1827.15, 0.0231934
1827.22, 0.0231934
1827.28, 0.0231934
1827.34, 0.0231934
1827.4, 0.0231934
1827.46, 0.0231934
1827.52, 0.0231934
1827.58, 0.0231934
1827.65, 0.0231934
1827.72, 0.0231934
1827.78, 0.0231934
1827.85, 0.0231934
1827.92, 0.0231934
1828, 0.0231934
1828.07, 0.0231934
1828.15, 0.0231934
1828.21, 0.0231934
1828.27, 0.0231934
1828.33, 0.0231934
1828.39, 0.0231934
1828.45, 0.0231934
1828.52, 0.0231934
1828.58, 0.0231934
1828.64, 0.0231934
1828.7, 0.0231934
1828.76, 0.0231934
1828.82, 0.0231934
1828.88, 0.0231934
1828.94, 0.0231934
1829.01, 0.0231934
1829.07, 0.0231934
1829.13, 0.0231934
1829.19, 0.0231934
1829.25, 0.0231934
1829.31, 0.0231934
1829.37, 0.0231934
1829.43, 0.0231934
1829.5, 0.0231934
1829.56, 0.0231934
1829.62, 0.0231934
1829.68, 0.0231934
1829.74, 0.0231934
1829.8, 0.0231934
1829.86, 0.0231934
1829.93, 0.0231934
1829.99, 0.0231934
1830.05, 0.0231934
1830.11, 0.0231934
1830.17, 0.0231934
1830.23, 0.0231934
1830.29, 0.0231934
1830.36, 0.0231934
1830.42, 0.0231934
1830.48, 0.0231934
1830.54, 0.0231934
1830.6, 0.0231934
1830.66, 0.0231934
1830.72, 0.0231934
1830.78, 0.0231934
1830.84, 0.0231934
1830.91, 0.0231934
1830.97, 0.0231934
1831.03, 0.0231934
1831.09, 0.0231934
1831.15, 0.0231934
1831.21, 0.0231934
1831.28, 0.0231934
1831.34, 0.0231934
1831.4, 0.0231934
1831.46, 0.0231934
1831.52, 0.0231934
1831.58, 0.0231934
1831.64, 0.0231934
1831.7, 0.0231934
1831.77, 0.0231934
1831.83, 0.0231934
1831.89, 0.0231934
1831.95, 0.0231934
1832.01, 0.0231934
1832.07, 0.0231934
1832.13, 0.0231934
1832.2, 0.0231934
1832.26, 0.0231934
1832.33, 0.0231934
1832.39, 0.0231934
1832.45, 0.0231934
1832.51, 0.0231934
1832.58, 0.0231934
1832.64, 0.0231934
1832.7, 0.0231934
1832.76, 0.0231934
1832.82, 0.0231934
1832.88, 0.0231934
1832.94, 0.0231934
1833.01, 0.0231934
1833.07, 0.0231934
1833.13, 0.0231934
1833.2, 0.0231934
1833.26, 0.0231934
1833.32, 0.0231934
1833.38, 0.0231934
1833.44, 0.0231934
1833.51, 0.0231934
1833.57, 0.0231934
1833.63, 0.0231934
1833.69, 0.0231934
1833.75, 0.0231934
1833.81, 0.0231934
1833.88, 0.0231934
1833.94, 0.0231934
1834, 0.0231934
1834.06, 0.0231934
1834.12, 0.0231934
1834.18, 0.0231934
1834.24, 0.0231934
1834.3, 0.0231934
1834.36, 0.0231934
1834.42, 0.0231934
1834.48, 0.0231934
1834.54, 0.0231934
1834.61, 0.0231934
1834.67, 0.0231934
1834.73, 0.0231934
1834.79, 0.0231934
1834.85, 0.0231934
1834.91, 0.0231934
1834.98, 0.0231934
1835.04, 0.0231934
1835.1, 0.0231934
1835.16, 0.0231934
1835.23, 0.0231934
1835.29, 0.0231934
1835.35, 0.0231934
1835.41, 0.0231934
1835.47, 0.0231934
1835.53, 0.0231934
1835.59, 0.0231934
1835.66, 0.0231934
1835.72, 0.0231934
1835.78, 0.0231934
1835.84, 0.0231934
1835.9, 0.0231934
1835.96, 0.0231934
1836.02, 0.0231934
1836.08, 0.0231934
1836.14, 0.0231934
1836.21, 0.0231934
1836.27, 0.0231934
1836.33, 0.0231934
1836.39, 0.0231934
1836.45, 0.0231934
1836.51, 0.0231934
1836.57, 0.0231934
1836.64, 0.0231934
1836.7, 0.0231934
1836.76, 0.0231934
1836.82, 0.0231934
1836.88, 0.0231934
1836.94, 0.0231934
1837, 0.0231934
1837.06, 0.0231934
1837.12, 0.0231934
1837.19, 0.0231934
1837.26, 0.0231934
1837.32, 0.0231934
1837.38, 0.0231934
1837.44, 0.0231934
1837.5, 0.0231934
1837.56, 0.0231934
1837.62, 0.0231934
1837.68, 0.0231934
1837.74, 0.0231934
1837.81, 0.0231934
1837.87, 0.0231934
1837.93, 0.0231934
1838, 0.0231934
1838.06, 0.0231934
1838.12, 0.0231934
1838.18, 0.0231934
1838.24, 0.0231934
1838.3, 0.0231934
1838.36, 0.0231934
1838.43, 0.0231934
1838.5, 0.0231934
1838.56, 0.0231934
1838.62, 0.0231934
1838.68, 0.0231934
1838.74, 0.0231934
1838.8, 0.0231934
1838.86, 0.0231934
1838.92, 0.0231934
1838.98, 0.0231934
1839.04, 0.0231934
1839.1, 0.0231934
1839.17, 0.0231934
1839.23, 0.0231934
1839.29, 0.0231934
1839.35, 0.0231934
1839.41, 0.0231934
1839.47, 0.0231934
1839.53, 0.0231934
1839.6, 0.0231934
1839.66, 0.0231934
1839.72, 0.0231934
1839.78, 0.0231934
1839.84, 0.0231934
1839.91, 0.0231934
1839.97, 0.0231934
1840.03, 0.0231934
1840.09, 0.0231934
1840.16, 0.0231934
1840.22, 0.0231934
1840.29, 0.0231934
1840.36, 0.0231934
1840.42, 0.0231934
1840.48, 0.0231934
1840.54, 0.0231934
1840.61, 0.0231934
1840.68, 0.0231934
1840.74, 0.0231934
1840.8, 0.0231934
1840.86, 0.0231934
1840.92, 0.0231934
1840.98, 0.0231934
1841.04, 0.0231934
1841.11, 0.0231934
1841.17, 0.0231934
1841.23, 0.0231934
1841.29, 0.0231934
1841.35, 0.0231934
1841.42, 0.0231934
1841.48, 0.0231934
1841.54, 0.0231934
1841.6, 0.0231934
1841.67, 0.0231934
1841.73, 0.0231934
1841.79, 0.0231934
1841.85, 0.0231934
1841.91, 0.0231934
1841.97, 0.0231934
1842.03, 0.0231934
1842.09, 0.0231934
1842.15, 0.0231934
1842.21, 0.0231934
1842.28, 0.0231934
1842.34, 0.0231934
1842.4, 0.0231934
1842.46, 0.0231934
1842.53, 0.0231934
1842.59, 0.0231934
1842.65, 0.0231934
1842.71, 0.0231934
1842.77, 0.0231934
1842.83, 0.0231934
1842.89, 0.0231934
1842.95, 0.0231934
1843.02, 0.0231934
1843.08, 0.0231934
1843.14, 0.0231934
1843.2, 0.0231934
1843.26, 0.0231934
1843.32, 0.0231934
1843.38, 0.0231934
1843.44, 0.0231934
1843.5, 0.0231934
1843.56, 0.0231934
1843.62, 0.0231934
1843.68, 0.0231934
1843.75, 0.0231934
1843.81, 0.0231934
1843.87, 0.0231934
1843.93, 0.0231934
1843.99, 0.0231934
1844.05, 0.0231934
1844.12, 0.0231934
1844.18, 0.0231934
1844.24, 0.0231934
1844.3, 0.0231934
1844.37, 0.0231934
1844.43, 0.0231934
1844.49, 0.0231934
1844.55, 0.0231934
1844.61, 0.0231934
1844.67, 0.0231934
1844.73, 0.0231934
1844.8, 0.0231934
1844.86, 0.0231934
1844.92, 0.0231934
1844.98, 0.0231934
1845.04, 0.0231934
1845.1, 0.0231934
1845.16, 0.0231934
1845.22, 0.0231934
1845.29, 0.0231934
1845.35, 0.0231934
1845.41, 0.0231934
1845.47, 0.0231934
1845.53, 0.0231934
1845.59, 0.0231934
1845.65, 0.0231934
1845.72, 0.0231934
1845.78, 0.0231934
1845.84, 0.0231934
1845.9, 0.0231934
1845.96, 0.0231934
1846.02, 0.0231934
1846.08, 0.0231934
1846.15, 0.0231934
1846.21, 0.0231934
1846.28, 0.0231934
1846.34, 0.0231934
1846.4, 0.0231934
1846.46, 0.0231934
1846.53, 0.0231934
1846.59, 0.0231934
1846.65, 0.0231934
1846.71, 0.0231934
1846.77, 0.0231934
1846.83, 0.0231934
1846.89, 0.0231934
1846.96, 0.0231934
1847.02, 0.0231934
1847.08, 0.0231934
1847.14, 0.0231934
1847.2, 0.0231934
1847.26, 0.0231934
1847.33, 0.0231934
1847.39, 0.0231934
1847.45, 0.0231934
1847.51, 0.0231934
1847.57, 0.0231934
1847.63, 0.0231934
1847.7, 0.0231934
1847.76, 0.0231934
1847.83, 0.0231934
1847.9, 0.0231934
1847.97, 0.0231934
1848.04, 0.0231934
1848.11, 0.0231934
1848.19, 0.0231934
1848.26, 0.0231934
1848.32, 0.0231934
1848.38, 0.0231934
1848.44, 0.0231934
1848.51, 0.0231934
1848.57, 0.0231934
1848.63, 0.0231934
1848.69, 0.0231934
1848.75, 0.0231934
1848.81, 0.0231934
1848.88, 0.0231934
1848.94, 0.0231934
1849.01, 0.0231934
1849.08, 0.0231934
1849.14, 0.0231934
1849.2, 0.0231934
1849.26, 0.0231934
1849.32, 0.0231934
1849.38, 0.0231934
1849.44, 0.0231934
1849.5, 0.0231934
1849.56, 0.0231934
1849.63, 0.0231934
1849.69, 0.0231934
1849.75, 0.0231934
1849.81, 0.0231934
1849.87, 0.0231934
1849.93, 0.0231934
1850, 0.0231934
1850.06, 0.0231934
1850.12, 0.0231934
1850.18, 0.0231934
1850.24, 0.0231934
1850.3, 0.0231934
1850.36, 0.0231934
1850.43, 0.0231934
1850.49, 0.0231934
1850.55, 0.0231934
1850.61, 0.0231934
1850.67, 0.0231934
1850.73, 0.0231934
1850.79, 0.0231934
1850.86, 0.0231934
1850.92, 0.0231934
1850.98, 0.0231934
1851.04, 0.0231934
1851.1, 0.0231934
1851.17, 0.0231934
1851.23, 0.0231934
1851.29, 0.0231934
1851.35, 0.0231934
1851.41, 0.0231934
1851.47, 0.0231934
1851.54, 0.0231934
1851.6, 0.0231934
1851.66, 0.0231934
1851.72, 0.0231934
1851.78, 0.0231934
1851.84, 0.0231934
1851.91, 0.0231934
1851.97, 0.0231934
1852.04, 0.0231934
1852.1, 0.0231934
1852.16, 0.0231934
1852.22, 0.0231934
1852.28, 0.0231934
1852.34, 0.0231934
1852.4, 0.0231934
1852.46, 0.0231934
1852.52, 0.0231934
1852.59, 0.0231934
1852.65, 0.0231934
1852.71, 0.0231934
1852.78, 0.0231934
1852.85, 0.0231934
1852.91, 0.0231934
1852.97, 0.0231934
1853.03, 0.0231934
1853.09, 0.0231934
1853.15, 0.0231934
1853.21, 0.0231934
1853.27, 0.0231934
1853.33, 0.0231934
1853.39, 0.0231934
1853.45, 0.0231934
1853.51, 0.0231934
1853.58, 0.0231934
1853.64, 0.0231934
1853.7, 0.0231934
1853.76, 0.0231934
1853.82, 0.0231934
1853.88, 0.0231934
1853.95, 0.0231934
1854.01, 0.0231934
1854.07, 0.0231934
1854.13, 0.0231934
1854.2, 0.0231934
1854.26, 0.0231934
1854.33, 0.0231934
1854.39, 0.0231934
1854.45, 0.0231934
1854.51, 0.0231934
1854.57, 0.0231934
1854.63, 0.0231934
1854.69, 0.0231934
1854.75, 0.0231934
1854.81, 0.0231934
1854.88, 0.0231934
1854.94, 0.0231934
1855, 0.0231934
1855.06, 0.0231934
1855.12, 0.0231934
1855.18, 0.0231934
1855.24, 0.0231934
1855.31, 0.0231934
1855.37, 0.0231934
1855.43, 0.0231934
1855.49, 0.0231934
1855.56, 0.0231934
1855.62, 0.0231934
1855.68, 0.0231934
1855.74, 0.0231934
1855.81, 0.0231934
1855.87, 0.0231934
1855.93, 0.0231934
1855.99, 0.0231934
1856.05, 0.0231934
1856.11, 0.0231934
1856.17, 0.0231934
1856.23, 0.0231934
1856.3, 0.0231934
1856.36, 0.0231934
1856.42, 0.0231934
1856.48, 0.0231934
1856.54, 0.0231934
1856.61, 0.0231934
1856.67, 0.0231934
1856.73, 0.0231934
1856.79, 0.0231934
1856.86, 0.0231934
1856.92, 0.0231934
1856.99, 0.0231934
1857.06, 0.0231934
1857.13, 0.0231934
1857.19, 0.0231934
1857.26, 0.0231934
1857.32, 0.0231934
1857.38, 0.0231934
1857.44, 0.0231934
1857.5, 0.0231934
1857.56, 0.0231934
1857.62, 0.0231934
1857.68, 0.0231934
1857.74, 0.0231934
1857.8, 0.0231934
1857.87, 0.0231934
1857.93, 0.0231934
1857.99, 0.0231934
1858.05, 0.0231934
1858.11, 0.0231934
1858.17, 0.0231934
1858.23, 0.0231934
1858.29, 0.0231934
1858.36, 0.0231934
1858.42, 0.0231934
1858.48, 0.0231934
1858.54, 0.0231934
1858.61, 0.0231934
1858.67, 0.0231934
1858.73, 0.0231934
1858.79, 0.0231934
1858.85, 0.0231934
1858.92, 0.0231934
1858.98, 0.0231934
1859.04, 0.0231934
1859.11, 0.0231934
1859.17, 0.0231934
1859.23, 0.0231934
1859.29, 0.0231934
1859.35, 0.0231934
1859.41, 0.0231934
1859.47, 0.0231934
1859.54, 0.0231934
1859.6, 0.0231934
1859.66, 0.0231934
1859.72, 0.0231934
1859.79, 0.0231934
1859.85, 0.0231934
1859.91, 0.0231934
1859.97, 0.0231934
1860.04, 0.0231934
1860.1, 0.0231934
1860.16, 0.0231934
1860.22, 0.0231934
1860.29, 0.0231934
1860.35, 0.0231934
1860.41, 0.0231934
1860.47, 0.0231934
1860.53, 0.0231934
1860.59, 0.0231934
1860.65, 0.0231934
1860.71, 0.0231934
1860.78, 0.0231934
1860.84, 0.0231934
1860.91, 0.0231934
1860.97, 0.0231934
1861.03, 0.0231934
1861.09, 0.0231934
1861.15, 0.0231934
1861.21, 0.0231934
1861.27, 0.0231934
1861.33, 0.0231934
1861.4, 0.0231934
1861.46, 0.0231934
1861.52, 0.0231934
1861.58, 0.0231934
1861.64, 0.0231934
1861.71, 0.0231934
1861.78, 0.0231934
1861.84, 0.0231934
1861.9, 0.0231934
1861.96, 0.0231934
1862.02, 0.0231934
1862.08, 0.0231934
1862.14, 0.0231934
1862.21, 0.0231934
1862.27, 0.0231934
1862.33, 0.0231934
1862.4, 0.0231934
1862.47, 0.0231934
1862.53, 0.0231934
1862.59, 0.0231934
1862.65, 0.0231934
1862.71, 0.0231934
1862.77, 0.0231934
1862.83, 0.0231934
1862.9, 0.0231934
1862.96, 0.0231934
1863.02, 0.0231934
1863.08, 0.0231934
1863.14, 0.0231934
1863.2, 0.0231934
1863.27, 0.0231934
1863.33, 0.0231934
1863.4, 0.0231934
1863.46, 0.0231934
1863.52, 0.0231934
1863.58, 0.0231934
1863.65, 0.0231934
1863.71, 0.0231934
1863.77, 0.0231934
1863.83, 0.0231934
1863.89, 0.0231934
1863.95, 0.0231934
1864.01, 0.0231934
1864.07, 0.0231934
1864.13, 0.0231934
1864.2, 0.0231934
1864.26, 0.0231934
1864.32, 0.0231934
1864.38, 0.0231934
1864.44, 0.0231934
1864.5, 0.0231934
1864.57, 0.0231934
1864.64, 0.0231934
1864.7, 0.0231934
1864.76, 0.0231934
1864.82, 0.0231934
1864.89, 0.0231934
1864.95, 0.0231934
1865.01, 0.0231934
1865.08, 0.0231934
1865.14, 0.0231934
1865.2, 0.0231934
1865.26, 0.0231934
1865.32, 0.0231934
1865.38, 0.0231934
1865.44, 0.0231934
1865.51, 0.0231934
1865.57, 0.0231934
1865.63, 0.0231934
1865.69, 0.0231934
1865.76, 0.0231934
1865.82, 0.0231934
1865.88, 0.0231934
1865.94, 0.0231934
1866, 0.0231934
1866.06, 0.0231934
1866.12, 0.0231934
1866.18, 0.0231934
1866.24, 0.0231934
1866.31, 0.0231934
1866.37, 0.0231934
1866.44, 0.0231934
1866.5, 0.0231934
1866.57, 0.0231934
1866.65, 0.0231934
1866.71, 0.0231934
1866.77, 0.0231934
1866.83, 0.0231934
1866.89, 0.0231934
1866.95, 0.0231934
1867.01, 0.0231934
1867.07, 0.0231934
1867.14, 0.0231934
1867.2, 0.0231934
1867.26, 0.0231934
1867.32, 0.0231934
1867.38, 0.0231934
1867.45, 0.0231934
1867.51, 0.0231934
1867.57, 0.0231934
1867.63, 0.0231934
1867.7, 0.0231934
1867.76, 0.0231934
1867.82, 0.0231934
1867.89, 0.0231934
1867.95, 0.0231934
1868.01, 0.0231934
1868.07, 0.0231934
1868.13, 0.0231934
1868.19, 0.0231934
1868.25, 0.0231934
1868.32, 0.0231934
1868.38, 0.0231934
1868.44, 0.0231934
1868.5, 0.0231934
1868.56, 0.0231934
1868.62, 0.0231934
1868.68, 0.0231934
1868.75, 0.0231934
1868.81, 0.0231934
1868.87, 0.0231934
1868.93, 0.0231934
1868.99, 0.0231934
1869.06, 0.0231934
1869.12, 0.0231934
1869.18, 0.0231934
1869.24, 0.0231934
1869.3, 0.0231934
1869.36, 0.0231934
1869.43, 0.0231934
1869.49, 0.0231934
1869.55, 0.0231934
1869.61, 0.0231934
1869.67, 0.0231934
1869.73, 0.0231934
1869.79, 0.0231934
1869.85, 0.0231934
1869.91, 0.0231934
1869.98, 0.0231934
1870.04, 0.0231934
1870.1, 0.0231934
1870.16, 0.0231934
1870.23, 0.0231934
1870.29, 0.0231934
1870.35, 0.0231934
1870.42, 0.0231934
1870.48, 0.0231934
1870.54, 0.0231934
1870.6, 0.0231934
1870.66, 0.0231934
1870.72, 0.0231934
1870.78, 0.0231934
1870.84, 0.0231934
1870.9, 0.0231934
1870.96, 0.0231934
1871.03, 0.0231934
1871.09, 0.0231934
1871.15, 0.0231934
1871.21, 0.0231934
1871.28, 0.0231934
1871.34, 0.0231934
1871.4, 0.0231934
1871.46, 0.0231934
1871.52, 0.0231934
1871.58, 0.0231934
1871.65, 0.0231934
1871.71, 0.0231934
1871.77, 0.0231934
1871.83, 0.0231934
1871.89, 0.0231934
1871.95, 0.0231934
1872.01, 0.0231934
1872.07, 0.0231934
1872.14, 0.0231934
1872.2, 0.0231934
1872.26, 0.0231934
1872.32, 0.0231934
1872.39, 0.0231934
1872.45, 0.0231934
1872.52, 0.0231934
1872.58, 0.0231934
1872.64, 0.0231934
1872.71, 0.0231934
1872.77, 0.0231934
1872.84, 0.0231934
1872.9, 0.0231934
1872.96, 0.0231934
1873.02, 0.0231934
1873.08, 0.0231934
1873.14, 0.0231934
1873.21, 0.0231934
1873.27, 0.0231934
1873.34, 0.0231934
1873.4, 0.0231934
1873.46, 0.0231934
1873.52, 0.0231934
1873.58, 0.0231934
1873.64, 0.0231934
1873.71, 0.0231934
1873.77, 0.0231934
1873.84, 0.0231934
1873.9, 0.0231934
1873.96, 0.0231934
1874.03, 0.0231934
1874.09, 0.0231934
1874.15, 0.0231934
1874.21, 0.0231934
1874.27, 0.0231934
1874.33, 0.0231934
1874.39, 0.0231934
1874.45, 0.0231934
1874.51, 0.0231934
1874.58, 0.0231934
1874.64, 0.0231934
1874.71, 0.0231934
1874.77, 0.0231934
1874.83, 0.0231934
1874.89, 0.0231934
1874.95, 0.0231934
1875.01, 0.0231934
1875.07, 0.0231934
1875.13, 0.0231934
1875.2, 0.0231934
1875.26, 0.0231934
1875.32, 0.0231934
1875.38, 0.0231934
1875.44, 0.0231934
1875.51, 0.0231934
1875.57, 0.0231934
1875.63, 0.0231934
1875.69, 0.0231934
1875.75, 0.0231934
1875.81, 0.0231934
1875.87, 0.0231934
1875.94, 0.0231934
1876, 0.0231934
1876.06, 0.0231934
1876.12, 0.0231934
1876.18, 0.0231934
1876.25, 0.0231934
1876.31, 0.0231934
1876.37, 0.0231934
1876.43, 0.0231934
1876.49, 0.0231934
1876.55, 0.0231934
1876.62, 0.0231934
1876.68, 0.0231934
1876.74, 0.0231934
1876.8, 0.0231934
1876.86, 0.0231934
1876.92, 0.0231934
1876.98, 0.0231934
1877.05, 0.0231934
1877.11, 0.0231934
1877.17, 0.0231934
1877.23, 0.0231934
1877.29, 0.0231934
1877.36, 0.0231934
1877.42, 0.0231934
1877.48, 0.0231934
1877.54, 0.0231934
1877.6, 0.0231934
1877.66, 0.0231934
1877.73, 0.0231934
1877.79, 0.0231934
1877.85, 0.0231934
1877.91, 0.0231934
1877.98, 0.0231934
1878.04, 0.0231934
1878.1, 0.0231934
1878.16, 0.0231934
1878.22, 0.0231934
1878.28, 0.0231934
1878.34, 0.0231934
1878.41, 0.0231934
1878.47, 0.0231934
1878.53, 0.0231934
1878.59, 0.0231934
1878.65, 0.0231934
1878.71, 0.0231934
1878.77, 0.0231934
1878.84, 0.0231934
1878.9, 0.0231934
1878.97, 0.0231934
1879.04, 0.0231934
1879.1, 0.0231934
1879.18, 0.0231934
1879.25, 0.0231934
1879.32, 0.0231934
1879.38, 0.0231934
1879.44, 0.0231934
1879.51, 0.0231934
1879.57, 0.0231934
1879.63, 0.0231934
1879.69, 0.0231934
1879.75, 0.0231934
1879.81, 0.0231934
1879.87, 0.0231934
1879.93, 0.0231934
1879.99, 0.0231934
1880.05, 0.0231934
1880.12, 0.0231934
1880.18, 0.0231934
1880.24, 0.0231934
1880.3, 0.0231934
1880.37, 0.0231934
1880.43, 0.0231934
1880.49, 0.0231934
1880.55, 0.0231934
1880.61, 0.0231934
1880.67, 0.0231934
1880.73, 0.0231934
1880.79, 0.0231934
1880.85, 0.0231934
1880.91, 0.0231934
1880.97, 0.0231934
1881.03, 0.0231934
1881.09, 0.0231934
1881.15, 0.0231934
1881.22, 0.0231934
1881.28, 0.0231934
1881.34, 0.0231934
1881.4, 0.0231934
1881.47, 0.0231934
1881.53, 0.0231934
1881.6, 0.0231934
1881.67, 0.0231934
1881.74, 0.0231934
1881.8, 0.0231934
1881.86, 0.0231934
1881.93, 0.0231934
1881.99, 0.0231934
1882.05, 0.0231934
1882.11, 0.0231934
1882.17, 0.0231934
1882.23, 0.0231934
1882.29, 0.0231934
1882.35, 0.0231934
1882.41, 0.0231934
1882.48, 0.0231934
1882.54, 0.0231934
1882.6, 0.0231934
1882.66, 0.0231934
1882.72, 0.0231934
1882.78, 0.0231934
1882.84, 0.0231934
1882.91, 0.0231934
1882.97, 0.0231934
1883.03, 0.0231934
1883.09, 0.0231934
1883.15, 0.0231934
1883.21, 0.0231934
1883.27, 0.0231934
1883.34, 0.0231934
1883.4, 0.0231934
1883.46, 0.0231934
1883.52, 0.0231934
1883.58, 0.0231934
1883.64, 0.0231934
1883.7, 0.0231934
1883.77, 0.0231934
1883.83, 0.0231934
1883.89, 0.0231934
1883.95, 0.0231934
1884.01, 0.0231934
1884.07, 0.0231934
1884.14, 0.0231934
1884.2, 0.0231934
1884.26, 0.0231934
1884.32, 0.0231934
1884.39, 0.0231934
1884.45, 0.0231934
1884.51, 0.0231934
1884.58, 0.0231934
1884.64, 0.0231934
1884.7, 0.0231934
1884.76, 0.0231934
1884.82, 0.0231934
1884.89, 0.0231934
1884.95, 0.0231934
1885.01, 0.0231934
1885.07, 0.0231934
1885.13, 0.0231934
1885.19, 0.0231934
1885.25, 0.0231934
1885.31, 0.0231934
1885.38, 0.0231934
1885.44, 0.0231934
1885.5, 0.0231934
1885.56, 0.0231934
1885.62, 0.0231934
1885.68, 0.0231934
1885.75, 0.0231934
1885.81, 0.0231934
1885.87, 0.0231934
1885.93, 0.0231934
1885.99, 0.0231934
1886.05, 0.0231934
1886.12, 0.0231934
1886.18, 0.0231934
1886.24, 0.0231934
1886.3, 0.0231934
1886.36, 0.0231934
1886.42, 0.0231934
1886.48, 0.0231934
1886.54, 0.0231934
1886.61, 0.0231934
1886.67, 0.0231934
1886.73, 0.0231934
1886.79, 0.0231934
1886.85, 0.0231934
1886.91, 0.0231934
1886.97, 0.0231934
1887.03, 0.0231934
1887.09, 0.0231934
1887.16, 0.0231934
1887.22, 0.0231934
1887.28, 0.0231934
1887.34, 0.0231934
1887.4, 0.0231934
1887.46, 0.0231934
1887.52, 0.0231934
1887.59, 0.0231934
1887.65, 0.0231934
1887.72, 0.0231934
1887.78, 0.0231934
1887.84, 0.0231934
1887.9, 0.0231934
1887.96, 0.0231934
1888.02, 0.0231934
1888.08, 0.0231934
1888.15, 0.0231934
1888.21, 0.0231934
1888.27, 0.0231934
1888.33, 0.0231934
1888.39, 0.0231934
1888.45, 0.0231934
1888.52, 0.0231934
1888.58, 0.0231934
1888.64, 0.0231934
1888.7, 0.0231934
1888.76, 0.0231934
1888.82, 0.0231934
1888.89, 0.0231934
1888.95, 0.0231934
1889.01, 0.0231934
1889.07, 0.0231934
1889.14, 0.0231934
1889.2, 0.0231934
1889.27, 0.0231934
1889.33, 0.0231934
1889.39, 0.0231934
1889.45, 0.0231934
1889.51, 0.0231934
1889.57, 0.0231934
1889.64, 0.0231934
1889.7, 0.0231934
1889.76, 0.0231934
1889.83, 0.0231934
1889.89, 0.0231934
1889.95, 0.0231934
1890.01, 0.0231934
1890.07, 0.0231934
1890.14, 0.0231934
1890.21, 0.0231934
1890.28, 0.0231934
1890.34, 0.0231934
1890.4, 0.0231934
1890.46, 0.0231934
1890.52, 0.0231934
1890.58, 0.0231934
1890.65, 0.0231934
1890.72, 0.0231934
1890.78, 0.0231934
1890.84, 0.0231934
1890.9, 0.0231934
1890.96, 0.0231934
1891.02, 0.0231934
1891.08, 0.0231934
1891.14, 0.0231934
1891.21, 0.0231934
1891.27, 0.0231934
1891.33, 0.0231934
1891.39, 0.0231934
1891.46, 0.0231934
1891.52, 0.0231934
1891.59, 0.0231934
1891.65, 0.0231934
1891.71, 0.0231934
1891.77, 0.0231934
1891.83, 0.0231934
1891.89, 0.0231934
1891.96, 0.0231934
1892.02, 0.0231934
1892.08, 0.0231934
1892.14, 0.0231934
1892.2, 0.0231934
1892.26, 0.0231934
1892.32, 0.0231934
1892.38, 0.0231934
1892.45, 0.0231934
1892.51, 0.0231934
1892.57, 0.0231934
1892.63, 0.0231934
1892.69, 0.0231934
1892.76, 0.0231934
1892.83, 0.0231934
1892.89, 0.0231934
1892.95, 0.0231934
1893.01, 0.0231934
1893.07, 0.0231934
1893.13, 0.0231934
1893.19, 0.0231934
1893.26, 0.0231934
1893.32, 0.0231934
1893.38, 0.0231934
1893.44, 0.0231934
1893.51, 0.0231934
1893.57, 0.0231934
1893.63, 0.0231934
1893.69, 0.0231934
1893.75, 0.0231934
1893.81, 0.0231934
1893.87, 0.0231934
1893.93, 0.0231934
1893.99, 0.0231934
1894.05, 0.0231934
1894.11, 0.0231934
1894.18, 0.0231934
1894.24, 0.0231934
1894.3, 0.0231934
1894.36, 0.0231934
1894.42, 0.0231934
1894.48, 0.0231934
1894.54, 0.0231934
1894.6, 0.0231934
1894.67, 0.0231934
1894.73, 0.0231934
1894.79, 0.0231934
1894.85, 0.0231934
1894.91, 0.0231934
1894.97, 0.0231934
1895.03, 0.0231934
1895.09, 0.0231934
1895.15, 0.0231934
1895.22, 0.0231934
1895.28, 0.0231934
1895.34, 0.0231934
1895.4, 0.0231934
1895.47, 0.0231934
1895.53, 0.0231934
1895.59, 0.0231934
1895.65, 0.0231934
1895.71, 0.0231934
1895.77, 0.0231934
1895.83, 0.0231934
1895.9, 0.0231934
1895.96, 0.0231934
1896.02, 0.0231934
1896.08, 0.0231934
1896.14, 0.0231934
1896.2, 0.0231934
1896.26, 0.0231934
1896.32, 0.0231934
1896.38, 0.0231934
1896.45, 0.0231934
1896.51, 0.0231934
1896.57, 0.0231934
1896.63, 0.0231934
1896.69, 0.0231934
1896.76, 0.0231934
1896.82, 0.0231934
1896.88, 0.0231934
1896.94, 0.0231934
1897, 0.0231934
1897.06, 0.0231934
1897.13, 0.0231934
1897.19, 0.0231934
1897.25, 0.0231934
1897.31, 0.0231934
1897.38, 0.0231934
1897.44, 0.0231934
1897.5, 0.0231934
1897.56, 0.0231934
1897.62, 0.0231934
1897.68, 0.0231934
1897.74, 0.0231934
1897.81, 0.0231934
1897.87, 0.0231934
1897.93, 0.0231934
1897.99, 0.0231934
1898.06, 0.0231934
1898.12, 0.0231934
1898.18, 0.0231934
1898.24, 0.0231934
1898.31, 0.0231934
1898.37, 0.0231934
1898.44, 0.0231934
1898.5, 0.0231934
1898.57, 0.0231934
1898.63, 0.0231934
1898.7, 0.0231934
1898.76, 0.0231934
1898.82, 0.0231934
1898.88, 0.0231934
1898.94, 0.0231934
1899, 0.0231934
1899.06, 0.0231934
1899.12, 0.0231934
1899.18, 0.0231934
1899.25, 0.0231934
1899.31, 0.0231934
1899.37, 0.0231934
1899.44, 0.0231934
1899.51, 0.0231934
1899.58, 0.0231934
1899.64, 0.0231934
1899.7, 0.0231934
1899.76, 0.0231934
1899.83, 0.0231934
1899.89, 0.0231934
1899.96, 0.0231934
1900.03, 0.0231934
1900.09, 0.0231628
1900.15, 0.0231628
1900.21, 0.0231628
1900.28, 0.0231628
1900.35, 0.0231628
1900.41, 0.0231628
1900.47, 0.0231628
1900.53, 0.0231628
1900.59, 0.0231628
1900.65, 0.0231628
1900.71, 0.0231628
1900.78, 0.0231628
1900.84, 0.0231628
1900.9, 0.0231628
1900.96, 0.0231628
1901.02, 0.0231628
1901.09, 0.0231628
1901.15, 0.0231628
1901.21, 0.0231628
1901.27, 0.0231628
1901.33, 0.0231628
1901.39, 0.0231628
1901.45, 0.0231628
1901.51, 0.0231628
1901.57, 0.0231628
1901.63, 0.0231628
1901.69, 0.0231628
1901.75, 0.0231628
1901.81, 0.0231628
1901.88, 0.0231628
1901.94, 0.0231628
1902, 0.0231628
1902.06, 0.0231628
1902.13, 0.0231628
1902.19, 0.0231628
1902.25, 0.0231628
1902.31, 0.0231628
1902.37, 0.0231628
1902.43, 0.0231628
1902.49, 0.0231628
1902.55, 0.0231628
1902.62, 0.0231628
1902.68, 0.0231628
1902.74, 0.0231628
1902.8, 0.0231628
1902.86, 0.0231628
1902.92, 0.0231628
1902.98, 0.0231628
1903.05, 0.0231628
1903.11, 0.0231628
1903.17, 0.0231628
1903.23, 0.0231628
1903.29, 0.0231628
1903.35, 0.0231628
1903.41, 0.0231628
1903.48, 0.0231628
1903.54, 0.0231628
1903.6, 0.0231628
1903.66, 0.0231628
1903.72, 0.0231628
1903.78, 0.0231628
1903.85, 0.0231628
1903.91, 0.0231628
1903.97, 0.0231628
1904.04, 0.0231628
1904.1, 0.0231628
1904.16, 0.0231628
1904.22, 0.0231628
1904.28, 0.0231628
1904.35, 0.0231628
1904.42, 0.0231628
1904.48, 0.0231628
1904.54, 0.0231628
1904.6, 0.0231628
1904.66, 0.0231628
1904.72, 0.0231628
1904.78, 0.0231628
1904.85, 0.0231628
1904.91, 0.0231628
1904.97, 0.0231628
1905.03, 0.0231628
1905.09, 0.0231628
1905.15, 0.0231628
1905.21, 0.0231628
1905.27, 0.0231628
1905.33, 0.0231628
1905.4, 0.0231628
1905.46, 0.0231628
1905.53, 0.0231628
1905.59, 0.0231628
1905.65, 0.0231628
1905.71, 0.0231628
1905.77, 0.0231628
1905.83, 0.0231628
1905.9, 0.0231628
1905.96, 0.0231628
1906.02, 0.0231628
1906.08, 0.0231628
1906.14, 0.0231628
1906.21, 0.0231628
1906.27, 0.0231628
1906.33, 0.0231628
1906.39, 0.0231628
1906.45, 0.0231628
1906.51, 0.0231628
1906.57, 0.0231628
1906.64, 0.0231628
1906.7, 0.0231628
1906.76, 0.0231628
1906.82, 0.0231628
1906.88, 0.0231628
1906.95, 0.0231628
1907.02, 0.0231628
1907.09, 0.0231628
1907.15, 0.0231628
1907.21, 0.0231628
1907.27, 0.0231628
1907.34, 0.0231628
1907.4, 0.0231628
1907.46, 0.0231628
1907.52, 0.0231628
1907.58, 0.0231628
1907.64, 0.0231628
1907.7, 0.0231628
1907.76, 0.0231628
1907.82, 0.0231628
1907.89, 0.0231628
1907.95, 0.0231628
1908.01, 0.0231628
1908.08, 0.0231628
1908.14, 0.0231628
1908.2, 0.0231628
1908.26, 0.0231628
1908.32, 0.0231628
1908.38, 0.0231628
1908.45, 0.0231628
1908.51, 0.0231628
1908.57, 0.0231628
1908.63, 0.0231628
1908.69, 0.0231628
1908.75, 0.0231628
1908.82, 0.0231628
1908.88, 0.0231628
1908.94, 0.0231628
1909.01, 0.0231628
1909.07, 0.0231628
1909.13, 0.0231628
1909.19, 0.0231628
1909.25, 0.0231628
1909.31, 0.0231628
1909.37, 0.0231628
1909.44, 0.0231628
1909.5, 0.0231628
1909.56, 0.0231628
1909.62, 0.0231628
1909.68, 0.0231628
1909.74, 0.0231628
1909.8, 0.0231628
1909.87, 0.0231628
1909.93, 0.0231628
1909.99, 0.0231628
1910.05, 0.0231628
1910.11, 0.0231628
1910.17, 0.0231628
1910.23, 0.0231628
1910.29, 0.0231628
1910.35, 0.0231628
1910.41, 0.0231628
1910.47, 0.0231628
1910.53, 0.0231628
1910.59, 0.0231628
1910.66, 0.0231628
1910.72, 0.0231628
1910.78, 0.0231628
1910.84, 0.0231628
1910.9, 0.0231628
1910.96, 0.0231628
1911.03, 0.0231628
1911.09, 0.0231628
1911.15, 0.0231628
1911.21, 0.0231628
1911.27, 0.0231628
1911.33, 0.0231628
1911.39, 0.0231628
1911.46, 0.0231628
1911.52, 0.0231628
1911.58, 0.0231628
1911.64, 0.0231628
1911.7, 0.0231628
1911.76, 0.0231628
1911.82, 0.0231628
1911.89, 0.0231628
1911.95, 0.0231628
1912.02, 0.0231628
1912.08, 0.0231628
1912.14, 0.0231628
1912.2, 0.0231628
1912.26, 0.0231628
1912.32, 0.0231628
1912.38, 0.0231628
1912.44, 0.0231628
1912.51, 0.0231628
1912.57, 0.0231628
1912.63, 0.0231628
1912.69, 0.0231628
1912.75, 0.0231628
1912.81, 0.0231628
1912.87, 0.0231628
1912.93, 0.0231628
1913, 0.0231628
1913.06, 0.0231628
1913.12, 0.0231628
1913.18, 0.0231628
1913.24, 0.0231628
1913.3, 0.0231628
1913.36, 0.0231628
1913.42, 0.0231628
1913.48, 0.0231628
1913.54, 0.0231628
1913.6, 0.0231628
1913.67, 0.0231628
1913.73, 0.0231628
1913.79, 0.0231628
1913.85, 0.0231628
1913.91, 0.0231628
1913.98, 0.0231628
1914.04, 0.0231628
1914.1, 0.0231628
1914.16, 0.0231628
1914.22, 0.0231628
1914.28, 0.0231628
1914.34, 0.0231628
1914.4, 0.0231628
1914.47, 0.0231628
1914.53, 0.0231628
1914.59, 0.0231628
1914.65, 0.0231628
1914.72, 0.0231628
1914.78, 0.0231628
1914.85, 0.0231628
1914.92, 0.0231628
1914.98, 0.0231628
1915.04, 0.0231628
1915.1, 0.0231628
1915.16, 0.0231628
1915.23, 0.0231628
1915.29, 0.0231628
1915.35, 0.0231628
1915.42, 0.0231628
1915.48, 0.0231628
1915.54, 0.0231628
1915.6, 0.0231628
1915.66, 0.0231628
1915.73, 0.0231628
1915.79, 0.0231628
1915.85, 0.0231628
1915.91, 0.0231628
1915.97, 0.0231628
1916.03, 0.0231628
1916.09, 0.0231628
1916.15, 0.0231628
1916.21, 0.0231628
1916.27, 0.0231628
1916.34, 0.0231628
1916.4, 0.0231628
1916.46, 0.0231628
1916.52, 0.0231628
1916.58, 0.0231628
1916.64, 0.0231628
1916.7, 0.0231628
1916.77, 0.0231628
1916.83, 0.0231628
1916.89, 0.0231628
1916.95, 0.0231628
1917.01, 0.0231628
1917.07, 0.0231628
1917.13, 0.0231628
1917.19, 0.0231628
1917.25, 0.0231628
1917.31, 0.0231628
1917.37, 0.0231628
1917.43, 0.0231628
1917.49, 0.0231628
1917.56, 0.0231628
1917.62, 0.0231628
1917.68, 0.0231628
1917.75, 0.0231628
1917.82, 0.0231628
1917.89, 0.0231628
1917.96, 0.0231628
1918.02, 0.0231628
1918.08, 0.0231628
1918.14, 0.0231628
1918.2, 0.0231628
1918.26, 0.0231628
1918.33, 0.0231628
1918.4, 0.0231628
1918.46, 0.0231628
1918.53, 0.0231628
1918.6, 0.0231628
1918.66, 0.0231628
1918.73, 0.0231628
1918.79, 0.0231628
1918.85, 0.0231628
1918.91, 0.0231628
1918.97, 0.0231628
1919.03, 0.0231628
1919.1, 0.0231628
1919.16, 0.0231628
1919.22, 0.0231628
1919.28, 0.0231628
1919.35, 0.0231628
1919.41, 0.0231628
1919.47, 0.0231628
1919.53, 0.0231628
1919.59, 0.0231628
1919.65, 0.0231628
1919.71, 0.0231628
1919.77, 0.0231628
1919.83, 0.0231628
1919.9, 0.0231628
1919.96, 0.0231628
1920.02, 0.0231628
1920.08, 0.0231628
1920.14, 0.0231628
1920.2, 0.0231628
1920.26, 0.0231628
1920.32, 0.0231628
1920.39, 0.0231628
1920.45, 0.0231628
1920.51, 0.0231628
1920.57, 0.0231628
1920.63, 0.0231628
1920.69, 0.0231628
1920.75, 0.0231628
1920.82, 0.0231628
1920.88, 0.0231628
1920.95, 0.0231628
1921.01, 0.0231628
1921.07, 0.0231628
1921.14, 0.0231628
1921.2, 0.0231628
1921.26, 0.0231628
1921.32, 0.0231628
1921.39, 0.0231628
1921.45, 0.0231628
1921.52, 0.0231628
1921.59, 0.0231628
1921.66, 0.0231628
1921.73, 0.0231628
1921.79, 0.0231628
1921.85, 0.0231628
1921.91, 0.0231628
1921.98, 0.0231628
1922.04, 0.0231628
1922.1, 0.0231628
1922.16, 0.0231628
1922.22, 0.0231628
1922.29, 0.0231628
1922.35, 0.0231628
1922.41, 0.0231628
1922.47, 0.0231628
1922.53, 0.0231628
1922.59, 0.0231628
1922.65, 0.0231628
1922.72, 0.0231628
1922.78, 0.0231628
1922.84, 0.0231628
1922.9, 0.0231628
1922.96, 0.0231628
1923.02, 0.0231628
1923.08, 0.0231628
1923.14, 0.0231628
1923.2, 0.0231628
1923.27, 0.0231628
1923.33, 0.0231628
1923.39, 0.0231628
1923.45, 0.0231628
1923.51, 0.0231628
1923.57, 0.0231628
1923.63, 0.0231628
1923.7, 0.0231628
1923.76, 0.0231628
1923.83, 0.0231628
1923.9, 0.0231628
1923.97, 0.0231628
1924.03, 0.0231628
1924.09, 0.0231628
1924.15, 0.0231628
1924.21, 0.0231628
1924.27, 0.0231628
1924.33, 0.0231628
1924.39, 0.0231628
1924.46, 0.0231628
1924.52, 0.0231628
1924.58, 0.0231628
1924.64, 0.0231628
1924.7, 0.0231628
1924.76, 0.0231628
1924.83, 0.0231628
1924.89, 0.0231628
1924.95, 0.0231628
1925.01, 0.0231628
1925.07, 0.0231628
1925.13, 0.0231628
1925.2, 0.0231628
1925.26, 0.0231628
1925.32, 0.0231628
1925.38, 0.0231628
1925.44, 0.0231628
1925.5, 0.0231628
1925.56, 0.0231628
1925.62, 0.0231628
1925.69, 0.0231628
1925.75, 0.0231628
1925.81, 0.0231628
1925.87, 0.0231628
1925.93, 0.0231628
1925.99, 0.0231628
1926.05, 0.0231628
1926.11, 0.0231628
1926.17, 0.0231628
1926.24, 0.0231628
1926.3, 0.0231628
1926.36, 0.0231628
1926.42, 0.0231628
1926.48, 0.0231628
1926.54, 0.0231628
1926.6, 0.0231628
1926.66, 0.0231628
1926.72, 0.0231628
1926.79, 0.0231628
1926.85, 0.0231628
1926.92, 0.0231628
1926.98, 0.0231628
1927.04, 0.0231628
1927.1, 0.0231628
1927.16, 0.0231628
1927.22, 0.0231628
1927.29, 0.0231628
1927.35, 0.0231628
1927.41, 0.0231628
1927.47, 0.0231628
1927.53, 0.0231628
1927.59, 0.0231628
1927.66, 0.0231628
1927.72, 0.0231628
1927.78, 0.0231628
1927.84, 0.0231628
1927.9, 0.0231628
1927.96, 0.0231628
1928.02, 0.0231628
1928.08, 0.0231628
1928.14, 0.0231628
1928.21, 0.0231628
1928.27, 0.0231628
1928.34, 0.0231628
1928.4, 0.0231628
1928.47, 0.0231628
1928.55, 0.0231628
1928.61, 0.0231628
