0.06, 554.133223889
0.12, 620.853514985
0.18, 620.083687322
0.2415, 619.320591465
0.304538, 618.549031053
0.369151, 617.767346232
0.43538, 616.976774060
0.503264, 616.177680057
0.572846, 615.370567237
0.644167, 614.556937081
0.717271, 613.735352945
0.792203, 612.905140323
0.869008, 612.066244142
0.947733, 611.219859632
1.02843, 610.366050996
1.11114, 609.504740256
1.19592, 608.631374290
1.28281, 607.745958092
1.37188, 606.853638767
1.46318, 605.955562920
1.55676, 605.045718775
1.65268, 604.127964219
1.751, 603.201205735
1.85177, 602.272912283
1.95507, 601.338749509
2.06094, 600.396804049
2.16947, 599.449740988
2.2807, 598.504271057
2.39472, 597.554039223
2.51159, 596.592830510
2.63138, 595.628596038
2.75416, 594.661571463
2.88002, 593.690897103
3.00902, 592.714797181
3.14124, 591.734561947
3.27677, 590.748937685
3.41569, 589.761590334
3.55808, 588.772557990
3.70404, 587.777828350
3.85364, 586.780042965
4.00698, 585.778919845
4.16415, 584.776513304
4.32526, 583.770455395
4.49039, 582.763390783
4.65965, 581.755690120
4.83314, 580.747886100
5.01097, 579.737588421
5.19324, 578.727604191
5.38007, 577.717373935
5.57157, 576.705508628
5.76786, 575.692451314
5.96906, 574.682301268
6.17529, 573.673326257
6.38667, 572.664897781
6.60334, 571.657469807
6.82542, 570.650800711
7.05306, 569.644468368
7.28638, 568.641551392
7.52554, 567.643963103
7.77068, 566.651341295
8.02195, 565.662420709
8.2795, 564.673143350
8.54348, 563.684795570
8.81407, 562.703291299
9.09142, 561.723007002
9.37571, 560.752810241
9.6671, 559.782543497
9.96578, 558.814514724
10.2719, 557.854199949
10.5857, 556.898282948
10.9074, 555.945592310
11.237, 555.000427183
11.575, 554.062863891
11.9213, 553.129550214
12.2764, 552.199204887
12.6403, 551.276607139
13.0133, 550.356075829
13.3956, 549.444789257
13.7875, 548.539148465
14.1892, 547.637958255
14.6009, 546.743554052
15.023, 545.851100039
15.4555, 544.966044758
15.8989, 544.089000017
16.3534, 543.216059622
16.8192, 542.348947008
17.2967, 541.482798246
17.7861, 540.622484134
18.2878, 539.763098776
18.802, 538.907661850
19.329, 538.054468772
19.8693, 537.204355555
20.423, 536.358736482
20.9906, 535.514602169
21.5723, 534.671471637
22.1686, 533.831177130
22.7798, 532.991024907
23.4063, 532.153214083
24.0485, 531.316266609
24.7067, 530.478683359
25.3814, 529.643261080
26.0729, 528.809838286
26.7817, 527.976526790
27.5083, 527.144729779
28.253, 526.316130391
29.0163, 525.487886659
29.7987, 524.658453657
30.6007, 523.828200040
31.4227, 522.993525250
32.2653, 522.153850326
33.1289, 521.311094169
34.0141, 520.468973272
34.9215, 519.630596969
35.8515, 518.794925261
36.8048, 517.958040502
37.7819, 517.119515892
38.7835, 516.278886682
39.8101, 515.443142995
40.8623, 514.612777307
41.9409, 513.781097383
43.0464, 512.949354864
44.1796, 512.124259779
45.341, 511.299852887
46.5316, 510.474843876
47.7519, 509.653097039
49.0027, 508.834582975
50.2847, 508.015232214
51.5988, 507.197515775
52.9458, 506.390679273
54.3265, 505.588518447
55.7416, 504.794559111
57.1922, 504.009979618
58.679, 503.232251950
60.2029, 502.457183493
61.765, 501.682218781
63.3661, 500.920771395
65.0073, 500.174294767
66.6895, 499.446892654
68.4137, 498.735620711
70.1811, 498.028130257
71.9926, 497.331861667
73.8494, 496.660495272
75.7526, 496.007363936
77.7034, 495.358123988
79.703, 494.713628855
81.7526, 494.081193345
83.8534, 493.458044559
86.0068, 492.836664896
88.2139, 492.220226706
90.4763, 491.610921102
92.7952, 491.006681302
95.1721, 490.414930294
97.6084, 489.845290498
100.106, 489.294025618
102.665, 488.766751321
105.289, 488.249205872
107.978, 487.745042724
110.735, 487.254295452
113.56, 486.778112701
116.456, 486.315459005
119.424, 485.861517684
122.467, 485.417971560
125.586, 485.002060224
128.782, 484.621816914
132.059, 484.253568568
135.417, 483.890896775
138.86, 483.546605565
142.388, 483.217042550
146.005, 482.899352053
149.712, 482.582529165
153.512, 482.271149867
157.407, 481.978863325
161.399, 481.703193981
165.491, 481.430144250
169.685, 481.183114132
173.984, 480.944769620
178.391, 480.718666442
182.907, 480.492672718
187.537, 480.275849752
192.283, 480.069263513
197.147, 479.864883784
202.132, 479.661074018
207.243, 479.473894160
212.481, 479.297854873
217.85, 479.126246338
223.353, 478.957455206
228.994, 478.810475663
234.776, 478.666906942
240.702, 478.530058445
246.777, 478.408898628
253.003, 478.294916294
259.385, 478.172500381
265.927, 478.061300818
272.632, 477.966541675
279.505, 477.857650914
286.549, 477.774405227
293.77, 477.694048722
301.171, 477.618383762
308.757, 477.543054306
316.533, 477.483910695
324.504, 477.425819808
332.673, 477.359432548
341.047, 477.320118900
349.63, 477.272156296
358.428, 477.236325572
367.446, 477.198567146
376.689, 477.157689593
386.163, 477.129577574
395.874, 477.089423585
405.828, 477.058590033
416.031, 477.031973357
426.489, 477.000928131
437.208, 476.973657835
448.195, 476.953336468
459.457, 476.925984621
471, 476.910627187
482.832, 476.891254328
494.96, 476.870193334
507.391, 476.854251644
520.133, 476.841471573
533.193, 476.824919426
546.58, 476.815420551
560.302, 476.799181519
574.366, 476.790849667
588.782, 476.771829275
603.559, 476.768669044
618.705, 476.746968039
634.229, 476.752450276
634.289, 476.736567630
634.351, 476.736516656
634.414, 476.736468391
634.479, 476.736418167
634.545, 476.736367432
634.613, 476.736319666
634.682, 476.736264205
634.754, 476.736209373
634.827, 476.736160881
634.902, 476.736103026
634.978, 476.736040937
635.057, 476.735983158
635.138, 476.735926345
635.221, 476.735859540
635.305, 476.735800954
635.392, 476.735737341
635.481, 476.735669437
635.573, 476.735599567
635.666, 476.735532656
635.762, 476.735455733
635.86, 476.735385959
635.961, 476.735314104
636.064, 476.735234892
636.17, 476.735158033
636.279, 476.735078483
636.39, 476.734996671
636.504, 476.734914094
636.621, 476.734829997
636.741, 476.734740155
636.864, 476.734651263
636.989, 476.734556999
637.118, 476.734464592
637.251, 476.734365670
637.386, 476.734267485
637.525, 476.734167234
637.667, 476.734068756
637.813, 476.733960517
637.963, 476.733850598
638.116, 476.733738887
638.274, 476.733626269
638.435, 476.733514840
638.6, 476.733393757
638.769, 476.733270716
638.943, 476.733153407
639.12, 476.733019445
639.303, 476.732887502
639.489, 476.732757053
639.681, 476.732619740
639.877, 476.732478540
640.078, 476.732335975
640.285, 476.732186612
640.496, 476.732036611
640.713, 476.731885345
640.935, 476.731728728
641.162, 476.731567204
641.396, 476.731402604
641.635, 476.731231313
641.88, 476.731058210
642.131, 476.730881771
642.389, 476.730700909
642.653, 476.730510397
642.923, 476.730320311
643.201, 476.730124838
643.485, 476.729924856
643.776, 476.729721884
644.075, 476.729510717
644.381, 476.729295479
644.695, 476.729073980
645.017, 476.728849336
645.346, 476.728618561
645.684, 476.728482402
646.031, 476.728293703
646.386, 476.728074121
646.75, 476.727844227
647.123, 476.727618982
647.505, 476.727383516
647.897, 476.727144057
648.299, 476.726893701
648.71, 476.726642812
649.132, 476.726382085
649.565, 476.726116794
650.008, 476.725848784
650.463, 476.725572107
650.929, 476.725292019
651.406, 476.724999040
651.896, 476.724697452
652.397, 476.724397176
652.911, 476.724081334
653.438, 476.723773771
653.979, 476.723450615
654.532, 476.723114140
655.1, 476.722774859
655.682, 476.722427205
656.278, 476.722069278
656.889, 476.721706260
657.516, 476.721334435
658.158, 476.720948693
658.816, 476.720558400
659.491, 476.720157079
660.182, 476.719758948
660.891, 476.719342429
661.618, 476.718912769
662.362, 476.718476691
663.126, 476.718027934
663.908, 476.717571663
664.71, 476.717099450
665.532, 476.716625005
666.375, 476.716133263
667.238, 476.715626999
668.124, 476.715116572
669.031, 476.714590024
669.961, 476.714057960
670.914, 476.713504793
671.891, 476.712946521
672.893, 476.712381173
673.919, 476.711793543
674.972, 476.711196835
676.05, 476.710596231
677.156, 476.710114734
678.289, 476.709512867
679.45, 476.708887748
680.641, 476.708253941
681.861, 476.707588044
683.112, 476.706906277
684.394, 476.706205218
685.708, 476.705487733
687.055, 476.704758322
688.436, 476.704078632
689.851, 476.703320237
691.302, 476.702541953
692.788, 476.701745070
694.312, 476.700935878
695.874, 476.700110628
697.476, 476.699265888
699.117, 476.698402975
700.799, 476.697602838
702.523, 476.696699861
704.29, 476.695769116
706.102, 476.694830225
707.959, 476.693937261
709.862, 476.692983232
711.813, 476.691973973
713.812, 476.690943529
715.862, 476.689891857
717.963, 476.688821873
720.116, 476.687842583
722.323, 476.686774027
724.586, 476.686226614
726.905, 476.685425838
729.281, 476.684383288
731.718, 476.683344234
734.215, 476.682279708
736.775, 476.681215571
739.398, 476.680139344
742.087, 476.679055219
744.844, 476.677959587
747.669, 476.676852769
750.565, 476.675732399
753.534, 476.674590061
756.576, 476.673440136
759.695, 476.672267960
762.892, 476.671082677
766.168, 476.669871560
769.527, 476.668718052
772.969, 476.667527720
776.498, 476.666353053
780.114, 476.665128017
783.821, 476.663767843
787.621, 476.662434894
791.516, 476.661050876
795.508, 476.659660911
799.6, 476.658331355
803.794, 476.656934124
808.093, 476.655499375
812.5, 476.654029296
817.017, 476.652824671
821.647, 476.651493655
826.392, 476.650625933
831.256, 476.648780817
836.242, 476.646974672
841.352, 476.645470209
846.59, 476.644008155
851.959, 476.642542099
857.462, 476.641054840
863.103, 476.639552288
868.885, 476.638047704
874.811, 476.636548289
880.886, 476.634956032
887.112, 476.633356669
893.494, 476.631745564
900.036, 476.630249187
906.741, 476.628909900
913.614, 476.627543434
920.659, 476.626975963
927.879, 476.623946135
935.281, 476.622833722
942.867, 476.621449375
950.643, 476.620115862
958.613, 476.618737471
966.783, 476.617349921
975.157, 476.615932691
983.74, 476.614626073
992.538, 476.613340958
1001.56, 476.611869530
1010.8, 476.610645158
1020.27, 476.609241840
1029.98, 476.607945213
1039.94, 476.606375729
1050.14, 476.604890464
1060.6, 476.603478827
1071.32, 476.601891043
1082.3, 476.600286543
1093.57, 476.598921369
1105.11, 476.596956918
1116.94, 476.596035532
1129.07, 476.594420436
1141.5, 476.593441342
1154.24, 476.590905829
1167.3, 476.590414901
1180.69, 476.588511271
1194.41, 476.587044405
1208.48, 476.584999441
1222.89, 476.584076739
1237.67, 476.581836477
1252.81, 476.580602100
1268.34, 476.578664826
1284.25, 476.577689403
1300.56, 476.575451190
1317.28, 476.575083550
1334.42, 476.571968670
1351.98, 476.572814708
1352.04, 476.571220760
1352.1, 476.571213877
1352.17, 476.571207591
1352.23, 476.571201179
1352.3, 476.571193482
1352.36, 476.571189631
1352.43, 476.571177625
1352.51, 476.571169973
1352.58, 476.571166952
1352.65, 476.571160491
1352.73, 476.571155297
1352.81, 476.571147552
1352.89, 476.571137399
1352.97, 476.571126573
1353.06, 476.571121114
1353.14, 476.571111939
1353.23, 476.571104741
1353.32, 476.571094024
1353.42, 476.571086178
1353.51, 476.571072402
1353.61, 476.571063306
1353.71, 476.571058974
1353.82, 476.571044367
1353.92, 476.571036925
1354.03, 476.571024934
1354.14, 476.571015049
1354.26, 476.571004115
1354.37, 476.570999883
1354.49, 476.570982902
1354.62, 476.570970691
1354.74, 476.570957048
1354.87, 476.570946671
1355, 476.570935346
1355.14, 476.570918374
1355.28, 476.570904074
1355.42, 476.570891489
1355.57, 476.570878340
1355.71, 476.570867374
1355.87, 476.570852122
1356.03, 476.570834047
1356.19, 476.570819807
1356.35, 476.570802757
1356.52, 476.570788825
1356.69, 476.570770636
1356.87, 476.570755392
1357.05, 476.570735775
1357.24, 476.570723042
1357.43, 476.570699099
1357.63, 476.570685688
1357.83, 476.570662706
1358.04, 476.570647787
1358.25, 476.570625152
1358.46, 476.570602714
1358.69, 476.570581028
1358.91, 476.570559737
1359.15, 476.570536201
1359.39, 476.570519685
1359.63, 476.570493091
1359.88, 476.570468644
1360.14, 476.570444922
1360.4, 476.570420422
1360.68, 476.570394063
1360.95, 476.570369218
1361.24, 476.570339982
1361.53, 476.570311170
1361.83, 476.570283961
1362.13, 476.570257465
1362.45, 476.570228052
1362.77, 476.570198975
1363.1, 476.570164025
1363.44, 476.570136235
1363.78, 476.570106601
1364.14, 476.570068775
1364.5, 476.570035403
1364.87, 476.569998724
1365.26, 476.569968719
1365.65, 476.569928697
1366.05, 476.569889684
1366.46, 476.569856163
1366.88, 476.569815007
1367.32, 476.569773624
1367.76, 476.569730561
1368.21, 476.569688131
1368.68, 476.569642245
1369.16, 476.569598845
1369.65, 476.569551683
1370.15, 476.569506135
1370.66, 476.569457084
1371.19, 476.569409973
1371.73, 476.569360715
1372.28, 476.569305620
1372.85, 476.569249215
1373.43, 476.569193249
1374.03, 476.569139791
1374.64, 476.569085294
1375.27, 476.569024650
1375.91, 476.568969957
1376.57, 476.568906009
1377.24, 476.568844626
1377.93, 476.568778439
1378.64, 476.568712459
1379.37, 476.568645969
1380.11, 476.568573460
1380.88, 476.568503971
1381.66, 476.568435022
1382.46, 476.568355264
1383.28, 476.568281386
1384.13, 476.568198218
1384.99, 476.568118704
1385.88, 476.568040842
1386.78, 476.567955483
1387.71, 476.567869301
1388.67, 476.567779310
1389.64, 476.567689620
1390.64, 476.567598642
1391.67, 476.567506677
1392.72, 476.567411305
1393.8, 476.567317234
1394.91, 476.567265157
1396.04, 476.567264324
1397.2, 476.567151193
1398.39, 476.567033736
1399.61, 476.566925403
1400.86, 476.566809632
1402.15, 476.566697858
1403.46, 476.566579348
1404.81, 476.566464224
1406.19, 476.566342915
1407.6, 476.566220286
1409.05, 476.566099532
1410.54, 476.565977554
1412.06, 476.565848813
1413.63, 476.565726240
1415.23, 476.565597709
1416.87, 476.565465745
1418.55, 476.565330868
1420.28, 476.565199788
1422.04, 476.565060618
1423.85, 476.564917798
1425.71, 476.564777156
1427.61, 476.564631840
1429.56, 476.564489490
1431.56, 476.564335931
1433.61, 476.564183311
1435.71, 476.564026619
1437.87, 476.563867775
1440.08, 476.563705345
1442.34, 476.563536677
1444.66, 476.563368350
1447.03, 476.563197248
1449.47, 476.563025303
1451.97, 476.562851084
1454.53, 476.562670696
1457.15, 476.562504919
1459.84, 476.562302919
1462.6, 476.562104499
1465.42, 476.561899571
1468.32, 476.561700520
1471.29, 476.561489409
1474.33, 476.561283044
1477.45, 476.561061106
1480.64, 476.560845069
1483.92, 476.560619894
1487.28, 476.560393605
1490.72, 476.560235246
1494.25, 476.560118694
1497.87, 476.559862372
1501.57, 476.559618062
1505.37, 476.559366998
1509.27, 476.559104394
1513.26, 476.558840768
1517.35, 476.558630311
1521.55, 476.558525015
1525.85, 476.558221152
1530.25, 476.557936351
1534.77, 476.557655064
1539.4, 476.557372060
1544.14, 476.557182404
1549.01, 476.556926872
1553.99, 476.556648236
1559.1, 476.556368817
1564.34, 476.556097203
1569.71, 476.555822577
1575.21, 476.555526800
1580.86, 476.555225085
1586.64, 476.554915388
1592.56, 476.554676929
1598.64, 476.554351933
1604.86, 476.553896202
1611.25, 476.553541201
1617.79, 476.553218180
1624.49, 476.552885616
1631.37, 476.552551651
1638.41, 476.552228403
1645.63, 476.551939591
1653.03, 476.551577778
1660.62, 476.551229419
1668.39, 476.551001134
1676.37, 476.550524623
1684.53, 476.550108049
1692.91, 476.549713058
1701.49, 476.549320548
1710.29, 476.548930096
1719.31, 476.548604498
1728.55, 476.548295607
1738.02, 476.547643258
1747.74, 476.547304995
1757.69, 476.546915290
1767.89, 476.546510570
1778.35, 476.546135250
1789.07, 476.545811668
1800.06, 476.545270470
1811.32, 476.544846988
1822.86, 476.544860032
1822.92, 476.544449075
1822.98, 476.544445787
1823.05, 476.544445645
1823.11, 476.544441680
1823.18, 476.544439775
1823.24, 476.544435742
1823.31, 476.544432942
1823.39, 476.544430573
1823.46, 476.544429274
1823.53, 476.544425723
1823.61, 476.544424487
1823.69, 476.544420702
1823.77, 476.544418516
1823.85, 476.544414953
1823.94, 476.544409626
1824.02, 476.544408196
1824.11, 476.544403331
1824.2, 476.544402516
1824.3, 476.544395066
1824.39, 476.544392729
1824.49, 476.544391143
1824.59, 476.544385292
1824.7, 476.544382942
1824.8, 476.544378136
1824.91, 476.544373609
1825.02, 476.544368638
1825.14, 476.544363863
1825.25, 476.544363385
1825.37, 476.544358014
1825.5, 476.544349517
1825.62, 476.544347383
1825.75, 476.544338648
1825.88, 476.544335633
1826.02, 476.544332284
1826.16, 476.544327299
1826.3, 476.544320997
1826.45, 476.544312472
1826.6, 476.544309555
1826.75, 476.544302660
1826.91, 476.544294547
1827.07, 476.544291473
1827.23, 476.544282302
1827.4, 476.544278682
1827.57, 476.544275969
1827.75, 476.544266689
1827.93, 476.544260953
1828.12, 476.544249641
1828.31, 476.544243804
1828.51, 476.544237682
1828.71, 476.544227665
1828.92, 476.544221240
1829.13, 476.544214717
1829.35, 476.544207397
1829.57, 476.544196251
1829.79, 476.544190820
1830.03, 476.544183692
1830.27, 476.544175191
1830.51, 476.544164159
1830.76, 476.544153872
1831.02, 476.544139979
1831.29, 476.544133393
1831.56, 476.544125866
1831.83, 476.544112348
1832.12, 476.544100150
1832.41, 476.544093324
1832.71, 476.544081572
1833.01, 476.544067618
1833.33, 476.544057405
1833.65, 476.544044664
1833.98, 476.544033953
1834.32, 476.544018853
1834.66, 476.544005890
1835.02, 476.543996464
1835.38, 476.543978875
1835.75, 476.543967844
1836.14, 476.543949376
1836.53, 476.543939670
1836.93, 476.543925195
1837.34, 476.543906875
1837.76, 476.543891242
1838.2, 476.543879314
1838.64, 476.543859788
1839.1, 476.543843319
1839.56, 476.543824411
1840.04, 476.543808266
1840.53, 476.543787830
1841.03, 476.543769700
1841.54, 476.543752531
1842.07, 476.543731034
1842.61, 476.543713840
1843.16, 476.543690899
1843.73, 476.543673390
1844.31, 476.543649145
1844.91, 476.543624538
1845.52, 476.543605304
1846.15, 476.543582274
1846.79, 476.543558453
1847.45, 476.543531176
1848.12, 476.543506331
1848.81, 476.543483993
1849.52, 476.543456858
1850.25, 476.543429166
1850.99, 476.543403404
1851.76, 476.543373356
1852.54, 476.543347144
1853.34, 476.543314589
1854.16, 476.543287964
1855.01, 476.543258145
1855.87, 476.543232218
1856.76, 476.543190654
1857.66, 476.543159756
1858.59, 476.543124428
1859.55, 476.543088501
1860.52, 476.543051493
1861.53, 476.543018515
1862.55, 476.542982642
1863.6, 476.542944029
1864.68, 476.542903314
1865.79, 476.542862938
1866.92, 476.542823247
1868.08, 476.542781447
1869.27, 476.542740521
1870.49, 476.542693804
1871.74, 476.542650656
1873.03, 476.542604581
1874.34, 476.542557138
1875.69, 476.542504480
1877.07, 476.542458601
1878.48, 476.542407078
1879.93, 476.542352240
1881.42, 476.542304111
1882.94, 476.542246053
1884.51, 476.542188916
1886.11, 476.542136297
1887.75, 476.542075547
1889.43, 476.542019059
1891.16, 476.541957669
1892.92, 476.541895490
1894.73, 476.541832340
1896.59, 476.541767032
1898.49, 476.541702057
1900.45, 476.541629729
1902.44, 476.541561881
1904.49, 476.541488035
1906.6, 476.541419659
1908.75, 476.541345117
1910.96, 476.541268024
1913.22, 476.541188796
1915.54, 476.541108287
1917.91, 476.541030199
1920.35, 476.540949992
1922.85, 476.540863709
1925.41, 476.540775944
1928.03, 476.540689348
1930.72, 476.540607759
1933.48, 476.540531467
1936.3, 476.540435586
1939.2, 476.540332632
1942.17, 476.540228981
1945.21, 476.540123545
1948.33, 476.540025164
1951.52, 476.539919240
1954.8, 476.539813350
1958.16, 476.539701356
1961.6, 476.539589816
1965.13, 476.539685375
1965.19, 476.539515516
1965.25, 476.539515482
1965.31, 476.539519578
1965.37, 476.539514465
1965.44, 476.539509703
1965.5, 476.539512188
1965.56, 476.539507155
1965.62, 476.539508775
1965.68, 476.539502890
1965.74, 476.539504438
1965.8, 476.539503351
1965.86, 476.539501346
1965.93, 476.539500288
1965.99, 476.539496936
1966.06, 476.539494866
1966.13, 476.539493659
1966.19, 476.539489243
1966.27, 476.539491024
1966.33, 476.539490561
1966.39, 476.539484429
1966.45, 476.539486375
1966.51, 476.539485951
1966.57, 476.539485313
1966.64, 476.539480850
1966.7, 476.539480909
1966.76, 476.539477387
1966.82, 476.539477391
1966.88, 476.539474642
1966.94, 476.539473277
1967.01, 476.539469810
1967.07, 476.539469067
1967.14, 476.539469208
1967.2, 476.539465589
1967.26, 476.539462860
1967.32, 476.539466023
1967.38, 476.539460073
1967.44, 476.539460697
1967.5, 476.539455946
1967.56, 476.539457984
1967.62, 476.539451892
1967.69, 476.539456949
1967.75, 476.539455549
1967.81, 476.539449876
1967.87, 476.539450134
1967.93, 476.539446495
1967.99, 476.539446051
1968.05, 476.539441664
1968.12, 476.539447447
1968.18, 476.539440556
1968.24, 476.539441529
1968.3, 476.539438498
1968.36, 476.539434822
1968.43, 476.539433658
1968.49, 476.539435335
1968.55, 476.539432539
1968.61, 476.539432565
1968.67, 476.539428551
1968.73, 476.539424661
1968.8, 476.539422448
1968.86, 476.539422475
1968.92, 476.539420413
1968.98, 476.539417304
1969.05, 476.539418016
1969.11, 476.539414032
1969.17, 476.539415607
1969.23, 476.539413865
1969.29, 476.539411759
1969.35, 476.539413680
1969.41, 476.539410720
1969.47, 476.539407049
1969.54, 476.539406780
1969.6, 476.539403257
1969.67, 476.539400744
1969.73, 476.539402882
1969.79, 476.539396384
1969.86, 476.539392113
1969.92, 476.539393638
1969.98, 476.539395526
1970.04, 476.539392405
1970.1, 476.539390727
1970.16, 476.539385171
1970.23, 476.539389483
1970.29, 476.539387128
1970.35, 476.539380558
1970.41, 476.539384262
1970.47, 476.539381713
1970.53, 476.539383315
1970.59, 476.539380007
1970.66, 476.539378998
1970.72, 476.539375662
1970.78, 476.539373106
1970.85, 476.539371559
1970.92, 476.539375483
1970.98, 476.539371025
1971.04, 476.539366372
1971.1, 476.539363822
1971.17, 476.539362685
1971.23, 476.539360671
1971.3, 476.539358561
1971.37, 476.539356188
1971.44, 476.539361155
1971.5, 476.539354314
1971.56, 476.539352751
1971.63, 476.539354348
1971.69, 476.539350955
1971.75, 476.539348231
1971.81, 476.539347701
1971.88, 476.539347140
1971.94, 476.539346256
1972.01, 476.539342290
1972.08, 476.539340305
1972.15, 476.539335551
1972.22, 476.539335975
1972.28, 476.539335648
1972.34, 476.539334428
1972.41, 476.539333511
1972.47, 476.539330878
1972.54, 476.539329653
1972.61, 476.539329764
1972.67, 476.539325577
1972.73, 476.539325629
1972.79, 476.539320880
1972.85, 476.539318030
1972.91, 476.539316889
1972.98, 476.539320287
1973.04, 476.539317399
1973.1, 476.539314788
1973.16, 476.539314631
1973.23, 476.539311443
1973.29, 476.539309759
1973.36, 476.539309019
1973.43, 476.539306428
1973.5, 476.539307303
1973.56, 476.539302532
1973.62, 476.539302861
1973.68, 476.539294987
1973.74, 476.539295004
1973.8, 476.539294560
1973.87, 476.539297396
1973.93, 476.539294864
1973.99, 476.539291271
1974.05, 476.539290963
1974.12, 476.539288321
1974.18, 476.539283369
1974.25, 476.539284107
1974.31, 476.539284386
1974.37, 476.539282951
1974.43, 476.539280305
1974.49, 476.539278203
1974.56, 476.539276866
1974.62, 476.539272708
1974.69, 476.539274548
1974.75, 476.539272464
1974.81, 476.539266231
1974.88, 476.539271463
1974.94, 476.539266255
1975, 476.539269101
1975.06, 476.539267792
1975.12, 476.539265474
1975.18, 476.539262861
1975.25, 476.539260056
1975.31, 476.539258738
1975.38, 476.539259131
1975.44, 476.539256583
1975.5, 476.539252451
1975.57, 476.539250832
1975.63, 476.539251153
1975.69, 476.539248983
1975.75, 476.539249081
1975.81, 476.539244919
1975.87, 476.539243021
1975.94, 476.539240783
1976, 476.539242305
1976.06, 476.539240551
1976.12, 476.539242496
1976.18, 476.539237584
1976.24, 476.539235928
1976.31, 476.539234731
1976.37, 476.539233091
1976.44, 476.539230730
1976.51, 476.539230175
1976.58, 476.539226134
1976.65, 476.539223606
1976.72, 476.539225180
1976.78, 476.539224317
1976.84, 476.539220988
1976.9, 476.539217027
1976.97, 476.539218427
1977.03, 476.539215276
1977.09, 476.539212907
1977.15, 476.539213494
1977.21, 476.539211248
1977.28, 476.539212452
1977.34, 476.539204525
1977.4, 476.539205721
1977.46, 476.539203051
1977.52, 476.539202751
1977.58, 476.539198818
1977.65, 476.539200068
1977.71, 476.539196634
1977.77, 476.539194987
1977.83, 476.539193065
1977.9, 476.539196288
1977.96, 476.539187878
1978.02, 476.539193738
1978.08, 476.539192068
1978.14, 476.539186380
1978.2, 476.539184853
1978.27, 476.539183923
1978.33, 476.539182940
1978.4, 476.539182555
1978.47, 476.539180316
1978.54, 476.539178942
1978.61, 476.539173670
1978.69, 476.539175060
1978.75, 476.539170417
1978.81, 476.539171805
1978.87, 476.539168475
1978.93, 476.539166496
1979, 476.539166969
1979.06, 476.539164559
1979.12, 476.539160624
1979.18, 476.539162301
1979.24, 476.539159078
1979.3, 476.539157328
1979.36, 476.539158719
1979.42, 476.539153114
1979.49, 476.539150940
1979.55, 476.539152924
1979.61, 476.539155901
1979.67, 476.539149848
1979.73, 476.539151197
1979.79, 476.539146380
1979.85, 476.539147137
1979.91, 476.539141863
1979.97, 476.539139705
1980.04, 476.539136894
1980.1, 476.539138303
1980.16, 476.539136222
1980.22, 476.539133096
1980.29, 476.539133516
1980.35, 476.539134634
1980.41, 476.539128241
1980.47, 476.539127486
1980.53, 476.539126474
1980.59, 476.539123257
1980.66, 476.539128147
1980.72, 476.539121270
1980.78, 476.539123622
1980.84, 476.539121732
1980.9, 476.539115732
1980.97, 476.539117411
1981.03, 476.539117270
1981.09, 476.539114568
1981.15, 476.539113014
1981.22, 476.539112948
1981.28, 476.539105641
1981.35, 476.539110524
1981.41, 476.539106986
1981.47, 476.539100480
1981.53, 476.539103230
1981.59, 476.539101827
1981.66, 476.539097863
1981.72, 476.539097867
1981.78, 476.539097937
1981.84, 476.539095042
1981.9, 476.539093274
1981.96, 476.539090382
1982.03, 476.539092196
1982.09, 476.539090150
1982.15, 476.539084752
1982.21, 476.539084892
1982.27, 476.539083892
1982.33, 476.539081350
1982.4, 476.539079604
1982.46, 476.539079500
1982.53, 476.539077159
1982.6, 476.539076356
1982.67, 476.539071271
1982.74, 476.539073989
1982.8, 476.539070248
1982.86, 476.539069450
1982.92, 476.539064754
1982.99, 476.539063596
1983.05, 476.539060863
1983.12, 476.539065660
1983.18, 476.539064438
1983.24, 476.539061564
1983.3, 476.539054484
1983.37, 476.539053381
1983.44, 476.539057565
1983.5, 476.539052830
1983.56, 476.539049002
1983.62, 476.539053104
1983.68, 476.539050219
1983.74, 476.539048187
1983.8, 476.539049076
1983.86, 476.539046727
1983.93, 476.539041803
1983.99, 476.539043222
1984.05, 476.539042720
1984.11, 476.539036877
1984.17, 476.539036449
1984.24, 476.539035453
1984.3, 476.539030869
1984.37, 476.539033227
1984.43, 476.539029616
1984.49, 476.539029928
1984.55, 476.539028899
1984.62, 476.539024687
1984.68, 476.539027857
1984.74, 476.539022607
1984.8, 476.539021555
1984.86, 476.539017873
1984.93, 476.539016745
1984.99, 476.539019524
1985.05, 476.539013973
1985.12, 476.539012711
1985.18, 476.539011385
1985.24, 476.539009626
1985.31, 476.539008847
1985.38, 476.539007825
1985.45, 476.539009091
1985.51, 476.539006432
1985.57, 476.539002466
1985.63, 476.538999884
1985.7, 476.538998713
1985.76, 476.538998591
1985.83, 476.539001700
1985.89, 476.538997442
1985.95, 476.538988839
1986.01, 476.538993613
1986.07, 476.538991903
1986.14, 476.538987611
1986.2, 476.538988156
1986.26, 476.538985869
1986.32, 476.538981698
1986.38, 476.538980275
1986.45, 476.538981381
1986.51, 476.538978651
1986.57, 476.538973073
1986.63, 476.538979086
1986.69, 476.538977991
1986.75, 476.538973948
1986.82, 476.538972351
1986.88, 476.538967546
1986.95, 476.538970780
1987.01, 476.538968097
1987.07, 476.538964155
1987.13, 476.538962981
1987.2, 476.538961211
1987.26, 476.538963121
1987.32, 476.538961015
1987.39, 476.538956452
1987.45, 476.538958829
1987.51, 476.538955195
1987.57, 476.538952766
1987.63, 476.538952422
1987.7, 476.538951835
1987.76, 476.538950101
1987.83, 476.538946454
1987.9, 476.538945743
1987.97, 476.538941792
1988.05, 476.538940402
1988.12, 476.538941341
1988.18, 476.538940234
1988.24, 476.538937013
1988.3, 476.538938224
1988.36, 476.538935850
1988.43, 476.538931257
1988.49, 476.538933085
1988.55, 476.538932078
1988.61, 476.538925775
1988.67, 476.538926253
1988.73, 476.538928128
1988.79, 476.538923815
1988.86, 476.538920134
1988.92, 476.538922216
1988.98, 476.538917865
1989.04, 476.538914310
1989.1, 476.538918405
1989.16, 476.538912725
1989.22, 476.538913084
1989.28, 476.538909613
1989.35, 476.538910564
1989.41, 476.538910119
1989.47, 476.538906979
1989.53, 476.538905000
1989.6, 476.538903217
1989.66, 476.538904025
1989.72, 476.538901810
1989.78, 476.538900735
1989.85, 476.538895190
1989.91, 476.538897298
1989.97, 476.538895624
1990.03, 476.538893641
1990.1, 476.538892387
1990.16, 476.538891666
1990.23, 476.538884667
1990.29, 476.538887492
1990.35, 476.538881976
1990.42, 476.538881186
1990.48, 476.538884644
1990.54, 476.538881500
1990.6, 476.538876837
1990.66, 476.538876589
1990.73, 476.538873264
1990.79, 476.538874273
1990.85, 476.538871766
1990.92, 476.538873898
1990.98, 476.538873255
1991.04, 476.538870432
1991.1, 476.538869295
1991.16, 476.538865359
1991.23, 476.538861007
1991.3, 476.538865090
1991.36, 476.538862315
1991.42, 476.538859176
1991.48, 476.538857792
1991.55, 476.538858090
1991.61, 476.538854916
1991.67, 476.538851458
1991.73, 476.538850008
1991.8, 476.538850736
1991.86, 476.538848102
1991.92, 476.538845615
1991.98, 476.538848296
1992.04, 476.538842830
1992.1, 476.538844230
1992.16, 476.538840855
1992.22, 476.538839437
1992.29, 476.538838583
1992.35, 476.538834838
1992.42, 476.538834736
1992.49, 476.538834252
1992.56, 476.538830778
1992.63, 476.538829305
1992.7, 476.538827516
1992.78, 476.538826643
1992.85, 476.538823478
1992.93, 476.538819826
1993.01, 476.538818551
1993.09, 476.538817041
1993.18, 476.538816537
1993.27, 476.538813154
1993.35, 476.538812449
1993.45, 476.538808125
1993.54, 476.538804439
1993.64, 476.538804536
1993.7, 476.538807226
1993.76, 476.538802174
1993.82, 476.538802754
1993.88, 476.538797811
1993.94, 476.538797870
1994, 476.538798165
1994.06, 476.538795520
1994.12, 476.538794003
1994.18, 476.538791759
1994.25, 476.538792234
1994.31, 476.538788965
1994.37, 476.538785085
1994.43, 476.538786299
1994.49, 476.538785936
1994.55, 476.538785200
1994.62, 476.538778396
1994.68, 476.538777175
1994.75, 476.538779862
1994.81, 476.538776182
1994.87, 476.538775925
1994.93, 476.538773782
1995, 476.538771993
1995.06, 476.538770244
1995.13, 476.538773467
1995.19, 476.538766724
1995.25, 476.538768092
1995.31, 476.538763376
1995.37, 476.538763723
1995.43, 476.538760264
1995.5, 476.538761153
1995.56, 476.538759556
1995.62, 476.538753820
1995.68, 476.538755294
1995.74, 476.538754156
1995.8, 476.538754217
1995.86, 476.538753356
1995.92, 476.538748199
1995.99, 476.538749354
1996.05, 476.538746454
1996.11, 476.538750097
1996.17, 476.538744339
1996.23, 476.538742495
1996.29, 476.538739449
1996.36, 476.538741141
1996.42, 476.538739731
1996.48, 476.538732615
1996.54, 476.538740678
1996.6, 476.538734712
1996.66, 476.538733873
1996.73, 476.538729946
1996.79, 476.538729840
1996.86, 476.538724204
1996.92, 476.538727148
1996.98, 476.538722279
1997.05, 476.538720021
1997.11, 476.538718362
1997.17, 476.538719985
1997.23, 476.538719069
1997.3, 476.538714533
1997.36, 476.538715895
1997.42, 476.538715420
1997.48, 476.538711957
1997.54, 476.538711926
1997.61, 476.538710386
1997.67, 476.538706714
1997.74, 476.538706712
1997.81, 476.538697182
1997.88, 476.538700883
1997.94, 476.538701047
1998, 476.538698567
1998.06, 476.538696790
1998.13, 476.538692306
1998.19, 476.538697314
1998.25, 476.538691905
1998.31, 476.538690140
1998.38, 476.538691006
1998.44, 476.538690856
1998.5, 476.538687890
1998.56, 476.538686734
1998.63, 476.538686915
1998.69, 476.538684835
1998.75, 476.538682930
1998.81, 476.538680776
1998.87, 476.538680811
1998.93, 476.538677081
1999, 476.538678183
1999.06, 476.538676923
1999.12, 476.538673189
1999.18, 476.538675012
1999.24, 476.538670815
1999.3, 476.538668756
1999.36, 476.538666373
1999.43, 476.538666638
1999.49, 476.538664063
1999.55, 476.538661081
1999.61, 476.538660522
1999.68, 476.538660974
1999.74, 476.538658117
1999.8, 476.538656623
1999.86, 476.538651538
1999.93, 476.538650621
1999.99, 476.538652225
2000.05, 476.538654467
2000.11, 476.538652283
2000.18, 476.538650410
2000.24, 476.538643540
2000.3, 476.538642494
2000.37, 476.538642471
2000.44, 476.538638429
2000.51, 476.538637174
2000.58, 476.538637340
2000.64, 476.538636097
2000.7, 476.538636021
2000.76, 476.538632988
2000.83, 476.538631670
2000.89, 476.538627793
2000.96, 476.538631788
2001.02, 476.538625527
2001.08, 476.538624089
2001.15, 476.538621333
2001.21, 476.538618978
2001.28, 476.538619520
2001.34, 476.538618515
2001.4, 476.538618234
2001.46, 476.538614029
2001.53, 476.538614752
2001.59, 476.538614534
2001.65, 476.538612561
2001.71, 476.538607650
2001.78, 476.538606635
2001.84, 476.538607329
2001.9, 476.538605504
2001.96, 476.538602816
2002.03, 476.538604647
2002.09, 476.538598648
2002.15, 476.538601681
2002.21, 476.538599209
2002.27, 476.538596439
2002.33, 476.538593669
2002.4, 476.538595429
2002.46, 476.538589542
2002.52, 476.538595125
2002.58, 476.538586678
2002.64, 476.538590057
2002.7, 476.538590407
2002.76, 476.538582991
2002.82, 476.538583856
2002.88, 476.538582169
2002.94, 476.538580853
2003.01, 476.538579878
2003.07, 476.538578776
2003.14, 476.538576699
2003.2, 476.538573275
2003.27, 476.538571250
2003.35, 476.538572720
2003.41, 476.538565486
2003.47, 476.538568335
2003.53, 476.538569073
2003.59, 476.538563802
2003.65, 476.538564658
2003.71, 476.538563235
2003.77, 476.538559482
2003.83, 476.538560648
2003.89, 476.538559559
2003.95, 476.538556760
2004.02, 476.538554381
2004.08, 476.538552050
2004.15, 476.538549115
2004.22, 476.538549688
2004.28, 476.538548064
2004.34, 476.538544847
2004.4, 476.538544598
2004.47, 476.538546019
2004.53, 476.538544816
2004.59, 476.538542186
2004.65, 476.538542132
2004.71, 476.538540775
2004.78, 476.538536090
2004.85, 476.538535130
2004.92, 476.538531628
2004.99, 476.538531970
2005.05, 476.538529350
2005.11, 476.538527220
2005.17, 476.538529424
2005.23, 476.538524526
2005.3, 476.538527266
2005.36, 476.538523734
2005.42, 476.538524836
2005.48, 476.538519245
2005.54, 476.538521220
2005.6, 476.538516224
2005.66, 476.538518694
2005.72, 476.538515428
2005.78, 476.538513100
2005.84, 476.538514090
2005.9, 476.538510938
2005.97, 476.538508961
2006.03, 476.538507228
2006.09, 476.538506295
2006.16, 476.538505267
2006.23, 476.538504543
2006.3, 476.538494725
2006.37, 476.538498022
2006.43, 476.538496621
2006.49, 476.538495044
2006.55, 476.538493791
2006.62, 476.538489911
2006.68, 476.538494841
2006.74, 476.538491067
2006.81, 476.538490454
2006.87, 476.538487400
2006.93, 476.538483264
2007, 476.538484015
2007.06, 476.538480916
2007.12, 476.538481125
2007.18, 476.538480505
2007.24, 476.538479649
2007.31, 476.538474596
2007.37, 476.538479560
2007.43, 476.538474419
2007.49, 476.538474442
2007.55, 476.538474064
2007.61, 476.538468968
2007.68, 476.538469092
2007.74, 476.538467432
2007.8, 476.538467174
2007.86, 476.538463671
2007.93, 476.538458977
2007.99, 476.538457124
2008.06, 476.538457640
2008.12, 476.538456670
2008.18, 476.538460088
2008.24, 476.538456826
2008.3, 476.538453153
2008.37, 476.538453320
2008.43, 476.538448774
2008.49, 476.538449057
2008.55, 476.538443402
2008.61, 476.538446271
2008.67, 476.538445081
2008.73, 476.538443320
2008.79, 476.538442181
2008.86, 476.538438136
2008.92, 476.538437831
2008.99, 476.538434280
2009.06, 476.538433500
2009.13, 476.538431943
2009.21, 476.538433283
2009.27, 476.538430697
2009.33, 476.538427573
2009.39, 476.538425778
2009.45, 476.538425534
2009.52, 476.538423275
2009.59, 476.538419963
2009.66, 476.538418176
2009.73, 476.538416116
2009.8, 476.538415505
2009.88, 476.538414298
2009.95, 476.538413967
2010.03, 476.538409710
2010.11, 476.538411151
2010.17, 476.538407419
2010.24, 476.538407586
2010.3, 476.538406099
2010.36, 476.538406540
2010.42, 476.538401232
2010.48, 476.538399530
2010.54, 476.538397711
2010.61, 476.538398373
2010.67, 476.538396087
2010.73, 476.538399097
2010.79, 476.538392050
2010.85, 476.538394448
2010.91, 476.538391497
2010.97, 476.538389091
2011.03, 476.538387366
2011.1, 476.538387974
2011.16, 476.538386624
2011.22, 476.538382842
2011.28, 476.538380063
2011.35, 476.538381091
2011.41, 476.538375348
2011.47, 476.538376985
2011.53, 476.538375154
2011.59, 476.538377937
2011.65, 476.538368694
2011.71, 476.538371999
2011.77, 476.538369567
2011.83, 476.538369258
2011.9, 476.538366921
2011.96, 476.538364456
2012.03, 476.538365433
2012.09, 476.538363131
2012.15, 476.538363999
2012.21, 476.538362258
2012.27, 476.538358294
2012.33, 476.538359166
2012.39, 476.538357122
2012.45, 476.538354022
2012.52, 476.538352035
2012.58, 476.538351447
2012.65, 476.538349909
2012.72, 476.538345901
2012.79, 476.538348461
2012.85, 476.538345051
2012.91, 476.538344337
2012.97, 476.538340172
2013.04, 476.538338507
2013.1, 476.538337440
2013.17, 476.538338168
2013.23, 476.538335681
2013.29, 476.538334421
2013.35, 476.538335253
2013.41, 476.538328950
2013.48, 476.538332152
2013.54, 476.538329196
2013.6, 476.538327457
2013.66, 476.538324456
2013.72, 476.538325678
2013.78, 476.538324018
2013.85, 476.538322171
2013.91, 476.538321229
2013.97, 476.538318888
2014.04, 476.538313828
2014.11, 476.538315463
2014.17, 476.538312970
2014.23, 476.538313507
2014.29, 476.538311281
2014.35, 476.538310737
2014.41, 476.538309176
2014.48, 476.538306308
2014.54, 476.538301493
2014.61, 476.538301231
2014.68, 476.538301580
2014.74, 476.538301954
2014.8, 476.538299223
2014.86, 476.538295639
2014.93, 476.538293772
2014.99, 476.538292010
2015.06, 476.538292445
2015.12, 476.538290673
2015.18, 476.538290441
2015.24, 476.538290905
2015.3, 476.538286314
2015.36, 476.538287036
2015.42, 476.538283402
2015.49, 476.538283150
2015.55, 476.538282608
2015.61, 476.538276222
2015.68, 476.538276442
2015.74, 476.538279436
2015.8, 476.538275979
2015.86, 476.538276015
2015.92, 476.538274303
2015.98, 476.538269013
2016.05, 476.538266584
2016.11, 476.538263169
2016.18, 476.538264888
2016.24, 476.538264170
2016.3, 476.538262225
2016.36, 476.538263337
2016.42, 476.538263279
2016.48, 476.538258387
2016.55, 476.538255786
2016.61, 476.538255462
2016.68, 476.538253911
2016.74, 476.538251513
2016.81, 476.538249266
2016.88, 476.538251768
2016.94, 476.538245465
2017.01, 476.538247854
2017.07, 476.538244779
2017.13, 476.538243541
2017.19, 476.538240456
2017.26, 476.538242579
2017.32, 476.538240860
2017.38, 476.538242609
2017.44, 476.538236265
2017.5, 476.538235770
2017.56, 476.538236410
2017.62, 476.538231617
2017.68, 476.538230931
2017.75, 476.538228933
2017.81, 476.538226352
2017.88, 476.538227528
2017.94, 476.538224182
2018, 476.538217042
2018.06, 476.538219676
2018.12, 476.538217981
2018.18, 476.538216732
2018.25, 476.538216632
2018.31, 476.538214589
2018.38, 476.538215535
2018.44, 476.538211104
2018.5, 476.538211750
2018.56, 476.538210683
2018.62, 476.538213822
2018.68, 476.538206879
2018.74, 476.538207642
2018.8, 476.538206194
2018.86, 476.538203327
2018.93, 476.538203022
2018.99, 476.538199598
2019.06, 476.538201918
2019.12, 476.538198145
2019.18, 476.538198781
2019.24, 476.538194457
2019.3, 476.538194538
2019.36, 476.538193953
2019.42, 476.538190908
2019.48, 476.538187033
2019.55, 476.538187013
2019.61, 476.538187695
2019.67, 476.538183655
2019.74, 476.538181149
2019.8, 476.538179995
2019.86, 476.538177576
2019.93, 476.538178087
2019.99, 476.538180519
2020.05, 476.538176682
2020.11, 476.538174145
2020.17, 476.538174141
2020.24, 476.538170523
2020.31, 476.538168590
2020.37, 476.538169789
2020.43, 476.538165516
2020.5, 476.538165874
2020.56, 476.538163220
2020.62, 476.538164217
2020.68, 476.538159756
2020.74, 476.538160782
2020.8, 476.538157741
2020.86, 476.538158137
2020.92, 476.538152538
2020.98, 476.538153556
2021.04, 476.538151137
2021.1, 476.538149798
2021.17, 476.538151013
2021.23, 476.538149581
2021.29, 476.538142561
2021.35, 476.538147869
2021.41, 476.538143992
2021.47, 476.538143956
2021.53, 476.538140491
2021.6, 476.538137501
2021.67, 476.538137170
2021.73, 476.538138862
2021.79, 476.538132316
2021.85, 476.538133081
2021.91, 476.538130832
2021.98, 476.538124878
2022.04, 476.538127803
2022.1, 476.538125477
2022.16, 476.538126246
2022.22, 476.538123645
2022.28, 476.538121441
2022.35, 476.538119736
2022.41, 476.538120108
2022.47, 476.538119452
2022.53, 476.538118229
2022.59, 476.538119563
2022.65, 476.538117491
2022.72, 476.538112247
2022.78, 476.538112744
2022.84, 476.538108301
2022.9, 476.538104564
2022.96, 476.538106267
2023.02, 476.538103529
2023.09, 476.538103570
2023.15, 476.538101830
2023.21, 476.538105252
2023.27, 476.538096932
2023.33, 476.538097425
2023.39, 476.538099450
2023.45, 476.538098339
2023.51, 476.538095534
2023.57, 476.538094123
2023.64, 476.538093835
2023.7, 476.538089236
2023.77, 476.538088771
2023.84, 476.538088965
2023.9, 476.538085131
2023.96, 476.538085726
2024.02, 476.538079685
2024.08, 476.538078862
2024.15, 476.538080476
2024.21, 476.538075320
2024.27, 476.538073715
2024.33, 476.538075161
2024.39, 476.538072617
2024.45, 476.538070832
2024.52, 476.538071044
2024.58, 476.538065219
2024.64, 476.538066474
2024.7, 476.538066959
2024.76, 476.538062096
2024.82, 476.538063974
2024.88, 476.538062218
2024.94, 476.538062496
2025, 476.538057434
2025.06, 476.538061102
2025.12, 476.538056567
2025.18, 476.538051392
2025.25, 476.538052911
2025.31, 476.538051532
2025.37, 476.538049413
2025.43, 476.538051823
2025.49, 476.538047929
2025.55, 476.538048453
2025.61, 476.538040112
2025.67, 476.538045896
2025.73, 476.538043928
2025.8, 476.538037535
2025.86, 476.538040925
2025.92, 476.538038793
2025.98, 476.538038635
2026.04, 476.538034587
2026.11, 476.538034391
2026.17, 476.538032307
2026.24, 476.538034377
2026.3, 476.538029539
2026.36, 476.538029132
2026.43, 476.538025164
2026.49, 476.538024614
2026.56, 476.538025186
2026.62, 476.538024641
2026.68, 476.538019192
2026.74, 476.538018059
2026.81, 476.538016117
2026.87, 476.538014257
2026.94, 476.538015418
2027, 476.538015542
2027.06, 476.538013314
2027.12, 476.538008229
2027.19, 476.538011168
2027.25, 476.538005245
2027.31, 476.538006239
2027.37, 476.538006668
2027.43, 476.538004330
2027.49, 476.538000181
2027.55, 476.537998952
2027.62, 476.537998239
2027.68, 476.537993272
2027.75, 476.537991174
2027.82, 476.537993620
2027.88, 476.537992917
2027.94, 476.537988872
2028, 476.537986685
2028.07, 476.537987587
2028.13, 476.537985323
2028.19, 476.537986060
2028.25, 476.537985495
2028.31, 476.537980849
2028.37, 476.537978800
2028.44, 476.537979327
2028.5, 476.537980192
2028.56, 476.537973849
2028.62, 476.537968035
2028.68, 476.537973972
2028.74, 476.537969860
2028.81, 476.537966581
2028.87, 476.537964134
2028.93, 476.537968197
2028.99, 476.537963622
2029.05, 476.537965407
2029.11, 476.537963663
2029.18, 476.537964533
2029.24, 476.537961547
2029.3, 476.537961838
2029.36, 476.537958939
2029.42, 476.537955908
2029.48, 476.537952832
2029.55, 476.537952520
2029.61, 476.537948919
2029.68, 476.537948795
2029.75, 476.537949048
2029.81, 476.537946360
2029.87, 476.537946450
2029.93, 476.537947108
2029.99, 476.537944790
2030.05, 476.537942403
2030.12, 476.537940252
2030.18, 476.537941969
2030.24, 476.537937769
2030.3, 476.537939641
2030.36, 476.537934764
2030.42, 476.537936873
2030.48, 476.537932594
2030.55, 476.537930993
2030.61, 476.537928832
2030.67, 476.537929268
2030.73, 476.537927660
2030.79, 476.537927606
2030.86, 476.537926497
2030.92, 476.537924519
2030.99, 476.537920668
2031.06, 476.537920765
2031.12, 476.537916873
2031.18, 476.537914059
2031.24, 476.537916859
2031.3, 476.537914750
2031.36, 476.537911537
2031.43, 476.537914047
2031.49, 476.537912007
2031.55, 476.537907907
2031.61, 476.537903721
2031.67, 476.537904204
2031.73, 476.537901143
2031.8, 476.537904477
2031.86, 476.537898202
2031.92, 476.537905329
2031.98, 476.537898429
2032.04, 476.537896503
2032.1, 476.537892714
2032.17, 476.537895242
2032.23, 476.537895158
2032.29, 476.537891644
2032.35, 476.537890138
2032.42, 476.537890755
2032.48, 476.537884036
2032.54, 476.537884384
2032.6, 476.537884103
2032.66, 476.537879932
2032.72, 476.537882952
2032.78, 476.537880329
2032.84, 476.537878759
2032.91, 476.537876139
2032.97, 476.537876044
2033.04, 476.537874633
2033.11, 476.537872736
2033.17, 476.537872517
2033.25, 476.537865852
2033.32, 476.537867921
2033.38, 476.537866003
2033.44, 476.537863750
2033.5, 476.537862190
2033.57, 476.537863262
2033.63, 476.537858726
2033.69, 476.537856320
2033.75, 476.537857762
2033.81, 476.537857527
2033.87, 476.537853437
2033.94, 476.537853228
2034, 476.537852068
2034.07, 476.537848187
2034.14, 476.537848787
2034.2, 476.537846018
2034.26, 476.537847582
2034.32, 476.537844497
2034.38, 476.537840848
2034.44, 476.537842894
2034.5, 476.537838928
2034.56, 476.537835351
2034.63, 476.537837326
2034.69, 476.537841353
2034.75, 476.537831782
2034.81, 476.537834891
2034.87, 476.537830376
2034.93, 476.537829374
2034.99, 476.537826555
2035.06, 476.537825964
2035.12, 476.537828638
2035.18, 476.537822342
2035.25, 476.537822448
2035.31, 476.537822173
2035.37, 476.537817934
2035.43, 476.537819102
2035.49, 476.537815090
2035.55, 476.537815724
2035.61, 476.537816390
2035.67, 476.537811545
2035.73, 476.537809320
2035.8, 476.537806210
2035.86, 476.537807588
2035.92, 476.537809598
2035.98, 476.537803628
2036.04, 476.537805176
2036.1, 476.537802572
2036.16, 476.537800974
2036.23, 476.537799365
2036.29, 476.537803088
2036.35, 476.537798038
2036.41, 476.537792702
2036.48, 476.537794400
2036.54, 476.537793347
2036.6, 476.537789752
2036.66, 476.537785720
2036.72, 476.537786477
2036.78, 476.537788372
2036.84, 476.537783450
2036.91, 476.537784344
2036.97, 476.537781627
2037.03, 476.537779522
2037.09, 476.537779079
2037.16, 476.537775923
2037.22, 476.537777207
2037.28, 476.537775274
2037.34, 476.537772545
2037.41, 476.537772683
2037.47, 476.537771353
2037.53, 476.537770479
2037.59, 476.537766264
2037.66, 476.537765537
2037.72, 476.537763420
2037.79, 476.537760019
2037.86, 476.537761399
2037.92, 476.537757509
2037.98, 476.537757111
2038.04, 476.537753876
2038.11, 476.537755306
2038.17, 476.537754542
2038.23, 476.537754765
2038.29, 476.537749527
2038.35, 476.537752852
2038.41, 476.537747005
2038.47, 476.537743472
2038.54, 476.537748792
2038.6, 476.537743630
2038.66, 476.537744625
2038.72, 476.537741609
2038.78, 476.537741180
2038.84, 476.537737482
2038.91, 476.537736273
2038.97, 476.537737835
2039.03, 476.537732522
2039.09, 476.537732101
2039.16, 476.537732664
2039.22, 476.537726478
2039.28, 476.537730188
2039.34, 476.537731011
2039.4, 476.537729038
2039.46, 476.537722986
2039.52, 476.537724908
2039.58, 476.537721229
2039.64, 476.537720631
2039.71, 476.537716200
2039.77, 476.537719054
2039.83, 476.537716839
2039.89, 476.537714993
2039.96, 476.537712661
2040.02, 476.537715031
2040.08, 476.537714278
2040.14, 476.537710474
2040.21, 476.537704801
2040.27, 476.537707322
2040.33, 476.537704510
2040.39, 476.537703676
2040.46, 476.537700621
2040.52, 476.537702211
2040.58, 476.537699044
2040.64, 476.537700087
2040.7, 476.537696573
2040.76, 476.537694838
2040.83, 476.537695719
2040.89, 476.537694340
2040.95, 476.537693510
2041.01, 476.537688008
2041.07, 476.537687881
2041.14, 476.537683853
2041.21, 476.537683504
2041.28, 476.537679350
2041.35, 476.537684925
2041.41, 476.537680150
2041.47, 476.537678397
2041.53, 476.537676663
2041.6, 476.537675665
2041.67, 476.537670889
2041.73, 476.537672148
2041.79, 476.537671363
2041.85, 476.537672476
2041.91, 476.537670609
2041.98, 476.537670158
2042.04, 476.537668928
2042.1, 476.537665384
2042.17, 476.537657716
2042.24, 476.537659946
2042.3, 476.537660294
2042.36, 476.537658875
2042.42, 476.537660382
2042.48, 476.537654417
2042.54, 476.537654592
2042.6, 476.537653090
2042.66, 476.537649182
2042.73, 476.537650367
2042.79, 476.537646220
2042.85, 476.537650776
2042.91, 476.537647709
2042.97, 476.537644010
2043.03, 476.537640814
2043.1, 476.537641401
2043.16, 476.537641661
2043.22, 476.537639730
2043.28, 476.537639616
2043.34, 476.537637459
2043.41, 476.537636137
2043.47, 476.537632165
2043.54, 476.537629151
2043.61, 476.537630857
2043.67, 476.537628284
2043.73, 476.537625643
2043.79, 476.537627958
2043.85, 476.537622809
2043.92, 476.537624309
2043.98, 476.537621136
2044.04, 476.537621491
2044.1, 476.537617995
2044.16, 476.537618383
2044.22, 476.537612413
2044.28, 476.537616130
2044.34, 476.537613959
2044.4, 476.537613111
2044.46, 476.537608863
2044.53, 476.537609745
2044.59, 476.537607948
2044.65, 476.537607477
2044.71, 476.537606069
2044.78, 476.537601736
2044.84, 476.537602840
2044.9, 476.537603583
2044.96, 476.537597991
2045.03, 476.537595578
2045.09, 476.537595994
2045.15, 476.537594375
2045.21, 476.537591089
2045.27, 476.537591385
2045.33, 476.537589238
2045.39, 476.537590259
2045.45, 476.537587875
2045.52, 476.537589098
2045.58, 476.537582938
2045.64, 476.537582445
2045.7, 476.537582347
2045.77, 476.537580122
2045.83, 476.537580217
2045.89, 476.537579070
2045.95, 476.537575432
2046.02, 476.537575186
2046.08, 476.537575338
2046.14, 476.537572624
2046.2, 476.537569259
2046.27, 476.537566839
2046.33, 476.537570971
2046.39, 476.537569555
2046.45, 476.537565201
2046.51, 476.537566430
2046.57, 476.537560829
2046.64, 476.537566805
2046.7, 476.537559035
2046.76, 476.537560488
2046.82, 476.537559412
2046.88, 476.537555689
2046.94, 476.537553243
2047.01, 476.537553412
2047.07, 476.537550270
2047.13, 476.537551511
2047.19, 476.537549537
2047.25, 476.537549711
2047.31, 476.537546682
2047.37, 476.537547626
2047.43, 476.537544952
2047.49, 476.537540827
2047.56, 476.537540958
2047.62, 476.537538653
2047.68, 476.537535010
2047.74, 476.537537704
2047.8, 476.537536256
2047.86, 476.537532065
2047.92, 476.537532738
2047.98, 476.537529506
2048.05, 476.537524469
2048.11, 476.537528061
2048.17, 476.537528443
2048.23, 476.537523165
2048.29, 476.537521962
2048.35, 476.537522276
2048.41, 476.537518484
2048.48, 476.537517260
2048.54, 476.537517635
2048.6, 476.537512637
2048.66, 476.537518920
2048.72, 476.537512556
2048.78, 476.537514536
2048.84, 476.537514370
2048.9, 476.537508463
2048.97, 476.537508170
2049.03, 476.537508837
2049.09, 476.537506118
2049.15, 476.537503906
2049.21, 476.537498782
2049.28, 476.537501225
2049.34, 476.537500877
2049.4, 476.537499178
2049.46, 476.537498154
2049.53, 476.537496038
2049.59, 476.537492909
2049.66, 476.537489029
2049.73, 476.537492313
2049.79, 476.537489027
2049.85, 476.537488072
2049.92, 476.537486160
2049.98, 476.537485992
2050.05, 476.537482923
2050.12, 476.537480539
2050.19, 476.537480197
2050.26, 476.537479721
2050.33, 476.537478119
2050.4, 476.537475696
2050.48, 476.537473760
2050.56, 476.537472106
2050.64, 476.537467433
2050.72, 476.537468101
2050.78, 476.537465472
2050.85, 476.537464799
2050.91, 476.537462279
2050.97, 476.537461525
2051.04, 476.537460565
2051.11, 476.537462112
2051.17, 476.537455717
2051.23, 476.537459252
2051.29, 476.537457109
2051.35, 476.537455555
2051.41, 476.537453049
2051.48, 476.537451360
2051.54, 476.537451939
2051.6, 476.537448325
2051.67, 476.537448006
2051.73, 476.537444672
2051.79, 476.537443802
2051.86, 476.537442786
2051.93, 476.537439435
2052, 476.537439977
2052.06, 476.537437278
2052.12, 476.537437607
2052.18, 476.537436249
2052.24, 476.537434074
2052.3, 476.537435934
2052.36, 476.537432357
2052.42, 476.537431656
2052.49, 476.537426373
2052.55, 476.537427767
2052.61, 476.537424294
2052.67, 476.537426497
2052.73, 476.537423557
2052.79, 476.537423299
2052.86, 476.537425261
2052.92, 476.537419654
2052.98, 476.537418681
2053.04, 476.537416545
2053.11, 476.537418604
2053.17, 476.537412000
2053.23, 476.537410417
2053.29, 476.537408408
2053.36, 476.537409068
2053.42, 476.537411479
2053.48, 476.537407805
2053.54, 476.537404200
2053.6, 476.537402475
2053.67, 476.537403281
2053.73, 476.537400167
2053.79, 476.537398924
2053.85, 476.537398128
2053.91, 476.537397050
2053.98, 476.537394584
2054.05, 476.537392321
2054.12, 476.537389703
2054.19, 476.537390866
2054.25, 476.537388664
2054.31, 476.537388233
2054.37, 476.537386624
2054.44, 476.537384723
2054.5, 476.537380818
2054.57, 476.537378318
2054.64, 476.537379509
2054.7, 476.537378561
2054.76, 476.537372890
2054.83, 476.537377921
2054.89, 476.537373813
2054.95, 476.537371258
2055.01, 476.537371567
2055.07, 476.537371467
2055.13, 476.537371784
2055.19, 476.537367114
2055.25, 476.537367219
2055.31, 476.537364512
2055.38, 476.537365436
2055.44, 476.537363064
2055.5, 476.537362603
2055.56, 476.537354626
2055.62, 476.537356404
2055.68, 476.537355227
2055.75, 476.537353906
2055.81, 476.537353285
2055.87, 476.537351736
2055.94, 476.537350105
2056.01, 476.537352246
2056.07, 476.537349630
2056.13, 476.537347217
2056.19, 476.537343413
2056.26, 476.537344206
2056.32, 476.537341763
2056.38, 476.537340696
2056.44, 476.537338801
2056.51, 476.537336559
2056.57, 476.537335343
2056.64, 476.537336662
2056.7, 476.537331253
2056.76, 476.537334145
2056.82, 476.537333180
2056.88, 476.537331514
2056.95, 476.537329758
2057.01, 476.537327598
2057.08, 476.537326807
2057.15, 476.537323228
2057.21, 476.537318331
2057.29, 476.537321211
2057.35, 476.537316600
2057.41, 476.537317217
2057.47, 476.537315559
2057.53, 476.537313285
2057.59, 476.537312427
2057.66, 476.537310124
2057.72, 476.537310037
2057.79, 476.537310404
2057.85, 476.537307701
2057.91, 476.537307430
2057.98, 476.537305145
2058.04, 476.537301735
2058.11, 476.537301618
2058.17, 476.537299925
2058.24, 476.537297434
2058.32, 476.537295578
2058.39, 476.537293060
2058.46, 476.537291710
2058.54, 476.537291345
2058.62, 476.537290970
2058.7, 476.537287243
2058.78, 476.537286423
2058.87, 476.537286350
2058.95, 476.537280409
2059.04, 476.537280672
2059.1, 476.537280491
2059.16, 476.537277901
2059.23, 476.537278619
2059.29, 476.537276481
2059.35, 476.537273519
2059.41, 476.537271349
2059.48, 476.537272822
2059.54, 476.537268753
2059.6, 476.537266171
2059.66, 476.537270520
2059.72, 476.537267352
2059.78, 476.537264504
2059.85, 476.537262212
2059.91, 476.537260977
2059.98, 476.537257406
2060.04, 476.537258029
2060.1, 476.537256994
2060.17, 476.537254938
2060.23, 476.537255430
2060.29, 476.537254404
2060.35, 476.537251197
2060.41, 476.537250361
2060.48, 476.537248941
2060.54, 476.537254444
2060.6, 476.537244903
2060.67, 476.537244661
2060.73, 476.537241357
2060.79, 476.537245472
2060.85, 476.537237719
2060.91, 476.537235969
2060.98, 476.537235731
2061.04, 476.537239077
2061.1, 476.537233244
2061.16, 476.537233854
2061.22, 476.537228344
2061.29, 476.537230022
2061.35, 476.537228653
2061.41, 476.537227568
2061.47, 476.537226870
2061.53, 476.537227773
2061.59, 476.537224535
2061.66, 476.537223847
2061.72, 476.537222151
2061.78, 476.537223453
2061.84, 476.537215836
2061.91, 476.537219856
2061.97, 476.537216635
2062.03, 476.537213495
2062.09, 476.537209996
2062.15, 476.537209106
2062.22, 476.537211904
2062.28, 476.537207307
2062.34, 476.537208787
2062.4, 476.537204808
2062.46, 476.537204992
2062.52, 476.537205015
2062.58, 476.537201708
2062.65, 476.537200855
2062.71, 476.537198468
2062.77, 476.537199285
2062.83, 476.537199735
2062.89, 476.537197063
2062.95, 476.537192689
2063.02, 476.537191846
2063.08, 476.537191223
2063.15, 476.537185910
2063.22, 476.537187325
2063.28, 476.537184084
2063.34, 476.537184317
2063.4, 476.537184852
2063.46, 476.537183902
2063.52, 476.537182087
2063.58, 476.537179418
2063.65, 476.537176517
2063.71, 476.537176823
2063.77, 476.537176183
2063.83, 476.537172195
2063.9, 476.537171911
2063.96, 476.537170859
2064.03, 476.537169049
2064.1, 476.537171442
2064.16, 476.537162854
2064.22, 476.537167635
2064.28, 476.537161973
2064.34, 476.537162657
2064.4, 476.537158119
2064.46, 476.537159377
2064.52, 476.537161252
2064.58, 476.537155955
2064.64, 476.537157673
2064.7, 476.537156063
2064.76, 476.537152645
2064.83, 476.537148721
2064.89, 476.537148840
2064.95, 476.537146813
2065.01, 476.537148635
2065.07, 476.537148412
2065.13, 476.537146390
2065.2, 476.537144451
2065.26, 476.537143101
2065.33, 476.537139043
2065.4, 476.537138361
2065.47, 476.537140168
2065.53, 476.537135192
2065.59, 476.537134293
2065.65, 476.537133159
2065.72, 476.537134538
2065.78, 476.537129859
2065.84, 476.537131438
2065.9, 476.537128148
2065.96, 476.537127026
2066.02, 476.537127000
2066.09, 476.537122844
2066.15, 476.537123734
2066.21, 476.537118505
2066.27, 476.537119765
2066.33, 476.537114420
2066.39, 476.537116770
2066.45, 476.537116125
2066.52, 476.537112469
2066.58, 476.537110451
2066.64, 476.537112128
2066.7, 476.537111052
2066.77, 476.537106670
2066.83, 476.537106511
2066.89, 476.537103792
2066.96, 476.537105475
2067.02, 476.537107226
2067.08, 476.537101355
2067.14, 476.537100504
2067.2, 476.537096472
2067.27, 476.537095591
2067.33, 476.537094250
2067.4, 476.537093767
2067.47, 476.537093285
2067.54, 476.537092415
2067.62, 476.537089131
2067.69, 476.537085938
2067.77, 476.537083144
2067.85, 476.537086747
2067.91, 476.537082340
2067.97, 476.537078312
2068.03, 476.537080734
2068.09, 476.537074711
2068.15, 476.537076085
2068.21, 476.537077942
2068.27, 476.537073585
2068.33, 476.537075761
2068.39, 476.537069940
2068.46, 476.537071664
2068.52, 476.537068532
2068.58, 476.537069451
2068.64, 476.537069008
2068.7, 476.537064885
2068.76, 476.537062742
2068.83, 476.537059689
2068.89, 476.537063042
2068.95, 476.537059306
2069.01, 476.537061320
2069.07, 476.537058161
2069.14, 476.537055789
2069.2, 476.537053135
2069.26, 476.537052855
2069.33, 476.537052772
2069.4, 476.537052854
2069.46, 476.537047774
2069.52, 476.537047088
2069.58, 476.537046743
2069.65, 476.537048697
2069.71, 476.537044669
2069.77, 476.537045063
2069.83, 476.537040827
2069.89, 476.537045777
2069.95, 476.537037184
2070.01, 476.537034800
2070.07, 476.537032339
2070.14, 476.537033116
2070.2, 476.537032436
2070.26, 476.537028713
2070.32, 476.537031344
2070.38, 476.537029519
2070.45, 476.537028126
2070.51, 476.537023389
2070.57, 476.537024875
2070.63, 476.537021993
2070.69, 476.537022737
2070.75, 476.537019027
2070.82, 476.537018062
2070.88, 476.537015056
2070.94, 476.537015008
2071.01, 476.537019182
2071.07, 476.537012551
2071.13, 476.537010788
2071.19, 476.537007624
2071.26, 476.537008217
2071.32, 476.537005023
2071.38, 476.537006091
2071.44, 476.537004314
2071.5, 476.537001623
2071.56, 476.537001747
2071.62, 476.537002582
2071.68, 476.536999482
2071.75, 476.537001857
2071.81, 476.536997536
2071.87, 476.536994405
2071.93, 476.536992785
2072, 476.536992345
2072.06, 476.536991566
2072.13, 476.536988593
2072.2, 476.536988149
2072.27, 476.536985256
2072.34, 476.536984364
2072.42, 476.536979618
2072.5, 476.536977424
2072.57, 476.536979663
2072.63, 476.536975545
2072.7, 476.536976729
2072.76, 476.536975775
2072.82, 476.536974788
2072.88, 476.536969050
2072.94, 476.536968090
2073.01, 476.536969142
2073.07, 476.536968724
2073.13, 476.536968783
2073.19, 476.536966310
2073.25, 476.536960421
2073.32, 476.536963587
2073.38, 476.536962431
2073.44, 476.536955535
2073.5, 476.536957048
2073.56, 476.536954685
2073.62, 476.536953087
2073.69, 476.536954777
2073.75, 476.536953054
2073.81, 476.536951805
2073.87, 476.536951059
2073.94, 476.536951746
2074, 476.536950944
2074.06, 476.536947820
2074.12, 476.536950335
2074.18, 476.536942697
2074.24, 476.536945385
2074.3, 476.536941807
2074.36, 476.536937541
2074.43, 476.536937646
2074.49, 476.536937080
2074.55, 476.536933727
2074.61, 476.536935802
2074.67, 476.536935353
2074.73, 476.536930701
2074.79, 476.536928638
2074.86, 476.536931188
2074.92, 476.536928575
2074.98, 476.536923748
2075.04, 476.536922754
2075.11, 476.536921247
2075.17, 476.536923518
2075.23, 476.536922888
2075.3, 476.536919082
2075.36, 476.536916015
2075.42, 476.536916424
2075.48, 476.536912783
2075.55, 476.536914144
2075.61, 476.536915844
2075.67, 476.536907597
2075.73, 476.536913040
2075.79, 476.536909082
2075.85, 476.536908611
2075.91, 476.536903850
2075.98, 476.536905016
2076.04, 476.536905721
2076.1, 476.536898456
2076.16, 476.536900623
2076.22, 476.536899571
2076.28, 476.536901832
2076.34, 476.536896230
2076.4, 476.536897154
2076.46, 476.536895637
2076.52, 476.536894419
2076.59, 476.536896113
2076.65, 476.536891207
2076.71, 476.536887440
2076.77, 476.536885493
2076.83, 476.536884927
2076.9, 476.536884540
2076.97, 476.536877889
2077.04, 476.536880100
2077.1, 476.536874795
2077.16, 476.536876726
2077.22, 476.536874583
2077.28, 476.536873058
2077.34, 476.536872591
2077.41, 476.536870424
2077.47, 476.536869488
2077.54, 476.536870592
2077.6, 476.536866150
2077.66, 476.536867757
2077.72, 476.536864889
2077.79, 476.536866661
2077.85, 476.536867012
2077.91, 476.536861488
2077.97, 476.536857650
2078.03, 476.536860294
2078.09, 476.536857290
2078.15, 476.536857519
2078.21, 476.536857022
2078.27, 476.536855249
2078.34, 476.536853908
2078.4, 476.536847812
2078.47, 476.536848052
2078.53, 476.536845696
2078.59, 476.536848933
2078.65, 476.536846218
2078.71, 476.536842813
2078.77, 476.536840689
2078.84, 476.536841262
2078.9, 476.536838152
2078.96, 476.536837567
2079.02, 476.536833638
2079.09, 476.536836481
2079.15, 476.536834165
2079.21, 476.536832253
2079.27, 476.536830636
2079.34, 476.536830806
2079.4, 476.536828264
2079.46, 476.536828023
2079.52, 476.536825457
2079.59, 476.536826077
2079.65, 476.536823118
2079.71, 476.536818131
2079.77, 476.536821243
2079.83, 476.536820246
2079.89, 476.536818253
2079.95, 476.536816358
2080.02, 476.536812693
2080.09, 476.536813092
2080.15, 476.536811607
2080.21, 476.536810041
2080.27, 476.536805536
2080.33, 476.536810267
2080.39, 476.536807104
2080.46, 476.536804214
2080.52, 476.536806190
2080.58, 476.536803937
2080.64, 476.536799167
2080.7, 476.536798056
2080.77, 476.536796795
2080.83, 476.536798454
2080.89, 476.536795366
2080.96, 476.536792056
2081.02, 476.536795340
2081.08, 476.536796194
2081.14, 476.536787742
2081.2, 476.536789747
2081.26, 476.536787729
2081.32, 476.536786857
2081.38, 476.536785604
2081.45, 476.536783321
2081.52, 476.536783974
2081.58, 476.536780880
2081.64, 476.536779670
2081.7, 476.536778860
2081.76, 476.536777261
2081.83, 476.536776360
2081.9, 476.536773267
2081.97, 476.536772573
2082.04, 476.536771016
2082.11, 476.536772095
2082.17, 476.536764346
2082.23, 476.536767696
2082.29, 476.536766645
2082.36, 476.536762672
2082.42, 476.536763052
2082.48, 476.536757285
2082.54, 476.536759112
2082.6, 476.536756582
2082.66, 476.536758770
2082.72, 476.536756964
2082.78, 476.536757578
2082.84, 476.536754203
2082.91, 476.536751556
2082.97, 476.536747848
2083.03, 476.536753073
2083.09, 476.536748914
2083.15, 476.536743798
2083.22, 476.536744304
2083.28, 476.536743770
2083.34, 476.536742819
2083.4, 476.536736733
2083.47, 476.536735993
2083.53, 476.536735194
2083.6, 476.536734595
2083.67, 476.536733563
2083.74, 476.536737571
2083.8, 476.536733178
2083.86, 476.536729373
2083.93, 476.536729964
2083.99, 476.536732930
2084.05, 476.536725163
2084.11, 476.536728591
2084.17, 476.536725411
2084.23, 476.536721846
2084.29, 476.536721905
2084.35, 476.536720830
2084.41, 476.536717368
2084.48, 476.536716402
2084.54, 476.536718197
2084.6, 476.536713923
2084.66, 476.536714015
2084.72, 476.536713264
2084.78, 476.536714037
2084.84, 476.536706210
2084.91, 476.536705975
2084.97, 476.536704455
2085.03, 476.536704022
2085.1, 476.536702600
2085.17, 476.536703044
2085.23, 476.536701872
2085.29, 476.536702671
2085.35, 476.536698705
2085.41, 476.536696141
2085.47, 476.536696587
2085.53, 476.536696345
2085.59, 476.536693821
2085.66, 476.536692040
2085.72, 476.536689040
2085.79, 476.536690844
2085.85, 476.536685794
2085.91, 476.536683252
2085.97, 476.536681808
2086.04, 476.536680758
2086.1, 476.536683507
2086.16, 476.536677514
2086.23, 476.536680226
2086.29, 476.536673821
2086.35, 476.536675041
2086.41, 476.536674838
2086.47, 476.536673425
2086.53, 476.536672043
2086.6, 476.536677092
2086.66, 476.536670000
2086.72, 476.536666997
2086.78, 476.536664668
2086.85, 476.536664605
2086.91, 476.536664920
2086.97, 476.536664155
2087.03, 476.536660684
2087.1, 476.536658851
2087.16, 476.536657558
2087.23, 476.536657935
2087.29, 476.536658119
2087.35, 476.536660344
2087.41, 476.536654765
2087.47, 476.536649565
2087.53, 476.536648810
2087.6, 476.536646004
2087.66, 476.536646556
2087.72, 476.536648083
2087.78, 476.536646548
2087.84, 476.536643013
2087.91, 476.536647825
2087.97, 476.536641687
2088.03, 476.536641402
2088.09, 476.536637545
2088.16, 476.536638249
2088.22, 476.536633904
2088.28, 476.536636793
2088.34, 476.536635875
2088.4, 476.536631728
2088.46, 476.536629983
2088.53, 476.536626941
2088.59, 476.536627549
2088.65, 476.536623094
2088.71, 476.536623178
2088.77, 476.536624929
2088.83, 476.536621516
2088.9, 476.536618984
2088.96, 476.536623149
2089.02, 476.536620472
2089.08, 476.536618463
2089.14, 476.536614018
2089.21, 476.536617503
2089.27, 476.536612950
2089.33, 476.536609592
2089.39, 476.536611666
2089.45, 476.536610803
2089.51, 476.536609313
2089.58, 476.536609114
2089.64, 476.536605183
2089.71, 476.536605584
2089.77, 476.536604117
2089.83, 476.536605001
2089.89, 476.536602442
2089.95, 476.536598097
2090.01, 476.536592071
2090.08, 476.536597767
2090.14, 476.536599108
2090.2, 476.536591485
2090.26, 476.536588998
2090.32, 476.536589774
2090.38, 476.536587780
2090.44, 476.536589572
2090.5, 476.536587274
2090.57, 476.536582891
2090.63, 476.536585641
2090.69, 476.536582908
2090.75, 476.536581380
2090.81, 476.536577910
2090.88, 476.536580377
2090.94, 476.536577051
2091, 476.536573581
2091.06, 476.536576041
2091.12, 476.536572103
2091.18, 476.536572362
2091.24, 476.536567878
2091.31, 476.536571200
2091.37, 476.536568291
2091.43, 476.536570245
2091.49, 476.536565081
2091.55, 476.536560888
2091.61, 476.536563106
2091.67, 476.536563374
2091.73, 476.536561733
2091.79, 476.536557781
2091.86, 476.536555526
2091.92, 476.536553727
2091.99, 476.536552528
2092.06, 476.536553246
2092.12, 476.536550546
2092.18, 476.536550346
2092.24, 476.536551759
2092.3, 476.536552571
2092.36, 476.536548700
2092.42, 476.536545372
2092.48, 476.536545924
2092.54, 476.536542472
2092.61, 476.536541532
2092.67, 476.536541044
2092.73, 476.536539211
2092.8, 476.536535137
2092.87, 476.536534104
2092.94, 476.536530279
2093.01, 476.536535221
2093.07, 476.536533433
2093.13, 476.536530497
2093.19, 476.536525329
2093.26, 476.536525383
2093.32, 476.536526073
2093.38, 476.536525498
2093.44, 476.536522789
2093.5, 476.536521758
2093.57, 476.536520267
2093.63, 476.536519296
2093.7, 476.536514485
2093.77, 476.536516958
2093.83, 476.536511958
2093.89, 476.536515050
2093.95, 476.536509150
2094.01, 476.536511710
2094.07, 476.536510482
2094.14, 476.536510373
2094.2, 476.536505820
2094.26, 476.536505439
2094.33, 476.536502167
2094.4, 476.536503890
2094.46, 476.536505350
2094.52, 476.536502878
2094.58, 476.536499866
2094.64, 476.536495680
2094.71, 476.536491875
2094.77, 476.536497219
2094.83, 476.536495387
2094.89, 476.536491894
2094.96, 476.536491830
2095.02, 476.536488299
2095.09, 476.536490746
2095.15, 476.536486067
2095.21, 476.536484097
2095.27, 476.536482379
2095.34, 476.536480841
2095.4, 476.536478217
2095.47, 476.536477173
2095.54, 476.536479346
2095.6, 476.536476415
2095.66, 476.536478204
2095.72, 476.536471978
2095.78, 476.536475717
2095.84, 476.536471805
2095.91, 476.536472484
2095.97, 476.536469987
2096.03, 476.536470876
2096.09, 476.536463926
2096.15, 476.536463975
2096.21, 476.536467290
2096.27, 476.536464012
2096.33, 476.536461844
2096.39, 476.536459376
2096.46, 476.536458559
2096.52, 476.536458662
2096.58, 476.536455287
2096.64, 476.536452126
2096.71, 476.536452084
2096.77, 476.536452392
2096.83, 476.536448686
2096.89, 476.536449882
2096.95, 476.536450782
2097.01, 476.536447396
2097.08, 476.536442501
2097.14, 476.536440831
2097.2, 476.536440654
2097.27, 476.536442354
2097.33, 476.536442355
2097.39, 476.536439144
2097.45, 476.536436441
2097.51, 476.536435777
2097.58, 476.536432994
2097.64, 476.536434160
2097.7, 476.536429860
2097.77, 476.536431372
2097.83, 476.536427645
2097.89, 476.536429792
2097.95, 476.536424508
2098.01, 476.536422961
2098.07, 476.536421645
2098.14, 476.536419943
2098.2, 476.536418832
2098.27, 476.536420400
2098.33, 476.536417834
2098.39, 476.536417759
2098.46, 476.536418186
2098.52, 476.536411909
2098.58, 476.536414153
2098.64, 476.536411287
2098.7, 476.536408031
2098.76, 476.536409762
2098.82, 476.536408098
2098.88, 476.536406362
2098.95, 476.536403300
2099.01, 476.536402344
2099.08, 476.536404138
2099.14, 476.536401193
2099.2, 476.536397507
2099.26, 476.536396856
2099.33, 476.536399154
2099.39, 476.536390371
2099.45, 476.536393987
2099.51, 476.536394436
2099.57, 476.536391507
2099.63, 476.536388362
2099.69, 476.536388162
2099.76, 476.536390095
2099.82, 476.536384635
2099.88, 476.536382955
2099.94, 476.536382147
2100.01, 476.536380681
2100.07, 476.536382582
2100.13, 476.536378321
2100.19, 476.536379730
2100.25, 476.536375287
2100.32, 476.536372672
2100.38, 476.536373278
2100.44, 476.536374985
2100.5, 476.536375449
2100.56, 476.536369605
2100.62, 476.536369016
2100.68, 476.536367043
2100.75, 476.536366203
2100.81, 476.536364062
2100.88, 476.536361415
2100.95, 476.536362789
2101.01, 476.536361610
2101.07, 476.536356833
2101.14, 476.536358730
2101.2, 476.536355832
2101.26, 476.536355962
2101.32, 476.536351970
2101.38, 476.536351096
2101.44, 476.536351838
2101.5, 476.536347970
2101.56, 476.536347623
2101.63, 476.536347046
2101.69, 476.536344946
2101.76, 476.536344534
2101.82, 476.536345626
2101.88, 476.536344000
2101.95, 476.536340033
2102.01, 476.536339026
2102.07, 476.536337923
2102.14, 476.536334811
2102.21, 476.536336792
2102.27, 476.536332413
2102.33, 476.536333636
2102.39, 476.536328766
2102.45, 476.536326995
2102.51, 476.536324813
2102.58, 476.536324898
2102.64, 476.536321023
2102.7, 476.536324642
2102.76, 476.536322292
2102.82, 476.536320223
2102.88, 476.536319227
2102.95, 476.536320955
2103.01, 476.536319550
2103.07, 476.536313923
2103.13, 476.536314118
2103.19, 476.536313606
2103.26, 476.536313897
2103.32, 476.536311839
2103.38, 476.536308446
2103.44, 476.536306650
2103.5, 476.536307631
2103.56, 476.536306532
2103.63, 476.536305959
2103.69, 476.536304826
2103.75, 476.536302869
2103.82, 476.536300352
2103.89, 476.536295489
2103.96, 476.536300187
2104.02, 476.536295691
2104.08, 476.536293382
2104.14, 476.536290065
2104.21, 476.536289495
2104.27, 476.536289392
2104.34, 476.536289826
2104.4, 476.536287834
2104.46, 476.536287722
2104.53, 476.536284653
2104.59, 476.536283548
2104.66, 476.536283956
2104.72, 476.536282550
2104.78, 476.536278257
2104.84, 476.536277731
2104.91, 476.536277521
2104.97, 476.536275501
2105.04, 476.536270890
2105.11, 476.536274171
2105.17, 476.536268519
2105.23, 476.536266375
2105.29, 476.536267726
2105.35, 476.536267261
2105.42, 476.536265684
2105.48, 476.536261512
2105.54, 476.536259839
2105.61, 476.536261803
2105.67, 476.536260977
2105.73, 476.536259772
2105.79, 476.536265284
2105.85, 476.536258810
2105.91, 476.536258545
2105.98, 476.536250301
2106.04, 476.536253825
2106.1, 476.536250923
2106.16, 476.536250985
2106.22, 476.536251154
2106.28, 476.536246461
2106.35, 476.536247220
2106.41, 476.536246298
2106.47, 476.536244217
2106.53, 476.536241573
2106.59, 476.536237793
2106.66, 476.536237910
2106.72, 476.536238701
2106.78, 476.536238131
2106.84, 476.536238386
2106.9, 476.536230028
2106.96, 476.536234932
2107.02, 476.536231966
2107.09, 476.536233607
2107.15, 476.536231274
2107.21, 476.536226384
2107.27, 476.536227324
2107.33, 476.536226643
2107.39, 476.536228325
2107.45, 476.536219931
2107.51, 476.536221222
2107.57, 476.536220076
2107.63, 476.536218896
2107.7, 476.536219701
2107.76, 476.536215327
2107.82, 476.536215652
2107.88, 476.536214351
2107.94, 476.536208876
2108, 476.536208596
2108.07, 476.536209576
2108.13, 476.536207098
2108.19, 476.536209121
2108.25, 476.536205335
2108.31, 476.536203903
2108.37, 476.536204670
2108.43, 476.536199354
2108.5, 476.536196890
2108.56, 476.536201460
2108.62, 476.536199500
2108.68, 476.536198342
2108.74, 476.536192817
2108.81, 476.536194310
2108.87, 476.536193979
2108.93, 476.536192506
2108.99, 476.536184298
2109.06, 476.536190150
2109.12, 476.536188067
2109.18, 476.536184104
2109.24, 476.536184822
2109.3, 476.536186394
2109.36, 476.536180798
2109.42, 476.536179560
2109.49, 476.536178756
2109.55, 476.536179010
2109.61, 476.536173539
2109.67, 476.536176053
2109.73, 476.536172439
2109.79, 476.536172480
2109.85, 476.536173213
2109.91, 476.536171359
2109.98, 476.536166311
2110.04, 476.536168735
2110.1, 476.536168222
2110.16, 476.536163070
2110.22, 476.536166158
2110.28, 476.536161941
2110.34, 476.536157423
2110.41, 476.536156473
2110.47, 476.536160248
2110.53, 476.536158456
2110.59, 476.536155475
2110.66, 476.536155931
2110.72, 476.536154705
2110.78, 476.536151803
2110.84, 476.536150821
2110.91, 476.536149330
2110.97, 476.536151097
2111.03, 476.536148167
2111.09, 476.536147178
2111.16, 476.536145309
2111.22, 476.536140193
2111.29, 476.536139499
2111.36, 476.536139982
2111.42, 476.536135966
2111.48, 476.536139689
2111.54, 476.536136304
2111.6, 476.536135819
2111.66, 476.536135222
2111.73, 476.536132784
2111.79, 476.536130903
2111.86, 476.536128412
2111.93, 476.536129596
2111.99, 476.536128659
2112.05, 476.536122124
2112.11, 476.536123236
2112.17, 476.536122330
2112.24, 476.536116695
2112.3, 476.536118225
2112.36, 476.536119622
2112.42, 476.536113939
2112.48, 476.536115572
2112.54, 476.536115075
2112.6, 476.536110609
2112.66, 476.536109944
2112.73, 476.536110117
2112.79, 476.536113743
2112.85, 476.536111627
2112.91, 476.536108388
2112.97, 476.536104670
2113.04, 476.536102681
2113.1, 476.536102355
2113.17, 476.536102627
2113.23, 476.536102210
2113.29, 476.536092712
2113.36, 476.536097280
2113.42, 476.536095247
2113.48, 476.536094283
2113.54, 476.536093086
2113.61, 476.536090401
2113.67, 476.536092677
2113.73, 476.536093711
2113.79, 476.536087640
2113.85, 476.536086053
2113.92, 476.536084377
2113.98, 476.536082926
2114.05, 476.536082891
2114.12, 476.536080639
2114.19, 476.536081295
2114.25, 476.536076206
2114.31, 476.536075280
2114.37, 476.536075457
2114.43, 476.536075830
2114.49, 476.536074169
2114.55, 476.536070334
2114.61, 476.536068656
2114.68, 476.536068375
2114.75, 476.536067201
2114.81, 476.536064794
2114.88, 476.536064407
2114.95, 476.536061000
2115.03, 476.536064805
2115.09, 476.536060017
2115.15, 476.536054650
2115.21, 476.536055285
2115.27, 476.536057179
2115.33, 476.536053291
2115.39, 476.536052313
2115.46, 476.536054350
2115.52, 476.536049993
2115.58, 476.536050100
2115.64, 476.536051903
2115.7, 476.536047223
2115.76, 476.536045642
2115.82, 476.536044053
2115.89, 476.536043528
2115.95, 476.536042977
2116.02, 476.536041853
2116.09, 476.536040490
2116.16, 476.536037221
2116.23, 476.536037496
2116.29, 476.536035758
2116.36, 476.536030571
2116.42, 476.536031228
2116.48, 476.536030577
2116.54, 476.536032866
2116.6, 476.536031188
2116.66, 476.536027628
2116.73, 476.536025535
2116.79, 476.536024863
2116.86, 476.536024630
2116.92, 476.536020582
2116.99, 476.536020246
2117.07, 476.536020618
2117.13, 476.536019530
2117.19, 476.536018452
2117.25, 476.536018020
2117.31, 476.536014391
2117.38, 476.536013208
2117.45, 476.536009454
2117.52, 476.536011121
2117.58, 476.536006771
2117.64, 476.536008365
2117.7, 476.536002968
2117.76, 476.536005045
2117.82, 476.536006704
2117.88, 476.536005448
2117.94, 476.536001843
2118.01, 476.535997948
2118.07, 476.536001859
2118.13, 476.536001336
2118.19, 476.535993513
2118.25, 476.535996553
2118.31, 476.535995153
2118.38, 476.535994549
2118.44, 476.535992431
2118.5, 476.535990471
2118.57, 476.535989450
2118.64, 476.535986651
2118.71, 476.535984572
2118.78, 476.535981149
2118.85, 476.535979287
2118.93, 476.535979777
2118.99, 476.535977355
2119.05, 476.535977213
2119.11, 476.535975514
2119.18, 476.535978731
2119.24, 476.535973695
2119.3, 476.535971351
2119.36, 476.535967714
2119.43, 476.535967601
2119.49, 476.535968158
2119.55, 476.535966385
2119.61, 476.535964996
2119.68, 476.535963489
2119.74, 476.535961751
2119.81, 476.535959884
2119.87, 476.535960921
2119.93, 476.535958908
2120, 476.535957150
2120.06, 476.535954977
2120.12, 476.535956315
2120.18, 476.535952123
2120.25, 476.535951545
2120.31, 476.535951408
2120.37, 476.535947369
2120.44, 476.535946962
2120.51, 476.535950089
2120.57, 476.535943451
2120.63, 476.535942659
2120.69, 476.535943394
2120.75, 476.535940886
2120.81, 476.535937413
2120.88, 476.535938192
2120.94, 476.535936675
2121, 476.535937437
2121.06, 476.535935309
2121.12, 476.535938680
2121.18, 476.535932144
2121.24, 476.535931100
2121.3, 476.535932521
2121.36, 476.535930310
2121.43, 476.535929410
2121.49, 476.535923793
2121.55, 476.535925598
2121.61, 476.535918466
2121.67, 476.535925870
2121.73, 476.535919568
2121.8, 476.535919630
2121.86, 476.535916510
2121.92, 476.535918773
2121.98, 476.535914774
2122.04, 476.535910564
2122.1, 476.535912653
2122.16, 476.535911720
2122.22, 476.535911690
2122.29, 476.535904369
2122.35, 476.535911151
2122.41, 476.535907858
2122.47, 476.535906030
2122.54, 476.535904134
2122.6, 476.535904540
2122.66, 476.535903124
2122.72, 476.535901577
2122.78, 476.535898686
2122.85, 476.535897256
2122.92, 476.535895053
2122.98, 476.535893463
2123.05, 476.535895252
2123.11, 476.535889938
2123.17, 476.535890599
2123.23, 476.535890451
2123.3, 476.535887959
2123.36, 476.535886750
2123.42, 476.535882995
2123.49, 476.535883970
2123.55, 476.535882199
2123.61, 476.535877803
2123.67, 476.535881600
2123.73, 476.535879869
2123.8, 476.535879111
2123.86, 476.535874623
2123.92, 476.535874166
2123.99, 476.535874572
2124.05, 476.535870045
2124.11, 476.535874073
2124.17, 476.535872544
2124.23, 476.535868584
2124.3, 476.535867978
2124.36, 476.535866623
2124.43, 476.535864246
2124.49, 476.535865433
2124.55, 476.535858177
2124.62, 476.535861453
2124.68, 476.535859416
2124.74, 476.535860167
2124.8, 476.535856430
2124.86, 476.535851671
2124.92, 476.535851621
2124.99, 476.535853833
2125.05, 476.535852310
2125.11, 476.535852076
2125.17, 476.535850712
2125.24, 476.535846681
2125.3, 476.535847280
2125.36, 476.535845678
2125.42, 476.535844034
2125.49, 476.535840457
2125.55, 476.535837779
2125.62, 476.535838049
2125.68, 476.535837895
2125.74, 476.535838661
2125.8, 476.535834767
2125.86, 476.535834324
2125.92, 476.535832015
2125.99, 476.535832265
2126.05, 476.535828599
2126.11, 476.535829264
2126.17, 476.535828022
2126.23, 476.535828056
2126.29, 476.535825879
2126.35, 476.535822123
2126.42, 476.535821531
2126.48, 476.535816312
2126.55, 476.535821895
2126.61, 476.535818103
2126.67, 476.535820081
2126.73, 476.535815150
2126.79, 476.535817025
2126.85, 476.535812013
2126.91, 476.535815681
2126.97, 476.535811565
2127.03, 476.535810723
2127.1, 476.535810709
2127.16, 476.535809900
2127.23, 476.535806921
2127.29, 476.535803927
2127.36, 476.535799531
2127.44, 476.535801298
2127.5, 476.535798659
2127.56, 476.535799178
2127.62, 476.535795499
2127.68, 476.535798254
2127.74, 476.535798861
2127.8, 476.535791446
2127.86, 476.535791000
2127.92, 476.535790014
2127.99, 476.535789798
2128.05, 476.535787639
2128.12, 476.535783391
2128.19, 476.535785469
2128.25, 476.535784901
2128.31, 476.535786575
2128.37, 476.535781716
2128.43, 476.535777260
2128.5, 476.535778785
2128.56, 476.535778006
2128.62, 476.535777965
2128.68, 476.535778950
2128.74, 476.535778369
2128.8, 476.535774180
2128.87, 476.535770412
2128.93, 476.535772236
2128.99, 476.535766682
2129.05, 476.535769638
2129.11, 476.535765484
2129.17, 476.535764998
2129.24, 476.535762828
2129.3, 476.535761099
2129.37, 476.535759536
2129.44, 476.535756656
2129.51, 476.535758147
2129.57, 476.535759615
2129.63, 476.535753734
2129.69, 476.535754314
2129.75, 476.535752463
2129.81, 476.535749178
2129.87, 476.535749306
2129.93, 476.535750582
2129.99, 476.535748493
2130.05, 476.535746646
2130.12, 476.535742602
2130.18, 476.535745561
2130.24, 476.535740400
2130.3, 476.535741563
2130.36, 476.535740221
2130.42, 476.535740208
2130.49, 476.535735923
2130.55, 476.535734571
2130.62, 476.535734022
2130.69, 476.535732607
2130.75, 476.535733886
2130.81, 476.535729739
2130.88, 476.535727894
2130.94, 476.535731854
2131, 476.535725551
2131.06, 476.535722064
2131.12, 476.535727437
2131.18, 476.535724619
2131.25, 476.535726120
2131.31, 476.535715895
2131.37, 476.535720008
2131.43, 476.535720487
2131.49, 476.535716591
2131.55, 476.535717773
2131.61, 476.535711812
2131.67, 476.535707589
2131.73, 476.535711058
2131.79, 476.535710301
2131.85, 476.535707455
2131.92, 476.535708314
2131.98, 476.535703631
2132.04, 476.535705209
2132.1, 476.535704677
2132.16, 476.535702409
2132.22, 476.535701461
2132.29, 476.535703184
2132.35, 476.535699718
2132.41, 476.535698700
2132.47, 476.535697303
2132.54, 476.535695001
2132.6, 476.535695452
2132.66, 476.535692889
2132.72, 476.535691176
2132.79, 476.535690600
2132.85, 476.535688786
2132.92, 476.535687706
2132.99, 476.535686479
2133.06, 476.535683576
2133.13, 476.535681902
2133.2, 476.535683207
2133.26, 476.535678982
2133.32, 476.535678586
2133.39, 476.535676949
2133.45, 476.535673603
2133.52, 476.535677565
2133.58, 476.535674010
2133.64, 476.535671387
2133.7, 476.535671648
2133.76, 476.535671079
2133.82, 476.535666821
2133.89, 476.535667133
2133.95, 476.535663846
2134.01, 476.535662947
2134.07, 476.535661996
2134.13, 476.535660515
2134.2, 476.535662142
2134.26, 476.535660315
2134.32, 476.535655254
2134.39, 476.535656925
2134.45, 476.535655653
2134.51, 476.535652471
2134.57, 476.535653157
2134.63, 476.535652440
2134.69, 476.535650855
2134.75, 476.535646794
2134.82, 476.535649394
2134.88, 476.535645129
2134.94, 476.535642708
2135, 476.535642561
2135.07, 476.535640675
2135.13, 476.535637921
2135.2, 476.535640202
2135.26, 476.535637174
2135.32, 476.535637574
2135.38, 476.535634624
2135.44, 476.535632865
2135.51, 476.535631313
2135.57, 476.535634187
2135.63, 476.535630283
2135.69, 476.535627103
2135.76, 476.535626947
2135.82, 476.535626422
2135.89, 476.535627052
2135.95, 476.535620273
2136.01, 476.535622510
2136.07, 476.535622882
2136.13, 476.535619039
2136.19, 476.535619302
2136.25, 476.535615571
2136.31, 476.535619384
2136.37, 476.535612631
2136.43, 476.535613929
2136.49, 476.535614436
2136.55, 476.535612571
2136.62, 476.535609198
2136.68, 476.535611169
2136.74, 476.535607923
2136.8, 476.535607360
2136.86, 476.535603540
2136.93, 476.535603279
2136.99, 476.535602626
2137.06, 476.535604001
2137.12, 476.535599761
2137.18, 476.535597611
2137.25, 476.535600313
2137.31, 476.535595012
2137.37, 476.535594314
2137.43, 476.535593474
2137.5, 476.535591531
2137.56, 476.535592963
2137.62, 476.535591484
2137.68, 476.535585109
2137.75, 476.535586275
2137.81, 476.535581173
2137.87, 476.535585682
2137.93, 476.535583354
2137.99, 476.535581916
2138.05, 476.535578469
2138.12, 476.535578305
2138.18, 476.535579370
2138.24, 476.535573326
2138.3, 476.535575397
2138.36, 476.535572400
2138.43, 476.535576313
2138.49, 476.535569310
2138.55, 476.535569560
2138.61, 476.535567795
2138.67, 476.535567570
2138.73, 476.535566689
2138.8, 476.535566181
2138.86, 476.535560826
2138.93, 476.535565309
2138.99, 476.535559957
2139.05, 476.535561010
2139.11, 476.535556045
2139.17, 476.535557509
2139.23, 476.535556764
2139.3, 476.535554137
2139.36, 476.535552061
2139.42, 476.535552183
2139.48, 476.535551197
2139.54, 476.535548437
2139.61, 476.535549177
2139.67, 476.535548161
2139.73, 476.535545759
2139.79, 476.535544291
2139.86, 476.535546172
2139.92, 476.535541097
2139.98, 476.535541861
2140.04, 476.535538089
2140.1, 476.535539135
2140.16, 476.535536472
2140.22, 476.535538546
2140.28, 476.535532422
2140.34, 476.535532760
2140.4, 476.535535535
2140.46, 476.535529745
2140.52, 476.535527829
2140.59, 476.535528461
2140.65, 476.535528506
2140.71, 476.535527610
2140.77, 476.535522802
2140.83, 476.535527308
2140.89, 476.535525015
2140.95, 476.535521443
2141.02, 476.535522879
2141.08, 476.535517518
2141.14, 476.535521341
2141.2, 476.535513346
2141.26, 476.535514964
2141.32, 476.535514679
2141.38, 476.535512012
2141.44, 476.535510039
2141.51, 476.535509652
2141.57, 476.535506110
2141.64, 476.535506864
2141.7, 476.535504341
2141.76, 476.535502666
2141.83, 476.535501946
2141.89, 476.535502193
2141.95, 476.535495876
2142.01, 476.535497591
2142.07, 476.535497017
2142.13, 476.535496357
2142.2, 476.535498275
2142.26, 476.535487218
2142.32, 476.535489245
2142.38, 476.535491646
2142.44, 476.535490308
2142.5, 476.535492078
2142.56, 476.535485261
2142.62, 476.535487554
2142.68, 476.535484675
2142.74, 476.535484450
2142.81, 476.535482042
2142.87, 476.535481902
2142.94, 476.535481779
2143.01, 476.535477090
2143.08, 476.535476643
2143.15, 476.535476510
2143.22, 476.535475534
2143.29, 476.535475314
2143.37, 476.535471925
2143.45, 476.535471416
2143.53, 476.535468257
2143.61, 476.535464079
2143.7, 476.535462866
2143.79, 476.535461486
2143.87, 476.535460527
2143.97, 476.535458353
2144.06, 476.535454900
2144.15, 476.535454349
2144.25, 476.535451340
2144.35, 476.535452569
2144.41, 476.535448209
2144.48, 476.535446618
2144.54, 476.535450724
2144.6, 476.535446976
2144.66, 476.535445775
2144.72, 476.535445282
2144.79, 476.535440439
2144.85, 476.535441998
2144.91, 476.535437984
2144.98, 476.535439265
2145.04, 476.535435766
2145.1, 476.535434860
2145.16, 476.535434353
2145.22, 476.535434286
2145.29, 476.535431782
2145.36, 476.535433948
2145.42, 476.535432331
2145.48, 476.535430939
2145.54, 476.535429419
2145.61, 476.535425712
2145.67, 476.535426893
2145.73, 476.535423927
2145.8, 476.535421553
2145.86, 476.535420891
2145.92, 476.535420899
2145.98, 476.535418155
2146.04, 476.535416361
2146.11, 476.535414019
2146.17, 476.535410475
2146.24, 476.535414207
2146.3, 476.535414943
2146.36, 476.535410638
2146.42, 476.535408752
2146.48, 476.535408448
2146.55, 476.535404993
2146.61, 476.535403823
2146.68, 476.535399437
2146.75, 476.535400128
2146.81, 476.535401261
2146.87, 476.535396659
2146.93, 476.535397931
2146.99, 476.535399937
2147.05, 476.535393182
2147.11, 476.535393800
2147.17, 476.535392861
2147.24, 476.535391007
2147.3, 476.535392156
2147.36, 476.535388241
2147.42, 476.535388998
2147.48, 476.535385406
2147.54, 476.535385879
2147.6, 476.535383994
2147.66, 476.535381475
2147.73, 476.535378792
2147.79, 476.535383548
2147.85, 476.535381443
2147.91, 476.535378910
2147.98, 476.535373559
2148.04, 476.535382875
2148.1, 476.535372441
2148.16, 476.535371940
2148.22, 476.535369031
2148.29, 476.535370752
2148.35, 476.535368272
2148.41, 476.535365453
2148.47, 476.535365492
2148.53, 476.535364276
2148.6, 476.535365905
2148.66, 476.535364810
2148.72, 476.535365653
2148.78, 476.535360742
2148.84, 476.535358331
2148.9, 476.535360014
2148.96, 476.535356458
2149.02, 476.535354849
2149.09, 476.535355552
2149.15, 476.535355399
2149.21, 476.535350283
2149.27, 476.535352435
2149.33, 476.535351406
2149.39, 476.535349134
2149.46, 476.535346589
2149.52, 476.535343811
2149.59, 476.535345654
2149.65, 476.535344972
2149.71, 476.535342025
2149.77, 476.535337987
2149.84, 476.535337319
2149.9, 476.535339435
2149.96, 476.535336637
2150.02, 476.535331612
2150.09, 476.535330569
2150.15, 476.535331654
2150.21, 476.535331829
2150.27, 476.535328089
2150.33, 476.535330428
2150.39, 476.535330078
2150.45, 476.535328368
2150.52, 476.535326652
2150.58, 476.535322251
2150.65, 476.535323307
2150.71, 476.535320868
2150.77, 476.535320477
2150.83, 476.535321406
2150.89, 476.535315285
2150.95, 476.535319148
2151.01, 476.535314387
2151.07, 476.535314743
2151.13, 476.535313670
2151.2, 476.535311476
2151.26, 476.535309057
2151.32, 476.535310066
2151.38, 476.535308418
2151.45, 476.535308479
2151.51, 476.535304665
2151.57, 476.535301662
2151.63, 476.535302831
2151.69, 476.535300637
2151.75, 476.535297278
2151.81, 476.535299521
2151.87, 476.535297071
2151.94, 476.535296092
2152, 476.535294661
2152.06, 476.535292591
2152.13, 476.535292418
2152.2, 476.535293045
2152.26, 476.535290460
2152.32, 476.535289324
2152.38, 476.535286157
2152.45, 476.535287449
2152.51, 476.535282710
2152.57, 476.535284499
2152.63, 476.535283931
2152.69, 476.535280246
2152.75, 476.535277388
2152.82, 476.535276783
2152.88, 476.535276375
2152.95, 476.535277024
2153.01, 476.535274361
2153.07, 476.535275898
2153.13, 476.535273738
2153.19, 476.535270255
2153.26, 476.535270156
2153.32, 476.535269928
2153.39, 476.535266534
2153.46, 476.535266584
2153.52, 476.535263659
2153.58, 476.535264894
2153.64, 476.535257453
2153.7, 476.535258554
2153.76, 476.535257126
2153.82, 476.535262410
2153.88, 476.535255341
2153.94, 476.535256479
2154, 476.535252383
2154.06, 476.535251421
2154.13, 476.535249918
2154.19, 476.535251026
2154.25, 476.535247786
2154.31, 476.535247964
2154.37, 476.535249280
2154.43, 476.535241977
2154.49, 476.535242206
2154.55, 476.535241268
2154.62, 476.535244463
2154.68, 476.535239614
2154.74, 476.535240666
2154.8, 476.535238086
2154.86, 476.535240126
2154.92, 476.535234997
2154.98, 476.535233401
2155.04, 476.535234570
2155.1, 476.535230351
2155.17, 476.535231597
2155.23, 476.535230485
2155.29, 476.535228550
2155.35, 476.535231336
2155.41, 476.535224315
2155.47, 476.535225274
2155.53, 476.535225387
2155.59, 476.535217996
2155.65, 476.535223545
2155.71, 476.535216456
2155.77, 476.535220996
2155.83, 476.535213178
2155.9, 476.535217140
2155.96, 476.535215612
2156.02, 476.535213015
2156.08, 476.535211669
2156.15, 476.535209782
2156.21, 476.535208761
2156.28, 476.535209245
2156.34, 476.535207207
2156.4, 476.535203875
2156.46, 476.535206545
2156.52, 476.535204646
2156.59, 476.535201584
2156.65, 476.535204359
2156.71, 476.535200097
2156.77, 476.535197279
2156.83, 476.535199013
2156.89, 476.535194441
2156.95, 476.535190781
2157.02, 476.535196504
2157.08, 476.535189650
2157.14, 476.535188755
2157.2, 476.535191862
2157.26, 476.535188239
2157.32, 476.535189707
2157.38, 476.535184514
2157.44, 476.535184763
2157.5, 476.535184946
2157.56, 476.535183280
2157.63, 476.535177845
2157.69, 476.535177080
2157.75, 476.535178517
2157.81, 476.535175098
2157.88, 476.535176482
2157.94, 476.535173469
2158, 476.535175117
2158.06, 476.535170443
2158.12, 476.535171916
2158.18, 476.535169779
2158.24, 476.535169670
2158.3, 476.535168487
2158.37, 476.535166243
2158.43, 476.535165541
2158.5, 476.535166456
2158.56, 476.535162138
2158.62, 476.535163502
2158.68, 476.535161101
2158.74, 476.535159155
2158.81, 476.535157250
2158.87, 476.535155647
2158.94, 476.535153819
2159.01, 476.535149514
2159.08, 476.535152443
2159.14, 476.535148219
2159.2, 476.535147802
2159.26, 476.535147870
2159.32, 476.535145711
2159.38, 476.535143690
2159.45, 476.535145170
2159.51, 476.535145233
2159.57, 476.535142427
2159.63, 476.535141275
2159.69, 476.535137797
2159.75, 476.535137842
2159.81, 476.535132484
2159.88, 476.535134937
2159.94, 476.535133493
2160, 476.535131375
2160.06, 476.535127699
2160.12, 476.535130617
2160.18, 476.535128322
2160.25, 476.535127714
2160.31, 476.535127112
2160.37, 476.535126931
2160.44, 476.535126718
2160.51, 476.535123390
2160.58, 476.535121343
2160.65, 476.535121860
2160.71, 476.535121218
2160.77, 476.535113053
2160.83, 476.535113245
2160.89, 476.535115356
2160.95, 476.535114148
2161.02, 476.535112614
2161.08, 476.535109746
2161.14, 476.535110991
2161.2, 476.535107394
2161.26, 476.535109749
2161.32, 476.535106254
2161.39, 476.535105548
2161.45, 476.535103226
2161.51, 476.535103167
2161.58, 476.535102408
2161.65, 476.535099734
2161.72, 476.535096394
2161.79, 476.535099029
2161.85, 476.535092803
2161.91, 476.535093708
2161.97, 476.535094044
2162.03, 476.535095291
2162.09, 476.535091621
2162.15, 476.535091064
2162.21, 476.535092468
2162.27, 476.535088333
2162.34, 476.535085953
2162.4, 476.535087008
2162.46, 476.535083725
2162.52, 476.535085514
2162.58, 476.535082242
2162.64, 476.535080639
2162.71, 476.535080422
2162.77, 476.535078044
2162.84, 476.535074337
2162.9, 476.535071558
2162.97, 476.535074093
2163.03, 476.535070602
2163.09, 476.535070978
2163.15, 476.535067100
2163.22, 476.535068418
2163.28, 476.535067237
2163.34, 476.535063429
2163.4, 476.535066761
2163.46, 476.535064762
2163.52, 476.535061002
2163.59, 476.535061290
2163.65, 476.535057621
2163.71, 476.535057218
2163.77, 476.535056759
2163.83, 476.535055346
2163.9, 476.535058509
