0.06, 0.0171509
0.12, 0.0171814
0.1815, 0.0171814
0.244537, 0.0171814
0.309151, 0.0171814
0.37538, 0.0171814
0.443264, 0.0171814
0.512846, 0.0171814
0.584167, 0.0171814
0.657271, 0.0171814
0.732203, 0.0171814
0.809008, 0.0171814
0.887733, 0.0171814
0.968427, 0.0171814
1.05114, 0.0171814
1.13592, 0.0171814
1.22281, 0.0171814
1.31188, 0.0171814
1.40318, 0.0171814
1.49676, 0.0171814
1.59268, 0.0171814
1.691, 0.0171814
1.79177, 0.0171814
1.89507, 0.0171509
2.00094, 0.0171509
2.10947, 0.0171509
2.2207, 0.0171509
2.33472, 0.0171509
2.45159, 0.0171509
2.57138, 0.0171509
2.63138, 0.0171509
2.69288, 0.0171509
2.75592, 0.0171509
2.81592, 0.0171509
2.87742, 0.0171509
2.94045, 0.0171509
3.00507, 0.0171509
3.07129, 0.0171509
3.13918, 0.0171509
3.20876, 0.0171509
3.28008, 0.0171509
3.34008, 0.0171509
3.40158, 0.0171509
3.46462, 0.0171509
3.52462, 0.0171509
3.58612, 0.0171509
3.64916, 0.0171509
3.71377, 0.0171509
3.78, 0.0171509
3.84788, 0.0171509
3.91747, 0.0171509
3.98879, 0.0171509
4.06189, 0.0171509
4.12189, 0.0171509
4.18339, 0.0171509
4.24339, 0.0171509
4.30489, 0.0171509
4.36489, 0.0171509
4.42639, 0.0171509
4.48943, 0.0171509
4.55404, 0.0171509
4.61404, 0.0171509
4.67554, 0.0171509
4.73858, 0.0171509
4.80319, 0.0171509
4.86319, 0.0171509
4.92469, 0.0171509
4.98469, 0.0171509
5.04469, 0.0171509
5.10619, 0.0171509
5.16619, 0.0171509
5.22769, 0.0171509
5.29073, 0.0171509
5.35534, 0.0171509
5.42157, 0.0171509
5.48946, 0.0171509
5.54946, 0.0171509
5.61096, 0.0171509
5.67399, 0.0171509
5.73861, 0.0171509
5.80484, 0.0171509
5.86484, 0.0171509
5.92634, 0.0171509
5.98937, 0.0171509
6.05399, 0.0171509
6.12022, 0.0171509
6.1881, 0.0171509
6.25768, 0.0171509
6.329, 0.0171509
6.40211, 0.0171509
6.47704, 0.0171509
6.55384, 0.0171509
6.63257, 0.0171509
6.71326, 0.0171509
6.79597, 0.0171509
6.85597, 0.0171509
6.91747, 0.0171509
6.98051, 0.0171509
7.04512, 0.0171509
7.10512, 0.0171509
7.16662, 0.0171509
7.22966, 0.0171509
7.28966, 0.0171509
7.35116, 0.0171509
7.41116, 0.0171509
7.47266, 0.0171509
7.5357, 0.0171509
7.60031, 0.0171509
7.66654, 0.0171509
7.72654, 0.0171509
7.78804, 0.0171509
7.85108, 0.0171509
7.91108, 0.0171509
7.97258, 0.0171509
8.03258, 0.0171509
8.09258, 0.0171509
8.15408, 0.0171509
8.21408, 0.0171509
8.27558, 0.0171509
8.33862, 0.0171509
8.39862, 0.0171509
8.45862, 0.0171509
8.52012, 0.0171509
8.58315, 0.0171509
8.64777, 0.0171509
8.714, 0.0171509
8.78188, 0.0171509
8.85146, 0.0171509
8.92278, 0.0171509
8.99589, 0.0171509
9.07082, 0.0171509
9.13082, 0.0171509
9.19232, 0.0171509
9.25536, 0.0171509
9.31536, 0.0171509
9.37686, 0.0171509
9.43686, 0.0171509
9.49836, 0.0171509
9.55836, 0.0171509
9.61986, 0.0171509
9.68289, 0.0171509
9.74751, 0.0171509
9.80751, 0.0171509
9.86901, 0.0171509
9.92901, 0.0171509
9.99051, 0.0171509
10.0535, 0.0171509
10.1182, 0.0171509
10.1844, 0.0171509
10.2444, 0.0171509
10.3044, 0.0171509
10.3659, 0.0171509
10.4289, 0.0171509
10.4935, 0.0171509
10.5598, 0.0171509
10.6277, 0.0171509
10.6972, 0.0171509
10.7686, 0.0171509
10.8417, 0.0171509
10.9166, 0.0171509
10.9934, 0.0171509
11.0534, 0.0171509
11.1149, 0.0171509
11.1779, 0.0171509
11.2379, 0.0171509
11.2994, 0.0171509
11.3625, 0.0171509
11.4271, 0.0171509
11.4933, 0.0171509
11.5533, 0.0171509
11.6148, 0.0171509
11.6779, 0.0171509
11.7379, 0.0171509
11.7994, 0.0171509
11.8624, 0.0171509
11.9224, 0.0171509
11.9839, 0.0171509
12.0469, 0.0171509
12.1115, 0.0171509
12.1778, 0.0171509
12.2457, 0.0171509
12.3152, 0.0171509
12.3752, 0.0171509
12.4367, 0.0171509
12.4998, 0.0171509
12.5644, 0.0171509
12.6306, 0.0171509
12.6906, 0.0171509
12.7521, 0.0171509
12.8152, 0.0171509
12.8752, 0.0171509
12.9352, 0.0171509
12.9967, 0.0171509
13.0597, 0.0171509
13.1243, 0.0171509
13.1843, 0.0171509
13.2458, 0.0171509
13.3088, 0.0171509
13.3735, 0.0171509
13.4397, 0.0171509
13.5076, 0.0171509
13.5771, 0.0171509
13.6485, 0.0171509
13.7216, 0.0171509
13.7816, 0.0171509
13.8431, 0.0171509
13.9031, 0.0171509
13.9646, 0.0171509
14.0276, 0.0171509
14.0876, 0.0171509
14.1491, 0.0171509
14.2121, 0.0171509
14.2768, 0.0171509
14.3368, 0.0171509
14.3983, 0.0171509
14.4613, 0.0171509
14.5213, 0.0171509
14.5828, 0.0171509
14.6458, 0.0171509
14.7105, 0.0171509
14.7705, 0.0171509
14.832, 0.0171509
14.895, 0.0171509
14.955, 0.0171509
15.0165, 0.0171509
15.0795, 0.0171509
15.1395, 0.0171509
15.201, 0.0171509
15.2641, 0.0171509
15.3287, 0.0171509
15.3949, 0.0171509
15.4628, 0.0171509
15.5324, 0.0171509
15.5924, 0.0171509
15.6539, 0.0171509
15.7169, 0.0171509
15.7815, 0.0171509
15.8415, 0.0171509
15.903, 0.0171509
15.9661, 0.0171509
16.0261, 0.0171509
16.0876, 0.0171509
16.1476, 0.0171509
16.2091, 0.0171509
16.2721, 0.0171509
16.3321, 0.0171509
16.3936, 0.0171509
16.4536, 0.0171509
16.5151, 0.0171509
16.5781, 0.0171509
16.6427, 0.0171509
16.709, 0.0171509
16.7769, 0.0171509
16.8464, 0.0171509
16.9064, 0.0171509
16.9679, 0.0171509
17.031, 0.0171509
17.0956, 0.0171509
17.1556, 0.0171509
17.2171, 0.0171509
17.2771, 0.0171509
17.3386, 0.0171509
17.4016, 0.0171509
17.4662, 0.0171509
17.5325, 0.0171509
17.6004, 0.0171509
17.6699, 0.0171509
17.7413, 0.0171509
17.8013, 0.0171509
17.8628, 0.0171509
17.9258, 0.0171509
17.9904, 0.0171509
18.0566, 0.0171509
18.1166, 0.0171509
18.1781, 0.0171509
18.2381, 0.0171509
18.2996, 0.0171509
18.3627, 0.0171509
18.4273, 0.0171509
18.4873, 0.0171509
18.5488, 0.0171509
18.6118, 0.0171509
18.6718, 0.0171509
18.7333, 0.0171509
18.7964, 0.0171509
18.8564, 0.0171509
18.9179, 0.0171509
18.9809, 0.0171509
19.0455, 0.0171509
19.1117, 0.0171509
19.1796, 0.0171509
19.2396, 0.0171509
19.3011, 0.0171509
19.3642, 0.0171509
19.4242, 0.0171509
19.4842, 0.0171509
19.5457, 0.0171509
19.6087, 0.0171509
19.6733, 0.0171509
19.7333, 0.0171509
19.7948, 0.0171509
19.8579, 0.0171509
19.9225, 0.0171509
19.9825, 0.0171509
20.044, 0.0171509
20.107, 0.0171509
20.167, 0.0171509
20.2285, 0.0171509
20.2915, 0.0171509
20.3515, 0.0171509
20.413, 0.0171509
20.4761, 0.0171509
20.5407, 0.0171509
20.6007, 0.0171509
20.6622, 0.0171509
20.7252, 0.0171509
20.7852, 0.0171509
20.8467, 0.0171509
20.9098, 0.0171509
20.9698, 0.0171509
21.0313, 0.0171509
21.0913, 0.0171509
21.1528, 0.0171509
21.2128, 0.0171509
21.2743, 0.0171509
21.3343, 0.0171509
21.3958, 0.0171509
21.4588, 0.0171509
21.5188, 0.0171509
21.5803, 0.0171509
21.6433, 0.0171509
21.7033, 0.0171509
21.7648, 0.0171509
21.8279, 0.0171509
21.8925, 0.0171509
21.9525, 0.0171509
22.014, 0.0171509
22.077, 0.0171509
22.137, 0.0171509
22.1985, 0.0171509
22.2616, 0.0171509
22.3216, 0.0171509
22.3831, 0.0171509
22.4461, 0.0171509
22.5107, 0.0171509
22.577, 0.0171509
22.637, 0.0171509
22.6985, 0.0171509
22.7615, 0.0171509
22.8215, 0.0171509
22.883, 0.0171509
22.946, 0.0171509
23.0106, 0.0171509
23.0706, 0.0171509
23.1321, 0.0171509
23.1921, 0.0171509
23.2536, 0.0171509
23.3136, 0.0171509
23.3751, 0.0171509
23.4382, 0.0171509
23.4982, 0.0171509
23.5597, 0.0171509
23.6227, 0.0171509
23.6873, 0.0171509
23.7473, 0.0171509
23.8088, 0.0171509
23.8688, 0.0171509
23.9303, 0.0171509
23.9934, 0.0171509
24.0534, 0.0171509
24.1149, 0.0171509
24.1779, 0.0171509
24.2425, 0.0171509
24.3025, 0.0171509
24.364, 0.0171509
24.4271, 0.0171509
24.4917, 0.0171509
24.5579, 0.0171509
24.6258, 0.0171509
24.6858, 0.0171509
24.7473, 0.0171509
24.8103, 0.0171509
24.8749, 0.0171509
24.9349, 0.0171509
24.9964, 0.0171509
25.0564, 0.0171509
25.1164, 0.0171509
25.1779, 0.0171509
25.241, 0.0171509
25.3056, 0.0171509
25.3718, 0.0171509
25.4397, 0.0171509
25.5093, 0.0171509
25.5693, 0.0171509
25.6308, 0.0171509
25.6938, 0.0171509
25.7538, 0.0171509
25.8138, 0.0171509
25.8753, 0.0171509
25.9384, 0.0171509
26.003, 0.0171509
26.063, 0.0171509
26.1245, 0.0171509
26.1875, 0.0171509
26.2521, 0.0171509
26.3121, 0.0171509
26.3736, 0.0171509
26.4336, 0.0171509
26.4951, 0.0171509
26.5551, 0.0171509
26.6166, 0.0171509
26.6797, 0.0171509
26.7443, 0.0171509
26.8043, 0.0171509
26.8658, 0.0171509
26.9288, 0.0171509
26.9934, 0.0171509
27.0596, 0.0171509
27.1275, 0.0171509
27.1875, 0.0171509
27.249, 0.0171509
27.3121, 0.0171509
27.3767, 0.0171509
27.4429, 0.0171509
27.5108, 0.0171509
27.5708, 0.0171509
27.6323, 0.0171509
27.6953, 0.0171509
27.7553, 0.0171509
27.8153, 0.0171509
27.8768, 0.0171509
27.9399, 0.0171509
28.0045, 0.0171509
28.0645, 0.0171509
28.126, 0.0171509
28.186, 0.0171509
28.2475, 0.0171509
28.3075, 0.0171509
28.369, 0.0171509
28.432, 0.0171509
28.492, 0.0171509
28.5535, 0.0171509
28.6135, 0.0171509
28.675, 0.0171509
28.7381, 0.0171509
28.7981, 0.0171509
28.8596, 0.0171509
28.9196, 0.0171509
28.9811, 0.0171509
29.0441, 0.0171509
29.1087, 0.0171509
29.1749, 0.0171509
29.2428, 0.0171509
29.3124, 0.0171509
29.3837, 0.0171509
29.4568, 0.0171509
29.5318, 0.0171509
29.6086, 0.0171509
29.6686, 0.0171509
29.7301, 0.0171509
29.7931, 0.0171509
29.8531, 0.0171509
29.9146, 0.0171509
29.9746, 0.0171509
30.0361, 0.0171509
30.0961, 0.0171509
30.1576, 0.0171509
30.2206, 0.0171509
30.2806, 0.0171509
30.3421, 0.0171509
30.4052, 0.0171509
30.4652, 0.0171509
30.5267, 0.0171509
30.5867, 0.0171509
30.6482, 0.0171509
30.7112, 0.0171509
30.7712, 0.0171509
30.8327, 0.0171509
30.8958, 0.0171509
30.9604, 0.0171509
31.0204, 0.0171509
31.0819, 0.0171509
31.1449, 0.0171509
31.2095, 0.0171509
31.2757, 0.0171509
31.3436, 0.0171509
31.4036, 0.0171509
31.4651, 0.0171509
31.5282, 0.0171509
31.5928, 0.0171509
31.6528, 0.0171509
31.7143, 0.0171509
31.7743, 0.0171509
31.8358, 0.0171509
31.8988, 0.0171509
31.9634, 0.0171509
32.0234, 0.0171509
32.0849, 0.0171509
32.148, 0.0171509
32.2126, 0.0171509
32.2788, 0.0171509
32.3388, 0.0171509
32.4003, 0.0171509
32.4634, 0.0171509
32.528, 0.0171509
32.5942, 0.0171509
32.6621, 0.0171509
32.7221, 0.0171509
32.7836, 0.0171509
32.8466, 0.0171509
32.9112, 0.0171509
32.9775, 0.0171509
33.0375, 0.0171509
33.099, 0.0171509
33.162, 0.0171509
33.222, 0.0171509
33.2835, 0.0171509
33.3465, 0.0171509
33.4065, 0.0171509
33.468, 0.0171509
33.5311, 0.0171509
33.5911, 0.0171509
33.6526, 0.0171509
33.7156, 0.0171509
33.7802, 0.0171509
33.8465, 0.0171509
33.9143, 0.0171509
33.9743, 0.0171509
34.0358, 0.0171509
34.0989, 0.0171509
34.1589, 0.0171509
34.2204, 0.0171509
34.2834, 0.0171509
34.348, 0.0171509
34.4143, 0.0171509
34.4821, 0.0171509
34.5517, 0.0171509
34.623, 0.0171509
34.6961, 0.0171509
34.7711, 0.0171509
34.8479, 0.0171509
34.9266, 0.0171509
35.0073, 0.0171509
35.0673, 0.0171509
35.1288, 0.0171509
35.1888, 0.0171509
35.2503, 0.0171509
35.3133, 0.0171509
35.3733, 0.0171509
35.4333, 0.0171509
35.4948, 0.0171509
35.5548, 0.0171509
35.6163, 0.0171509
35.6794, 0.0171509
35.7394, 0.0171509
35.8009, 0.0171509
35.8639, 0.0171509
35.9239, 0.0171509
35.9854, 0.0171509
36.0484, 0.0171509
36.1131, 0.0171509
36.1793, 0.0171509
36.2393, 0.0171509
36.3008, 0.0171509
36.3638, 0.0171509
36.4284, 0.0171509
36.4947, 0.0171509
36.5626, 0.0171509
36.6226, 0.0171509
36.6841, 0.0171509
36.7471, 0.0171509
36.8071, 0.0171509
36.8686, 0.0171509
36.9316, 0.0171509
36.9962, 0.0171509
37.0562, 0.0171509
37.1177, 0.0171509
37.1808, 0.0171509
37.2408, 0.0171509
37.3008, 0.0171509
37.3623, 0.0171509
37.4253, 0.0171509
37.4853, 0.0171509
37.5468, 0.0171509
37.6068, 0.0171509
37.6668, 0.0171509
37.7283, 0.0171509
37.7883, 0.0171509
37.8498, 0.0171509
37.9129, 0.0171509
37.9729, 0.0171509
38.0344, 0.0171509
38.0974, 0.0171509
38.1574, 0.0171509
38.2189, 0.0171509
38.2819, 0.0171509
38.3419, 0.0171509
38.4034, 0.0171509
38.4665, 0.0171509
38.5265, 0.0171509
38.588, 0.0171509
38.651, 0.0171509
38.7156, 0.0171509
38.7818, 0.0171509
38.8497, 0.0171509
38.9193, 0.0171509
38.9906, 0.0171509
39.0637, 0.0171509
39.1237, 0.0171509
39.1852, 0.0171509
39.2483, 0.0171509
39.3129, 0.0171509
39.3791, 0.0171509
39.447, 0.0171509
39.507, 0.0171509
39.5685, 0.0171509
39.6315, 0.0171509
39.6915, 0.0171509
39.753, 0.0171509
39.8161, 0.0171509
39.8761, 0.0171509
39.9376, 0.0171509
40.0006, 0.0171509
40.0606, 0.0171509
40.1221, 0.0171509
40.1821, 0.0171509
40.2421, 0.0171509
40.3036, 0.0171509
40.3667, 0.0171509
40.4267, 0.0171509
40.4882, 0.0171509
40.5512, 0.0171509
40.6112, 0.0171509
40.6727, 0.0171509
40.7327, 0.0171509
40.7942, 0.0171509
40.8572, 0.0171509
40.9172, 0.0171509
40.9787, 0.0171509
41.0387, 0.0171509
41.1002, 0.0171509
41.1633, 0.0171509
41.2233, 0.0171509
41.2848, 0.0171509
41.3448, 0.0171509
41.4048, 0.0171509
41.4663, 0.0171509
41.5293, 0.0171509
41.5893, 0.0171509
41.6508, 0.0171509
41.7138, 0.0171509
41.7738, 0.0171509
41.8353, 0.0171509
41.8984, 0.0171509
41.9584, 0.0171509
42.0199, 0.0171509
42.0829, 0.0171509
42.1475, 0.0171509
42.2138, 0.0171509
42.2738, 0.0171509
42.3353, 0.0171509
42.3983, 0.0171509
42.4629, 0.0171509
42.5291, 0.0171509
42.597, 0.0171509
42.6666, 0.0171509
42.7379, 0.0171509
42.811, 0.0171509
42.886, 0.0171509
42.9628, 0.0171509
43.0228, 0.0171509
43.0843, 0.0171509
43.1473, 0.0171509
43.2073, 0.0171509
43.2688, 0.0171509
43.3318, 0.0171509
43.3965, 0.0171509
43.4627, 0.0171509
43.5227, 0.0171509
43.5842, 0.0171509
43.6442, 0.0171509
43.7057, 0.0171509
43.7687, 0.0171509
43.8333, 0.0171509
43.8996, 0.0171509
43.9596, 0.0171509
44.0211, 0.0171509
44.0841, 0.0171509
44.1441, 0.0171509
44.2056, 0.0171509
44.2656, 0.0171509
44.3271, 0.0171509
44.3901, 0.0171509
44.4548, 0.0171509
44.521, 0.0171509
44.5889, 0.0171509
44.6584, 0.0171509
44.7184, 0.0171509
44.7799, 0.0171509
44.843, 0.0171509
44.903, 0.0171509
44.9645, 0.0171509
45.0275, 0.0171509
45.0875, 0.0171509
45.149, 0.0171509
45.2121, 0.0171509
45.2721, 0.0171509
45.3336, 0.0171509
45.3936, 0.0171509
45.4551, 0.0171509
45.5181, 0.0171509
45.5781, 0.0171509
45.6396, 0.0171509
45.7026, 0.0171509
45.7672, 0.0171509
45.8335, 0.0171509
45.8935, 0.0171509
45.955, 0.0171509
46.015, 0.0171509
46.0765, 0.0171509
46.1365, 0.0171509
46.198, 0.0171509
46.258, 0.0171509
46.3195, 0.0171509
46.3795, 0.0171509
46.441, 0.0171509
46.504, 0.0171509
46.5686, 0.0171509
46.6349, 0.0171509
46.6949, 0.0171509
46.7564, 0.0171509
46.8194, 0.0171509
46.884, 0.0171509
46.9502, 0.0171509
47.0181, 0.0171509
47.0877, 0.0171509
47.159, 0.0171509
47.2321, 0.0171509
47.3071, 0.0171509
47.3839, 0.0171509
47.4439, 0.0171509
47.5039, 0.0171509
47.5654, 0.0171509
47.6284, 0.0171509
47.6884, 0.0171509
47.7499, 0.0171509
47.8129, 0.0171509
47.8729, 0.0171509
47.9344, 0.0171509
47.9975, 0.0171509
48.0621, 0.0171509
48.1221, 0.0171509
48.1836, 0.0171509
48.2436, 0.0171509
48.3051, 0.0171509
48.3681, 0.0171509
48.4327, 0.0171509
48.499, 0.0171509
48.5669, 0.0171509
48.6364, 0.0171509
48.7078, 0.0171509
48.7678, 0.0171509
48.8278, 0.0171509
48.8893, 0.0171509
48.9523, 0.0171509
49.0123, 0.0171509
49.0738, 0.0171509
49.1338, 0.0171509
49.1953, 0.0171509
49.2583, 0.0171509
49.3183, 0.0171509
49.3783, 0.0171509
49.4398, 0.0171509
49.5029, 0.0171509
49.5675, 0.0171509
49.6337, 0.0171509
49.7016, 0.0171509
49.7712, 0.0171509
49.8425, 0.0171509
49.9156, 0.0171509
49.9905, 0.0171509
50.0673, 0.0171509
50.1461, 0.0171509
50.2268, 0.0171509
50.3095, 0.0171509
50.3695, 0.0171509
50.431, 0.0171509
50.494, 0.0171509
50.5586, 0.0171509
50.6248, 0.0171509
50.6927, 0.0171509
50.7623, 0.0171509
50.8223, 0.0171509
50.8838, 0.0171509
50.9469, 0.0171509
51.0069, 0.0171509
51.0684, 0.0171509
51.1314, 0.0171509
51.196, 0.0171509
51.2622, 0.0171509
51.3301, 0.0171509
51.3901, 0.0171509
51.4516, 0.0171509
51.5147, 0.0171509
51.5747, 0.0171509
51.6362, 0.0171509
51.6992, 0.0171509
51.7592, 0.0171509
51.8207, 0.0171509
51.8837, 0.0171509
51.9437, 0.0171509
52.0052, 0.0171509
52.0683, 0.0171509
52.1283, 0.0171509
52.1898, 0.0171509
52.2498, 0.0171509
52.3113, 0.0171509
52.3743, 0.0171509
52.4343, 0.0171509
52.4958, 0.0171509
52.5558, 0.0171509
52.6173, 0.0171509
52.6773, 0.0171509
52.7388, 0.0171509
52.8018, 0.0171509
52.8618, 0.0171509
52.9218, 0.0171509
52.9833, 0.0171509
53.0464, 0.0171509
53.1064, 0.0171509
53.1679, 0.0171509
53.2309, 0.0171509
53.2909, 0.0171509
53.3524, 0.0171509
53.4124, 0.0171509
53.4739, 0.0171509
53.537, 0.0171509
53.597, 0.0171509
53.6585, 0.0171509
53.7215, 0.0171509
53.7815, 0.0171509
53.843, 0.0171509
53.906, 0.0171509
53.9706, 0.0171509
54.0306, 0.0171509
54.0921, 0.0171509
54.1552, 0.0171509
54.2152, 0.0171509
54.2767, 0.0171509
54.3397, 0.0171509
54.4043, 0.0171509
54.4706, 0.0171509
54.5384, 0.0171509
54.5984, 0.0171509
54.6599, 0.0171509
54.723, 0.0171509
54.7876, 0.0171509
54.8538, 0.0171509
54.9217, 0.0171509
54.9913, 0.0171509
55.0513, 0.0171509
55.1128, 0.0171509
55.1728, 0.0171509
55.2343, 0.0171509
55.2943, 0.0171509
55.3558, 0.0171509
55.4188, 0.0171509
55.4788, 0.0171509
55.5403, 0.0171509
55.6034, 0.0171509
55.6634, 0.0171509
55.7249, 0.0171509
55.7879, 0.0171509
55.8525, 0.0171509
55.9187, 0.0171509
55.9787, 0.0171509
56.0402, 0.0171509
56.1033, 0.0171509
56.1679, 0.0171509
56.2341, 0.0171509
56.302, 0.0171509
56.3716, 0.0171509
56.4429, 0.0171509
56.5029, 0.0171509
56.5644, 0.0171509
56.6274, 0.0171509
56.6921, 0.0171509
56.7583, 0.0171509
56.8262, 0.0171509
56.8862, 0.0171509
56.9477, 0.0171509
57.0077, 0.0171509
57.0692, 0.0171509
57.1292, 0.0171509
57.1907, 0.0171509
57.2537, 0.0171509
57.3183, 0.0171509
57.3846, 0.0171509
57.4524, 0.0171509
57.522, 0.0171509
57.5933, 0.0171509
57.6664, 0.0171509
57.7414, 0.0171509
57.8014, 0.0171509
57.8629, 0.0171509
57.9259, 0.0171509
57.9905, 0.0171509
58.0505, 0.0171509
58.112, 0.0171509
58.1751, 0.0171509
58.2351, 0.0171509
58.2966, 0.0171509
58.3566, 0.0171509
58.4181, 0.0171509
58.4811, 0.0171509
58.5411, 0.0171509
58.6026, 0.0171509
58.6656, 0.0171509
58.7303, 0.0171509
58.7965, 0.0171509
58.8644, 0.0171509
58.9244, 0.0171509
58.9859, 0.0171509
59.0489, 0.0171509
59.1135, 0.0171509
59.1735, 0.0171509
59.235, 0.0171509
59.2981, 0.0171509
59.3581, 0.0171509
59.4196, 0.0171509
59.4826, 0.0171509
59.5426, 0.0171509
59.6041, 0.0171509
59.6671, 0.0171509
59.7271, 0.0171509
59.7886, 0.0171509
59.8517, 0.0171509
59.9117, 0.0171509
59.9732, 0.0171509
60.0362, 0.0171509
60.1008, 0.0171509
60.1608, 0.0171509
60.2223, 0.0171509
60.2854, 0.0171509
60.35, 0.0171509
60.41, 0.0171509
60.4715, 0.0171509
60.5345, 0.0171509
60.5991, 0.0171509
60.6591, 0.0171509
60.7206, 0.0171509
60.7837, 0.0171509
60.8437, 0.0171509
60.9052, 0.0171509
60.9652, 0.0171509
61.0252, 0.0171509
61.0867, 0.0171509
61.1467, 0.0171509
61.2082, 0.0171509
61.2712, 0.0171509
61.3358, 0.0171509
61.3958, 0.0171509
61.4573, 0.0171509
61.5203, 0.0171509
61.5803, 0.0171509
61.6418, 0.0171509
61.7049, 0.0171509
61.7695, 0.0171509
61.8295, 0.0171509
61.891, 0.0171509
61.951, 0.0171509
62.0125, 0.0171509
62.0755, 0.0171509
62.1355, 0.0171509
62.197, 0.0171509
62.257, 0.0171509
62.3185, 0.0171509
62.3816, 0.0171509
62.4416, 0.0171509
62.5016, 0.0171509
62.5631, 0.0171509
62.6261, 0.0171509
62.6861, 0.0171509
62.7476, 0.0171509
62.8107, 0.0171509
62.8707, 0.0171509
62.9322, 0.0171509
62.9952, 0.0171509
63.0598, 0.0171509
63.1198, 0.0171509
63.1813, 0.0171509
63.2443, 0.0171509
63.309, 0.0171509
63.3752, 0.0171509
63.4431, 0.0171509
63.5031, 0.0171509
63.5631, 0.0171509
63.6246, 0.0171509
63.6846, 0.0171509
63.7461, 0.0171509
63.8061, 0.0171509
63.8676, 0.0171509
63.9276, 0.0171509
63.9891, 0.0171509
64.0521, 0.0171509
64.1167, 0.0171509
64.1767, 0.0171509
64.2382, 0.0171509
64.3013, 0.0171509
64.3613, 0.0171509
64.4228, 0.0171509
64.4858, 0.0171509
64.5458, 0.0171509
64.6073, 0.0171509
64.6703, 0.0171509
64.7303, 0.0171509
64.7918, 0.0171509
64.8518, 0.0171509
64.9133, 0.0171509
64.9764, 0.0171509
65.041, 0.0171509
65.1072, 0.0171509
65.1672, 0.0171509
65.2287, 0.0171509
65.2917, 0.0171509
65.3564, 0.0171509
65.4226, 0.0171509
65.4826, 0.0171509
65.5441, 0.0171509
65.6041, 0.0171509
65.6656, 0.0171509
65.7256, 0.0171509
65.7871, 0.0171509
65.8471, 0.0171509
65.9071, 0.0171509
65.9686, 0.0171509
66.0316, 0.0171509
66.0916, 0.0171509
66.1531, 0.0171509
66.2162, 0.0171509
66.2808, 0.0171509
66.3408, 0.0171509
66.4023, 0.0171509
66.4653, 0.0171509
66.5253, 0.0171509
66.5868, 0.0171509
66.6499, 0.0171509
66.7145, 0.0171509
66.7745, 0.0171509
66.836, 0.0171509
66.899, 0.0171509
66.9636, 0.0171509
67.0298, 0.0171509
67.0898, 0.0171509
67.1498, 0.0171509
67.2113, 0.0171509
67.2713, 0.0171509
67.3328, 0.0171509
67.3959, 0.0171509
67.4605, 0.0171509
67.5267, 0.0171509
67.5946, 0.0171509
67.6546, 0.0171509
67.7161, 0.0171509
67.7791, 0.0171509
67.8438, 0.0171509
67.91, 0.0171509
67.9779, 0.0171509
68.0475, 0.0171509
68.1188, 0.0171509
68.1919, 0.0171509
68.2668, 0.0171509
68.3268, 0.0171509
68.3883, 0.0171509
68.4513, 0.0171509
68.516, 0.0171509
68.5822, 0.0171509
68.6501, 0.0171509
68.7101, 0.0171509
68.7716, 0.0171509
68.8316, 0.0171509
68.8931, 0.0171509
68.9561, 0.0171509
69.0207, 0.0171509
69.087, 0.0171509
69.147, 0.0171509
69.2085, 0.0171509
69.2715, 0.0171509
69.3315, 0.0171509
69.393, 0.0171509
69.456, 0.0171509
69.516, 0.0171509
69.5775, 0.0171509
69.6406, 0.0171509
69.7006, 0.0171509
69.7621, 0.0171509
69.8251, 0.0171509
69.8897, 0.0171509
69.9497, 0.0171509
70.0112, 0.0171509
70.0743, 0.0171509
70.1389, 0.0171509
70.1989, 0.0171509
70.2604, 0.0171509
70.3204, 0.0171509
70.3819, 0.0171509
70.4449, 0.0171509
70.5049, 0.0171509
70.5664, 0.0171509
70.6294, 0.0171509
70.6941, 0.0171509
70.7541, 0.0171509
70.8141, 0.0171509
70.8741, 0.0171509
70.9356, 0.0171509
70.9986, 0.0171509
71.0586, 0.0171509
71.1186, 0.0171509
71.1801, 0.0171509
71.2431, 0.0171509
71.3031, 0.0171509
71.3646, 0.0171509
71.4277, 0.0171509
71.4877, 0.0171509
71.5492, 0.0171509
71.6122, 0.0171509
71.6768, 0.0171509
71.7431, 0.0171509
71.8109, 0.0171509
71.8709, 0.0171509
71.9324, 0.0171509
71.9924, 0.0171509
72.0539, 0.0171509
72.117, 0.0171509
72.177, 0.0171509
72.2385, 0.0171509
72.3015, 0.0171509
72.3615, 0.0171509
72.423, 0.0171509
72.483, 0.0171509
72.5445, 0.0171509
72.6075, 0.0171509
72.6722, 0.0171509
72.7384, 0.0171509
72.7984, 0.0171509
72.8599, 0.0171509
72.9229, 0.0171509
72.9829, 0.0171509
73.0444, 0.0171509
73.1044, 0.0171509
73.1659, 0.0171509
73.229, 0.0171509
73.289, 0.0171509
73.3505, 0.0171509
73.4135, 0.0171509
73.4735, 0.0171509
73.535, 0.0171509
73.595, 0.0171509
73.6565, 0.0171509
73.7195, 0.0171509
73.7842, 0.0171509
73.8442, 0.0171509
73.9057, 0.0171509
73.9657, 0.0171509
74.0272, 0.0171509
74.0902, 0.0171509
74.1502, 0.0171509
74.2117, 0.0171509
74.2717, 0.0171509
74.3332, 0.0171509
74.3962, 0.0171509
74.4562, 0.0171509
74.5177, 0.0171509
74.5808, 0.0171509
74.6408, 0.0171509
74.7023, 0.0171509
74.7623, 0.0171509
74.8223, 0.0171509
74.8838, 0.0171509
74.9438, 0.0171509
75.0053, 0.0171509
75.0683, 0.0171509
75.1283, 0.0171509
75.1898, 0.0171509
75.2498, 0.0171509
75.3113, 0.0171509
75.3743, 0.0171509
75.4343, 0.0171509
75.4958, 0.0171509
75.5589, 0.0171509
75.6235, 0.0171509
75.6897, 0.0171509
75.7576, 0.0171509
75.8176, 0.0171509
75.8791, 0.0171509
75.9391, 0.0171509
76.0006, 0.0171509
76.0636, 0.0171509
76.1283, 0.0171509
76.1945, 0.0171509
76.2545, 0.0171509
76.316, 0.0171509
76.376, 0.0171509
76.4375, 0.0171509
76.4975, 0.0171509
76.5575, 0.0171509
76.619, 0.0171509
76.682, 0.0171509
76.742, 0.0171509
76.8035, 0.0171509
76.8666, 0.0171509
76.9266, 0.0171509
76.9881, 0.0171509
77.0511, 0.0171509
77.1157, 0.0171509
77.1819, 0.0171509
77.2498, 0.0171509
77.3098, 0.0171509
77.3713, 0.0171509
77.4344, 0.0171509
77.4944, 0.0171509
77.5559, 0.0171509
77.6189, 0.0171509
77.6835, 0.0171509
77.7497, 0.0171509
77.8176, 0.0171509
77.8776, 0.0171509
77.9391, 0.0171509
78.0022, 0.0171509
78.0668, 0.0171509
78.133, 0.0171509
78.2009, 0.0171509
78.2705, 0.0171509
78.3418, 0.0171509
78.4149, 0.0171509
78.4898, 0.0171509
78.5666, 0.0171509
78.6266, 0.0171509
78.6881, 0.0171509
78.7481, 0.0171509
78.8096, 0.0171509
78.8696, 0.0171509
78.9311, 0.0171509
78.9911, 0.0171509
79.0511, 0.0171509
79.1126, 0.0171509
79.1757, 0.0171509
79.2357, 0.0171509
79.2972, 0.0171509
79.3602, 0.0171509
79.4248, 0.0171509
79.4911, 0.0171509
79.5511, 0.0171509
79.6126, 0.0171509
79.6756, 0.0171509
79.7356, 0.0171509
79.7971, 0.0171509
79.8601, 0.0171509
79.9201, 0.0171509
79.9816, 0.0171509
80.0447, 0.0171509
80.1047, 0.0171509
80.1662, 0.0171509
80.2292, 0.0171509
80.2938, 0.0171509
80.36, 0.0171509
80.4279, 0.0171509
80.4879, 0.0171509
80.5494, 0.0171509
80.6125, 0.0171509
80.6771, 0.0171509
80.7433, 0.0171509
80.8112, 0.0171509
80.8712, 0.0171509
80.9327, 0.0171509
80.9927, 0.0171509
81.0542, 0.0171509
81.1172, 0.0171509
81.1818, 0.0171509
81.2418, 0.0171509
81.3033, 0.0171509
81.3664, 0.0171509
81.431, 0.0171509
81.4972, 0.0171509
81.5651, 0.0171509
81.6251, 0.0171509
81.6866, 0.0171509
81.7496, 0.0171509
81.8143, 0.0171509
81.8805, 0.0171509
81.9484, 0.0171509
82.0084, 0.0171509
82.0699, 0.0171509
82.1329, 0.0171509
82.1975, 0.0171509
82.2638, 0.0171509
82.3316, 0.0171509
82.4012, 0.0171509
82.4612, 0.0171509
82.5227, 0.0171509
82.5827, 0.0171509
82.6442, 0.0171509
82.7073, 0.0171509
82.7719, 0.0171509
82.8319, 0.0171509
82.8934, 0.0171509
82.9564, 0.0171509
83.021, 0.0171509
83.081, 0.0171509
83.1425, 0.0171509
83.2025, 0.0171509
83.264, 0.0171509
83.3271, 0.0171509
83.3917, 0.0171509
83.4517, 0.0171509
83.5132, 0.0171509
83.5732, 0.0171509
83.6347, 0.0171509
83.6977, 0.0171509
83.7623, 0.0171509
83.8285, 0.0171509
83.8885, 0.0171509
83.95, 0.0171509
84.0131, 0.0171509
84.0731, 0.0171509
84.1346, 0.0171509
84.1976, 0.0171509
84.2576, 0.0171509
84.3191, 0.0171509
84.3822, 0.0171509
84.4468, 0.0171509
84.5068, 0.0171509
84.5683, 0.0171509
84.6313, 0.0171509
84.6959, 0.0171509
84.7559, 0.0171509
84.8174, 0.0171509
84.8774, 0.0171509
84.9389, 0.0171509
85.002, 0.0171509
85.0666, 0.0171509
85.1266, 0.0171509
85.1866, 0.0171509
85.2481, 0.0171509
85.3111, 0.0171509
85.3757, 0.0171509
85.4357, 0.0171509
85.4972, 0.0171509
85.5603, 0.0171509
85.6203, 0.0171509
85.6818, 0.0171509
85.7418, 0.0171509
85.8033, 0.0171509
85.8663, 0.0171509
85.9263, 0.0171509
85.9878, 0.0171509
86.0508, 0.0171509
86.1108, 0.0171509
86.1723, 0.0171509
86.2323, 0.0171509
86.2938, 0.0171509
86.3538, 0.0171509
86.4153, 0.0171509
86.4784, 0.0171509
86.543, 0.0171509
86.603, 0.0171509
86.6645, 0.0171509
86.7275, 0.0171509
86.7875, 0.0171509
86.849, 0.0171509
86.9121, 0.0171509
86.9767, 0.0171509
87.0367, 0.0171509
87.0982, 0.0171509
87.1612, 0.0171509
87.2212, 0.0171509
87.2827, 0.0171509
87.3427, 0.0171509
87.4042, 0.0171509
87.4673, 0.0171509
87.5319, 0.0171509
87.5919, 0.0171509
87.6534, 0.0171509
87.7164, 0.0171509
87.781, 0.0171509
87.8472, 0.0171509
87.9072, 0.0171509
87.9687, 0.0171509
88.0318, 0.0171509
88.0964, 0.0171509
88.1564, 0.0171509
88.2179, 0.0171509
88.2809, 0.0171509
88.3409, 0.0171509
88.4024, 0.0171509
88.4655, 0.0171509
88.5301, 0.0171509
88.5901, 0.0171509
88.6516, 0.0171509
88.7146, 0.0171509
88.7746, 0.0171509
88.8361, 0.0171509
88.8961, 0.0171509
88.9576, 0.0171509
89.0207, 0.0171509
89.0853, 0.0171509
89.1453, 0.0171509
89.2068, 0.0171509
89.2668, 0.0171509
89.3283, 0.0171509
89.3883, 0.0171509
89.4498, 0.0171509
89.5128, 0.0171509
89.5728, 0.0171509
89.6343, 0.0171509
89.6974, 0.0171509
89.762, 0.0171509
89.8282, 0.0171509
89.8882, 0.0171509
89.9497, 0.0171509
90.0127, 0.0171509
90.0727, 0.0171509
90.1342, 0.0171509
90.1973, 0.0171509
90.2619, 0.0171509
90.3219, 0.0171509
90.3834, 0.0171509
90.4464, 0.0171509
90.5064, 0.0171509
90.5679, 0.0171509
90.6279, 0.0171509
90.6894, 0.0171509
90.7525, 0.0171509
90.8171, 0.0171509
90.8771, 0.0171509
90.9386, 0.0171509
91.0016, 0.0171509
91.0662, 0.0171509
91.1262, 0.0171509
91.1877, 0.0171509
91.2477, 0.0171509
91.3092, 0.0171509
91.3692, 0.0171509
91.4307, 0.0171509
91.4938, 0.0171509
91.5538, 0.0171509
91.6153, 0.0171509
91.6783, 0.0171509
91.7383, 0.0171509
91.7998, 0.0171509
91.8628, 0.0171509
91.9274, 0.0171509
91.9937, 0.0171509
92.0616, 0.0171509
92.1216, 0.0171509
92.1831, 0.0171509
92.2461, 0.0171509
92.3061, 0.0171509
92.3661, 0.0171509
92.4276, 0.0171509
92.4906, 0.0171509
92.5506, 0.0171509
92.6121, 0.0171509
92.6721, 0.0171509
92.7321, 0.0171509
92.7936, 0.0171509
92.8567, 0.0171509
92.9213, 0.0171509
92.9813, 0.0171509
93.0428, 0.0171509
93.1058, 0.0171509
93.1704, 0.0171509
93.2367, 0.0171509
93.3046, 0.0171509
93.3741, 0.0171509
93.4455, 0.0171509
93.5055, 0.0171509
93.567, 0.0171509
93.627, 0.0171509
93.6885, 0.0171509
93.7515, 0.0171509
93.8115, 0.0171509
93.873, 0.0171509
93.933, 0.0171509
93.993, 0.0171509
94.0545, 0.0171509
94.1175, 0.0171509
94.1775, 0.0171509
94.2375, 0.0171509
94.299, 0.0171509
94.3621, 0.0171509
94.4221, 0.0171509
94.4836, 0.0171509
94.5466, 0.0171509
94.6066, 0.0171509
94.6681, 0.0171509
94.7311, 0.0171509
94.7911, 0.0171509
94.8526, 0.0171509
94.9157, 0.0171509
94.9803, 0.0171509
95.0465, 0.0171509
95.1065, 0.0171509
95.168, 0.0171509
95.228, 0.0171509
95.2895, 0.0171509
95.3495, 0.0171509
95.411, 0.0171509
95.4741, 0.0171509
95.5387, 0.0171509
95.5987, 0.0171509
95.6602, 0.0171509
95.7232, 0.0171509
95.7832, 0.0171509
95.8447, 0.0171509
95.9077, 0.0171509
95.9724, 0.0171509
96.0324, 0.0171509
96.0924, 0.0171509
96.1539, 0.0171509
96.2169, 0.0171509
96.2815, 0.0171509
96.3477, 0.0171509
96.4156, 0.0171509
96.4756, 0.0171509
96.5371, 0.0171509
96.6002, 0.0171509
96.6648, 0.0171509
96.7248, 0.0171509
96.7863, 0.0171509
96.8463, 0.0171509
96.9078, 0.0171509
96.9708, 0.0171509
97.0308, 0.0171509
97.0923, 0.0171509
97.1523, 0.0171509
97.2138, 0.0171509
97.2769, 0.0171509
97.3415, 0.0171509
97.4077, 0.0171509
97.4756, 0.0171509
97.5356, 0.0171509
97.5971, 0.0171509
97.6601, 0.0171509
97.7201, 0.0171509
97.7816, 0.0171509
97.8447, 0.0171509
97.9093, 0.0171509
97.9755, 0.0171509
98.0355, 0.0171509
98.097, 0.0171509
98.157, 0.0171509
98.2185, 0.0171509
98.2785, 0.0171509
98.34, 0.0171509
98.403, 0.0171509
98.4676, 0.0171509
98.5339, 0.0171509
98.6018, 0.0171509
98.6618, 0.0171509
98.7233, 0.0171509
98.7863, 0.0171509
98.8509, 0.0171509
98.9109, 0.0171509
98.9724, 0.0171509
99.0354, 0.0171509
99.1001, 0.0171509
99.1663, 0.0171509
99.2263, 0.0171509
99.2878, 0.0171509
99.3508, 0.0171509
99.4108, 0.0171509
99.4723, 0.0171509
99.5354, 0.0171509
99.5954, 0.0171509
99.6569, 0.0171509
99.7199, 0.0171509
99.7845, 0.0171509
99.8507, 0.0171509
99.9107, 0.0171509
99.9722, 0.0171509
100.035, 0.0171509
100.1, 0.0171509
100.16, 0.0171509
100.22, 0.0171509
100.281, 0.0171509
100.344, 0.0171509
100.404, 0.0171509
100.466, 0.0171509
100.526, 0.0171509
100.587, 0.0171509
100.647, 0.0171509
100.709, 0.0171509
100.769, 0.0171509
100.83, 0.0171509
100.89, 0.0171509
100.952, 0.0171509
101.012, 0.0171509
101.073, 0.0171509
101.136, 0.0171509
101.201, 0.0171509
101.261, 0.0171509
101.323, 0.0171509
101.386, 0.0171509
101.45, 0.0171509
101.516, 0.0171509
101.584, 0.0171509
101.654, 0.0171509
101.725, 0.0171509
101.785, 0.0171509
101.847, 0.0171509
101.91, 0.0171509
101.974, 0.0171509
102.041, 0.0171509
102.101, 0.0171509
102.162, 0.0171509
102.225, 0.0171509
102.29, 0.0171509
102.35, 0.0171509
102.411, 0.0171509
102.474, 0.0171509
102.539, 0.0171509
102.605, 0.0171509
102.673, 0.0171509
102.743, 0.0171509
102.814, 0.0171509
102.874, 0.0171509
102.935, 0.0171509
102.995, 0.0171509
103.057, 0.0171509
103.12, 0.0171509
103.185, 0.0171509
103.245, 0.0171509
103.306, 0.0171509
103.369, 0.0171509
103.434, 0.0171509
103.494, 0.0171509
103.555, 0.0171509
103.615, 0.0171509
103.677, 0.0171509
103.74, 0.0171509
103.804, 0.0171509
103.864, 0.0171509
103.926, 0.0171509
103.986, 0.0171509
104.047, 0.0171509
104.11, 0.0171509
104.175, 0.0171509
104.241, 0.0171509
104.301, 0.0171509
104.363, 0.0171509
104.426, 0.0171509
104.486, 0.0171509
104.547, 0.0171509
104.61, 0.0171509
104.675, 0.0171509
104.735, 0.0171509
104.796, 0.0171509
104.86, 0.0171509
104.924, 0.0171509
104.984, 0.0171509
105.046, 0.0171509
105.109, 0.0171509
105.173, 0.0171509
105.233, 0.0171509
105.295, 0.0171509
105.355, 0.0171509
105.416, 0.0171509
105.476, 0.0171509
105.538, 0.0171509
105.601, 0.0171509
105.665, 0.0171509
105.725, 0.0171509
105.787, 0.0171509
105.85, 0.0171509
105.91, 0.0171509
105.971, 0.0171509
106.034, 0.0171509
106.099, 0.0171509
106.159, 0.0171509
106.221, 0.0171509
106.281, 0.0171509
106.342, 0.0171509
106.402, 0.0171509
106.464, 0.0171509
106.527, 0.0171509
106.591, 0.0171509
106.651, 0.0171509
106.713, 0.0171509
106.776, 0.0171509
106.836, 0.0171509
106.897, 0.0171509
106.96, 0.0171509
107.025, 0.0171509
107.091, 0.0171509
107.159, 0.0171509
107.229, 0.0171509
107.3, 0.0171509
107.36, 0.0171509
107.421, 0.0171509
107.485, 0.0171509
107.545, 0.0171509
107.605, 0.0171509
107.666, 0.0171509
107.729, 0.0171509
107.789, 0.0171509
107.851, 0.0171509
107.914, 0.0171509
107.978, 0.0171509
108.038, 0.0171509
108.1, 0.0171509
108.163, 0.0171509
108.227, 0.0171509
108.287, 0.0171509
108.349, 0.0171509
108.412, 0.0171509
108.472, 0.0171509
108.533, 0.0171509
108.596, 0.0171509
108.661, 0.0171509
108.721, 0.0171509
108.783, 0.0171509
108.846, 0.0171509
108.91, 0.0171509
108.976, 0.0171509
109.036, 0.0171509
109.098, 0.0171509
109.161, 0.0171509
109.226, 0.0171509
109.292, 0.0171509
109.352, 0.0171509
109.413, 0.0171509
109.476, 0.0171509
109.541, 0.0171509
109.601, 0.0171509
109.661, 0.0171509
109.722, 0.0171509
109.785, 0.0171509
109.85, 0.0171509
109.916, 0.0171509
109.976, 0.0171509
110.038, 0.0171509
110.098, 0.0171509
110.158, 0.0171509
110.219, 0.0171509
110.282, 0.0171509
110.342, 0.0171509
110.404, 0.0171509
110.467, 0.0171509
110.527, 0.0171509
110.588, 0.0171509
110.651, 0.0171509
110.711, 0.0171509
110.773, 0.0171509
110.833, 0.0171509
110.894, 0.0171509
110.957, 0.0171509
111.017, 0.0171509
111.079, 0.0171509
111.142, 0.0171509
111.202, 0.0171509
111.264, 0.0171509
111.327, 0.0171509
111.391, 0.0171509
111.457, 0.0171509
111.517, 0.0171509
111.579, 0.0171509
111.642, 0.0171509
111.707, 0.0171509
111.767, 0.0171509
111.828, 0.0171509
111.888, 0.0171509
111.95, 0.0171509
112.013, 0.0171509
112.077, 0.0171509
112.143, 0.0171509
112.203, 0.0171509
112.265, 0.0171509
112.328, 0.0171509
112.388, 0.0171509
112.449, 0.0171509
112.512, 0.0171509
112.572, 0.0171509
112.634, 0.0171509
112.697, 0.0171509
112.757, 0.0171509
112.819, 0.0171509
112.882, 0.0171509
112.946, 0.0171509
113.006, 0.0171509
113.068, 0.0171509
113.131, 0.0171509
113.195, 0.0171509
113.262, 0.0171509
113.329, 0.0171509
113.389, 0.0171509
113.451, 0.0171509
113.514, 0.0171509
113.579, 0.0171509
113.645, 0.0171509
113.713, 0.0171509
113.773, 0.0171509
113.834, 0.0171509
113.897, 0.0171509
113.957, 0.0171509
114.019, 0.0171509
114.082, 0.0171509
114.146, 0.0171509
114.213, 0.0171509
114.281, 0.0171509
114.35, 0.0171509
114.41, 0.0171509
114.472, 0.0171509
114.535, 0.0171509
114.599, 0.0171509
114.659, 0.0171509
114.719, 0.0171509
114.781, 0.0171509
114.844, 0.0171509
114.904, 0.0171509
114.965, 0.0171509
115.028, 0.0171509
115.093, 0.0171509
115.159, 0.0171509
115.227, 0.0171509
115.287, 0.0171509
115.349, 0.0171509
115.409, 0.0171509
115.47, 0.0171509
115.533, 0.0171509
115.598, 0.0171509
115.658, 0.0171509
115.719, 0.0171509
115.779, 0.0171509
115.841, 0.0171509
115.904, 0.0171509
115.968, 0.0171509
116.035, 0.0171509
116.102, 0.0171509
116.172, 0.0171509
116.232, 0.0171509
116.294, 0.0171509
116.357, 0.0171509
116.421, 0.0171509
116.481, 0.0171509
116.543, 0.0171509
116.606, 0.0171509
116.67, 0.0171509
116.73, 0.0171509
116.792, 0.0171509
116.852, 0.0171509
116.913, 0.0171509
116.973, 0.0171509
117.035, 0.0171509
117.098, 0.0171509
117.158, 0.0171509
117.219, 0.0171509
117.282, 0.0171509
117.347, 0.0171509
117.407, 0.0171509
117.469, 0.0171509
117.532, 0.0171509
117.596, 0.0171509
117.656, 0.0171509
117.718, 0.0171509
117.781, 0.0171509
117.845, 0.0171509
117.912, 0.0171509
117.972, 0.0171509
118.032, 0.0171509
118.093, 0.0171509
118.156, 0.0171509
118.216, 0.0171509
118.278, 0.0171509
118.341, 0.0171509
118.405, 0.0171509
118.471, 0.0171509
118.539, 0.0171509
118.609, 0.0171509
118.68, 0.0171509
118.753, 0.0171509
118.813, 0.0171509
118.875, 0.0171509
118.938, 0.0171509
119.003, 0.0171509
119.063, 0.0171509
119.124, 0.0171509
119.187, 0.0171509
119.252, 0.0171509
119.318, 0.0171509
119.386, 0.0171509
119.455, 0.0171509
119.515, 0.0171509
119.577, 0.0171509
119.64, 0.0171509
119.7, 0.0171509
119.761, 0.0171509
119.824, 0.0171509
119.889, 0.0171509
119.955, 0.0171509
120.023, 0.0171509
120.093, 0.0171509
120.164, 0.0171509
120.224, 0.0171509
120.286, 0.0171509
120.349, 0.0171509
120.413, 0.0171509
120.479, 0.0171509
120.547, 0.0171509
120.607, 0.0171509
120.669, 0.0171509
120.732, 0.0171509
120.792, 0.0171509
120.853, 0.0171509
120.916, 0.0171509
120.981, 0.0171509
121.047, 0.0171509
121.107, 0.0171509
121.169, 0.0171509
121.232, 0.0171509
121.292, 0.0171509
121.353, 0.0171509
121.416, 0.0171509
121.481, 0.0171509
121.547, 0.0171509
121.615, 0.0171509
121.685, 0.0171509
121.745, 0.0171509
121.806, 0.0171509
121.869, 0.0171509
121.929, 0.0171509
121.989, 0.0171509
122.051, 0.0171509
122.114, 0.0171509
122.174, 0.0171509
122.235, 0.0171509
122.298, 0.0171509
122.358, 0.0171509
122.42, 0.0171509
122.483, 0.0171509
122.547, 0.0171509
122.614, 0.0171509
122.674, 0.0171509
122.735, 0.0171509
122.798, 0.0171509
122.863, 0.0171509
122.923, 0.0171509
122.984, 0.0171509
123.047, 0.0171509
123.112, 0.0171509
123.178, 0.0171509
123.246, 0.0171509
123.306, 0.0171509
123.368, 0.0171509
123.431, 0.0171509
123.495, 0.0171509
123.561, 0.0171509
123.629, 0.0171509
123.689, 0.0171509
123.751, 0.0171509
123.814, 0.0171509
123.874, 0.0171509
123.935, 0.0171509
123.995, 0.0171509
124.057, 0.0171509
124.117, 0.0171509
124.178, 0.0171509
124.241, 0.0171509
124.301, 0.0171509
124.361, 0.0171509
124.423, 0.0171509
124.486, 0.0171509
124.546, 0.0171509
124.607, 0.0171509
124.67, 0.0171509
124.735, 0.0171509
124.801, 0.0171509
124.861, 0.0171509
124.923, 0.0171509
124.986, 0.0171509
125.05, 0.0171509
125.11, 0.0171509
125.172, 0.0171509
125.232, 0.0171509
125.293, 0.0171509
125.353, 0.0171509
125.415, 0.0171509
125.478, 0.0171509
125.538, 0.0171509
125.599, 0.0171509
125.663, 0.0171509
125.727, 0.0171509
125.787, 0.0171509
125.847, 0.0171509
125.909, 0.0171509
125.972, 0.0171509
126.036, 0.0171509
126.103, 0.0171509
126.163, 0.0171509
126.224, 0.0171509
126.287, 0.0171509
126.347, 0.0171509
126.409, 0.0171509
126.472, 0.0171509
126.536, 0.0171509
126.602, 0.0171509
126.67, 0.0171509
126.73, 0.0171509
126.792, 0.0171509
126.855, 0.0171509
126.919, 0.0171509
126.986, 0.0171509
127.046, 0.0171509
127.107, 0.0171509
127.17, 0.0171509
127.235, 0.0171509
127.295, 0.0171509
127.356, 0.0171509
127.419, 0.0171509
127.479, 0.0171509
127.541, 0.0171509
127.601, 0.0171509
127.662, 0.0171509
127.725, 0.0171509
127.79, 0.0171509
127.856, 0.0171509
127.916, 0.0171509
127.978, 0.0171509
128.041, 0.0171509
128.101, 0.0171509
128.162, 0.0171509
128.225, 0.0171509
128.285, 0.0171509
128.347, 0.0171509
128.407, 0.0171509
128.467, 0.0171509
128.528, 0.0171509
128.591, 0.0171509
128.651, 0.0171509
128.713, 0.0171509
128.776, 0.0171509
128.836, 0.0171509
128.897, 0.0171509
128.957, 0.0171509
129.017, 0.0171509
129.079, 0.0171509
129.142, 0.0171509
129.207, 0.0171509
129.267, 0.0171509
129.328, 0.0171509
129.388, 0.0171509
129.45, 0.0171509
129.513, 0.0171509
129.577, 0.0171509
129.637, 0.0171509
129.697, 0.0171509
129.759, 0.0171509
129.819, 0.0171509
129.88, 0.0171509
129.94, 0.0171509
130.002, 0.0171509
130.062, 0.0171509
130.123, 0.0171509
130.186, 0.0171509
130.251, 0.0171509
130.311, 0.0171509
130.372, 0.0171509
130.432, 0.0171509
130.494, 0.0171509
130.557, 0.0171509
130.622, 0.0171509
130.688, 0.0171509
130.748, 0.0171509
130.809, 0.0171509
130.872, 0.0171509
130.937, 0.0171509
130.997, 0.0171509
131.058, 0.0171509
131.121, 0.0171509
131.181, 0.0171509
131.243, 0.0171509
131.306, 0.0171509
131.371, 0.0171509
131.431, 0.0171509
131.492, 0.0171509
131.555, 0.0171509
131.62, 0.0171509
131.68, 0.0171509
131.741, 0.0171509
131.801, 0.0171509
131.863, 0.0171509
131.923, 0.0171509
131.984, 0.0171509
132.047, 0.0171509
132.112, 0.0171509
132.172, 0.0171509
132.233, 0.0171509
132.293, 0.0171509
132.355, 0.0171509
132.418, 0.0171509
132.478, 0.0171509
132.539, 0.0171509
132.602, 0.0171509
132.662, 0.0171509
132.724, 0.0171509
132.787, 0.0171509
132.852, 0.0171509
132.912, 0.0171509
132.973, 0.0171509
133.033, 0.0171509
133.095, 0.0171509
133.158, 0.0171509
133.222, 0.0171509
133.282, 0.0171509
133.344, 0.0171509
133.407, 0.0171509
133.467, 0.0171509
133.528, 0.0171509
133.588, 0.0171509
133.65, 0.0171509
133.713, 0.0171509
133.777, 0.0171509
133.844, 0.0171509
133.912, 0.0171509
133.972, 0.0171509
134.032, 0.0171509
134.093, 0.0171509
134.156, 0.0171509
134.216, 0.0171509
134.278, 0.0171509
134.341, 0.0171509
134.405, 0.0171509
134.471, 0.0171509
134.539, 0.0171509
134.609, 0.0171509
134.669, 0.0171509
134.73, 0.0171509
134.793, 0.0171509
134.853, 0.0171509
134.915, 0.0171509
134.975, 0.0171509
135.036, 0.0171509
135.1, 0.0171509
135.16, 0.0171509
135.221, 0.0171509
135.284, 0.0171509
135.349, 0.0171509
135.415, 0.0171509
135.483, 0.0171509
135.543, 0.0171509
135.604, 0.0171509
135.664, 0.0171509
135.726, 0.0171509
135.786, 0.0171509
135.847, 0.0171509
135.91, 0.0171509
135.975, 0.0171509
136.041, 0.0171509
136.109, 0.0171509
136.169, 0.0171509
136.231, 0.0171509
136.294, 0.0171509
136.354, 0.0171509
136.415, 0.0171509
136.475, 0.0171509
136.537, 0.0171509
136.597, 0.0171509
136.658, 0.0171509
136.718, 0.0171509
136.78, 0.0171509
136.84, 0.0171509
136.9, 0.0171509
136.961, 0.0171509
137.024, 0.0171509
137.089, 0.0171509
137.155, 0.0171509
137.215, 0.0171509
137.276, 0.0171509
137.34, 0.0171509
137.404, 0.0171509
137.464, 0.0171509
137.526, 0.0171509
137.586, 0.0171509
137.647, 0.0171509
137.71, 0.0171509
137.77, 0.0171509
137.832, 0.0171509
137.895, 0.0171509
137.959, 0.0171509
138.026, 0.0171509
138.086, 0.0171509
138.147, 0.0171509
138.21, 0.0171509
138.275, 0.0171509
138.341, 0.0171509
138.401, 0.0171509
138.462, 0.0171509
138.525, 0.0171509
138.59, 0.0171509
138.65, 0.0171509
138.712, 0.0171509
138.772, 0.0171509
138.833, 0.0171509
138.896, 0.0171509
138.961, 0.0171509
139.027, 0.0171509
139.087, 0.0171509
139.148, 0.0171509
139.208, 0.0171509
139.27, 0.0171509
139.33, 0.0171509
139.391, 0.0171509
139.451, 0.0171509
139.513, 0.0171509
139.576, 0.0171509
139.636, 0.0171509
139.697, 0.0171509
139.761, 0.0171509
139.825, 0.0171509
139.891, 0.0171509
139.959, 0.0171509
140.019, 0.0171509
140.081, 0.0171509
140.144, 0.0171509
140.204, 0.0171509
140.264, 0.0171509
140.325, 0.0171509
140.388, 0.0171509
140.453, 0.0171509
140.519, 0.0171509
140.587, 0.0171509
140.657, 0.0171509
140.728, 0.0171509
140.801, 0.0171509
140.876, 0.0171509
140.936, 0.0171509
140.997, 0.0171509
141.061, 0.0171509
141.125, 0.0171509
141.191, 0.0171509
141.259, 0.0171509
141.329, 0.0171509
141.4, 0.0171509
141.46, 0.0171509
141.522, 0.0171509
141.582, 0.0171509
141.643, 0.0171509
141.703, 0.0171509
141.765, 0.0171509
141.825, 0.0171509
141.886, 0.0171509
141.946, 0.0171509
142.008, 0.0171509
142.071, 0.0171509
142.135, 0.0171509
142.202, 0.0171509
142.269, 0.0171509
142.329, 0.0171509
142.391, 0.0171509
142.451, 0.0171509
142.512, 0.0171509
142.572, 0.0171509
142.634, 0.0171509
142.694, 0.0171509
142.755, 0.0171509
142.815, 0.0171509
142.877, 0.0171509
142.94, 0.0171509
143.005, 0.0171509
143.065, 0.0171509
143.126, 0.0171509
143.189, 0.0171509
143.254, 0.0171509
143.314, 0.0171509
143.375, 0.0171509
143.438, 0.0171509
143.498, 0.0171509
143.56, 0.0171509
143.623, 0.0171509
143.687, 0.0171509
143.754, 0.0171509
143.822, 0.0171509
143.882, 0.0171509
143.943, 0.0171509
144.006, 0.0171509
144.066, 0.0171509
144.128, 0.0171509
144.188, 0.0171509
144.249, 0.0171509
144.312, 0.0171509
144.372, 0.0171509
144.434, 0.0171509
144.497, 0.0171509
144.557, 0.0171509
144.618, 0.0171509
144.681, 0.0171509
144.746, 0.0171509
144.806, 0.0171509
144.867, 0.0171509
144.93, 0.0171509
144.995, 0.0171509
145.055, 0.0171509
145.116, 0.0171509
145.179, 0.0171509
145.239, 0.0171509
145.301, 0.0171509
145.364, 0.0171509
145.429, 0.0171509
145.495, 0.0171509
145.555, 0.0171509
145.616, 0.0171509
145.679, 0.0171509
145.744, 0.0171509
145.81, 0.0171509
145.878, 0.0171509
145.938, 0.0171509
146, 0.0171509
146.06, 0.0171509
146.121, 0.0171509
146.181, 0.0171509
146.241, 0.0171509
146.303, 0.0171509
146.366, 0.0171509
146.43, 0.0171509
146.497, 0.0171509
146.564, 0.0171509
146.624, 0.0171509
146.686, 0.0171509
146.746, 0.0171509
146.807, 0.0171509
146.87, 0.0171509
146.93, 0.0171509
146.992, 0.0171509
147.052, 0.0171509
147.113, 0.0171509
147.173, 0.0171509
147.235, 0.0171509
147.295, 0.0171509
147.356, 0.0171509
147.416, 0.0171509
147.478, 0.0171509
147.538, 0.0171509
147.599, 0.0171509
147.662, 0.0171509
147.722, 0.0171509
147.784, 0.0171509
147.844, 0.0171509
147.905, 0.0171509
147.969, 0.0171509
148.029, 0.0171509
148.09, 0.0171509
148.153, 0.0171509
148.218, 0.0171509
148.278, 0.0171509
148.338, 0.0171509
148.399, 0.0171509
148.459, 0.0171509
148.521, 0.0171509
148.581, 0.0171509
148.642, 0.0171509
148.705, 0.0171509
148.765, 0.0171509
148.825, 0.0171509
148.887, 0.0171509
148.95, 0.0171509
149.014, 0.0171509
149.074, 0.0171509
149.136, 0.0171509
149.199, 0.0171509
149.263, 0.0171509
149.33, 0.0171509
149.398, 0.0171509
149.467, 0.0171509
149.527, 0.0171509
149.589, 0.0171509
149.652, 0.0171509
149.716, 0.0171509
149.783, 0.0171509
149.843, 0.0171509
149.904, 0.0171509
149.967, 0.0171509
150.032, 0.0171509
150.098, 0.0171509
150.158, 0.0171509
150.219, 0.0171509
150.279, 0.0171509
150.341, 0.0171509
150.401, 0.0171509
150.462, 0.0171509
150.522, 0.0171509
150.584, 0.0171509
150.647, 0.0171509
150.712, 0.0171509
150.772, 0.0171509
150.833, 0.0171509
150.896, 0.0171509
150.961, 0.0171509
151.021, 0.0171509
151.082, 0.0171509
151.142, 0.0171509
151.204, 0.0171509
151.264, 0.0171509
151.325, 0.0171509
151.385, 0.0171509
151.447, 0.0171509
151.507, 0.0171509
151.568, 0.0171509
151.628, 0.0171509
151.688, 0.0171509
151.75, 0.0171509
151.813, 0.0171509
151.873, 0.0171509
151.934, 0.0171509
151.997, 0.0171509
152.057, 0.0171509
152.119, 0.0171509
152.182, 0.0171509
152.242, 0.0171509
152.303, 0.0171509
152.363, 0.0171509
152.425, 0.0171509
152.488, 0.0171509
152.553, 0.0171509
152.613, 0.0171509
152.674, 0.0171509
152.737, 0.0171509
152.797, 0.0171509
152.859, 0.0171509
152.922, 0.0171509
152.986, 0.0171509
153.052, 0.0171509
153.112, 0.0171509
153.174, 0.0171509
153.234, 0.0171509
153.294, 0.0171509
153.355, 0.0171509
153.418, 0.0171509
153.478, 0.0171509
153.54, 0.0171509
153.6, 0.0171509
153.661, 0.0171509
153.721, 0.0171509
153.783, 0.0171509
153.846, 0.0171509
153.906, 0.0171509
153.968, 0.0171509
154.031, 0.0171509
154.091, 0.0171509
154.152, 0.0171509
154.215, 0.0171509
154.28, 0.0171509
154.346, 0.0171509
154.414, 0.0171509
154.474, 0.0171509
154.535, 0.0171509
154.595, 0.0171509
154.657, 0.0171509
154.72, 0.0171509
154.78, 0.0171509
154.84, 0.0171509
154.901, 0.0171509
154.964, 0.0171509
155.024, 0.0171509
155.086, 0.0171509
155.149, 0.0171509
155.209, 0.0171509
155.27, 0.0171509
155.333, 0.0171509
155.398, 0.0171509
155.464, 0.0171509
155.532, 0.0171509
155.592, 0.0171509
155.654, 0.0171509
155.717, 0.0171509
155.777, 0.0171509
155.838, 0.0171509
155.901, 0.0171509
155.966, 0.0171509
156.026, 0.0171509
156.086, 0.0171509
156.147, 0.0171509
156.21, 0.0171509
156.275, 0.0171509
156.341, 0.0171509
156.409, 0.0171509
156.469, 0.0171509
156.531, 0.0171509
156.594, 0.0171509
156.658, 0.0171509
156.718, 0.0171509
156.78, 0.0171509
156.843, 0.0171509
156.907, 0.0171509
156.974, 0.0171509
157.042, 0.0171509
157.102, 0.0171509
157.163, 0.0171509
157.226, 0.0171509
157.291, 0.0171509
157.357, 0.0171509
157.417, 0.0171509
157.478, 0.0171509
157.538, 0.0171509
157.6, 0.0171509
157.66, 0.0171509
157.721, 0.0171509
157.784, 0.0171509
157.849, 0.0171509
157.915, 0.0171509
157.975, 0.0171509
158.037, 0.0171509
158.1, 0.0171509
158.16, 0.0171509
158.221, 0.0171509
158.281, 0.0171509
158.343, 0.0171509
158.406, 0.0171509
158.466, 0.0171509
158.527, 0.0171509
158.587, 0.0171509
158.649, 0.0171509
158.712, 0.0171509
158.772, 0.0171509
158.833, 0.0171509
158.896, 0.0171509
158.961, 0.0171509
159.021, 0.0171509
159.083, 0.0171509
159.146, 0.0171509
159.21, 0.0171509
159.276, 0.0171509
159.344, 0.0171509
159.414, 0.0171509
159.485, 0.0171509
159.545, 0.0171509
159.607, 0.0171509
159.67, 0.0171509
159.73, 0.0171509
159.791, 0.0171509
159.851, 0.0171509
159.913, 0.0171509
159.973, 0.0171509
160.034, 0.0171509
160.097, 0.0171509
160.157, 0.0171509
160.219, 0.0171509
160.282, 0.0171509
160.346, 0.0171509
160.413, 0.0171509
160.481, 0.0171509
160.55, 0.0171509
160.621, 0.0171509
160.681, 0.0171509
160.743, 0.0171509
160.806, 0.0171509
160.866, 0.0171509
160.928, 0.0171509
160.988, 0.0171509
161.049, 0.0171509
161.109, 0.0171509
161.171, 0.0171509
161.231, 0.0171509
161.292, 0.0171509
161.352, 0.0171509
161.414, 0.0171509
161.477, 0.0171509
161.541, 0.0171509
161.607, 0.0171509
161.675, 0.0171509
161.735, 0.0171509
161.797, 0.0171509
161.86, 0.0171509
161.924, 0.0171509
161.984, 0.0171509
162.046, 0.0171509
162.109, 0.0171509
162.169, 0.0171509
162.23, 0.0171509
162.294, 0.0171509
162.354, 0.0171509
162.415, 0.0171509
162.475, 0.0171509
162.537, 0.0171509
162.597, 0.0171509
162.658, 0.0171509
162.718, 0.0171509
162.78, 0.0171509
162.843, 0.0171509
162.907, 0.0171509
162.973, 0.0171509
163.033, 0.0171509
163.095, 0.0171509
163.158, 0.0171509
163.223, 0.0171509
163.289, 0.0171509
163.357, 0.0171509
163.426, 0.0171509
163.486, 0.0171509
163.548, 0.0171509
163.611, 0.0171509
163.675, 0.0171509
163.735, 0.0171509
163.797, 0.0171509
163.857, 0.0171509
163.918, 0.0171509
163.981, 0.0171509
164.046, 0.0171509
164.112, 0.0171509
164.18, 0.0171509
164.25, 0.0171509
164.31, 0.0171509
164.371, 0.0171509
164.434, 0.0171509
164.494, 0.0171509
164.556, 0.0171509
164.619, 0.0171509
164.683, 0.0171509
164.75, 0.0171509
164.81, 0.0171509
164.871, 0.0171509
164.931, 0.0171509
164.993, 0.0171509
165.056, 0.0171509
165.12, 0.0171509
165.18, 0.0171509
165.242, 0.0171509
165.305, 0.0171509
165.365, 0.0171509
165.426, 0.0171509
165.489, 0.0171509
165.554, 0.0171509
165.62, 0.0171509
165.688, 0.0171509
165.748, 0.0171509
165.81, 0.0171509
165.873, 0.0171509
165.937, 0.0171509
166.003, 0.0171509
166.071, 0.0171509
166.131, 0.0171509
166.193, 0.0171509
166.256, 0.0171509
166.321, 0.0171509
166.387, 0.0171509
166.455, 0.0171509
166.515, 0.0171509
166.576, 0.0171509
166.636, 0.0171509
166.698, 0.0171509
166.758, 0.0171509
166.819, 0.0171509
166.879, 0.0171509
166.941, 0.0171509
167.004, 0.0171509
167.064, 0.0171509
167.125, 0.0171509
167.188, 0.0171509
167.248, 0.0171509
167.31, 0.0171509
167.37, 0.0171509
167.431, 0.0171509
167.491, 0.0171509
167.553, 0.0171509
167.613, 0.0171509
167.674, 0.0171509
167.734, 0.0171509
167.796, 0.0171509
167.859, 0.0171509
167.923, 0.0171509
167.99, 0.0171509
168.05, 0.0171509
168.111, 0.0171509
168.171, 0.0171509
168.233, 0.0171509
168.293, 0.0171509
168.354, 0.0171509
168.417, 0.0171509
168.477, 0.0171509
168.539, 0.0171509
168.602, 0.0171509
168.662, 0.0171509
168.722, 0.0171509
168.783, 0.0171509
168.846, 0.0171509
168.911, 0.0171509
168.977, 0.0171509
169.045, 0.0171509
169.105, 0.0171509
169.166, 0.0171509
169.229, 0.0171509
169.294, 0.0171509
169.36, 0.0171509
169.428, 0.0171509
169.488, 0.0171509
169.55, 0.0171509
169.613, 0.0171509
169.677, 0.0171509
169.737, 0.0171509
169.799, 0.0171509
169.859, 0.0171509
169.92, 0.0171509
169.983, 0.0171509
170.048, 0.0171509
170.114, 0.0171509
170.174, 0.0171509
170.236, 0.0171509
170.296, 0.0171509
170.357, 0.0171509
170.417, 0.0171509
170.479, 0.0171509
170.542, 0.0171509
170.606, 0.0171509
170.673, 0.0171509
170.74, 0.0171509
170.81, 0.0171509
170.881, 0.0171509
170.941, 0.0171509
171.003, 0.0171509
171.066, 0.0171509
171.131, 0.0171509
171.191, 0.0171509
171.252, 0.0171509
171.315, 0.0171509
171.375, 0.0171509
171.437, 0.0171509
171.497, 0.0171509
171.558, 0.0171509
171.621, 0.0171509
171.686, 0.0171509
171.752, 0.0171509
171.812, 0.0171509
171.872, 0.0171509
171.933, 0.0171509
171.996, 0.0171509
172.061, 0.0171509
172.127, 0.0171509
172.195, 0.0171509
172.255, 0.0171509
172.317, 0.0171509
172.377, 0.0171509
172.438, 0.0171509
172.498, 0.0171509
172.56, 0.0171509
172.623, 0.0171509
172.683, 0.0171509
172.744, 0.0171509
172.807, 0.0171509
172.872, 0.0171509
172.932, 0.0171509
172.993, 0.0171509
173.056, 0.0171509
173.116, 0.0171509
173.178, 0.0171509
173.241, 0.0171509
173.306, 0.0171509
173.372, 0.0171509
173.44, 0.0171509
173.5, 0.0171509
173.561, 0.0171509
173.624, 0.0171509
173.689, 0.0171509
173.755, 0.0171509
173.823, 0.0171509
173.893, 0.0171509
173.953, 0.0171509
174.014, 0.0171509
174.077, 0.0171509
174.137, 0.0171509
174.199, 0.0171509
174.259, 0.0171509
174.32, 0.0171509
174.383, 0.0171509
174.448, 0.0171509
174.514, 0.0171509
174.574, 0.0171509
174.635, 0.0171509
174.699, 0.0171509
174.763, 0.0171509
174.823, 0.0171509
174.885, 0.0171509
174.948, 0.0171509
175.012, 0.0171509
175.072, 0.0171509
175.134, 0.0171509
175.197, 0.0171509
175.257, 0.0171509
175.318, 0.0171509
175.381, 0.0171509
175.446, 0.0171509
175.512, 0.0171509
175.572, 0.0171509
175.634, 0.0171509
175.697, 0.0171509
175.757, 0.0171509
175.818, 0.0171509
175.881, 0.0171509
175.941, 0.0171509
176.003, 0.0171509
176.066, 0.0171509
176.13, 0.0171509
176.197, 0.0171509
176.257, 0.0171509
176.318, 0.0171509
176.381, 0.0171509
176.441, 0.0171509
176.503, 0.0171509
176.563, 0.0171509
176.624, 0.0171509
176.687, 0.0171509
176.747, 0.0171509
176.809, 0.0171509
176.872, 0.0171509
176.936, 0.0171509
176.996, 0.0171509
177.058, 0.0171509
177.121, 0.0171509
177.181, 0.0171509
177.241, 0.0171509
177.302, 0.0171509
177.365, 0.0171509
177.43, 0.0171509
177.496, 0.0171509
177.564, 0.0171509
177.624, 0.0171509
177.686, 0.0171509
177.749, 0.0171509
177.809, 0.0171509
177.87, 0.0171509
177.933, 0.0171509
177.998, 0.0171509
178.064, 0.0171509
178.124, 0.0171509
178.186, 0.0171509
178.249, 0.0171509
178.313, 0.0171509
178.379, 0.0171509
178.447, 0.0171509
178.517, 0.0171509
178.577, 0.0171509
178.638, 0.0171509
178.701, 0.0171509
178.766, 0.0171509
178.832, 0.0171509
178.9, 0.0171509
178.96, 0.0171509
179.022, 0.0171509
179.085, 0.0171509
179.149, 0.0171509
179.209, 0.0171509
179.271, 0.0171509
179.334, 0.0171509
179.399, 0.0171509
179.465, 0.0171509
179.533, 0.0171509
179.593, 0.0171509
179.654, 0.0171509
179.717, 0.0171509
179.782, 0.0171509
179.848, 0.0171509
179.916, 0.0171509
179.985, 0.0171509
180.045, 0.0171509
180.107, 0.0171509
180.17, 0.0171509
180.235, 0.0171509
180.301, 0.0171509
180.369, 0.0171509
180.429, 0.0171509
180.49, 0.0171509
180.553, 0.0171509
180.613, 0.0171509
180.675, 0.0171509
180.738, 0.0171509
180.802, 0.0171509
180.862, 0.0171509
180.922, 0.0171509
180.984, 0.0171509
181.047, 0.0171509
181.107, 0.0171509
181.168, 0.0171509
181.228, 0.0171509
181.29, 0.0171509
181.353, 0.0171509
181.413, 0.0171509
181.474, 0.0171509
181.534, 0.0171509
181.596, 0.0171509
181.656, 0.0171509
181.717, 0.0171509
181.781, 0.0171509
181.845, 0.0171509
181.911, 0.0171509
181.971, 0.0171509
182.033, 0.0171509
182.096, 0.0171509
182.161, 0.0171509
182.221, 0.0171509
182.282, 0.0171509
182.345, 0.0171509
182.405, 0.0171509
182.467, 0.0171509
182.53, 0.0171509
182.59, 0.0171509
182.651, 0.0171509
182.711, 0.0171509
182.773, 0.0171509
182.836, 0.0171509
182.896, 0.0171509
182.957, 0.0171509
183.02, 0.0171509
183.08, 0.0171509
183.14, 0.0171509
183.202, 0.0171509
183.265, 0.0171509
183.325, 0.0171509
183.386, 0.0171509
183.446, 0.0171509
183.508, 0.0171509
183.571, 0.0171509
183.631, 0.0171509
183.692, 0.0171509
183.755, 0.0171509
183.82, 0.0171509
183.886, 0.0171509
183.946, 0.0171509
184.008, 0.0171509
184.071, 0.0171509
184.135, 0.0171509
184.195, 0.0171509
184.257, 0.0171509
184.32, 0.0171509
184.384, 0.0171509
184.444, 0.0171509
184.506, 0.0171509
184.569, 0.0171509
184.634, 0.0171509
184.7, 0.0171509
184.768, 0.0171509
184.837, 0.0171509
184.909, 0.0171509
184.982, 0.0171509
185.042, 0.0171509
185.103, 0.0171509
185.163, 0.0171509
185.225, 0.0171509
185.288, 0.0171509
185.352, 0.0171509
185.419, 0.0171509
185.486, 0.0171509
185.556, 0.0171509
185.616, 0.0171509
185.678, 0.0171509
185.741, 0.0171509
185.805, 0.0171509
185.865, 0.0171509
185.927, 0.0171509
185.99, 0.0171509
186.054, 0.0171509
186.114, 0.0171509
186.176, 0.0171509
186.239, 0.0171509
186.303, 0.0171509
186.37, 0.0171509
186.438, 0.0171509
186.507, 0.0171509
186.579, 0.0171509
186.652, 0.0171509
186.727, 0.0171509
186.803, 0.0171509
186.882, 0.0171509
186.963, 0.0171509
187.045, 0.0171509
187.13, 0.0171509
187.217, 0.0171509
187.306, 0.0171509
187.398, 0.0171509
187.491, 0.0171509
187.587, 0.0171509
187.685, 0.0171509
187.745, 0.0171509
187.807, 0.0171509
187.87, 0.0171509
187.934, 0.0171509
188.001, 0.0171509
188.069, 0.0171509
188.138, 0.0171509
188.21, 0.0171509
188.283, 0.0171509
188.343, 0.0171509
188.404, 0.0171509
188.467, 0.0171509
188.527, 0.0171509
188.589, 0.0171509
188.652, 0.0171509
188.716, 0.0171509
188.783, 0.0171509
188.843, 0.0171509
188.904, 0.0171509
188.967, 0.0171509
189.027, 0.0171509
189.089, 0.0171509
189.152, 0.0171509
189.212, 0.0171509
189.273, 0.0171509
189.333, 0.0171509
189.395, 0.0171509
189.458, 0.0171509
189.522, 0.0171509
189.588, 0.0171509
189.648, 0.0171509
189.71, 0.0171509
189.773, 0.0171509
189.833, 0.0171509
189.895, 0.0171509
189.958, 0.0171509
190.022, 0.0171509
190.088, 0.0171509
190.156, 0.0171509
190.226, 0.0171509
190.286, 0.0171509
190.347, 0.0171509
190.41, 0.0171509
190.47, 0.0171509
190.532, 0.0171509
190.595, 0.0171509
190.655, 0.0171509
190.716, 0.0171509
190.779, 0.0171509
190.844, 0.0171509
190.91, 0.0171509
190.97, 0.0171509
191.032, 0.0171509
191.092, 0.0171509
191.153, 0.0171509
191.213, 0.0171509
191.273, 0.0171509
191.335, 0.0171509
191.398, 0.0171509
191.458, 0.0171509
191.519, 0.0171509
191.582, 0.0171509
191.642, 0.0171509
191.704, 0.0171509
191.767, 0.0171509
191.832, 0.0171509
191.892, 0.0171509
191.953, 0.0171509
192.016, 0.0171509
192.076, 0.0171509
192.138, 0.0171509
192.201, 0.0171509
192.261, 0.0171509
192.322, 0.0171509
192.385, 0.0171509
192.45, 0.0171509
192.516, 0.0171509
192.584, 0.0171509
192.644, 0.0171509
192.705, 0.0171509
192.768, 0.0171509
192.828, 0.0171509
192.89, 0.0171509
192.95, 0.0171509
193.011, 0.0171509
193.074, 0.0171509
193.139, 0.0171509
193.205, 0.0171509
193.273, 0.0171509
193.333, 0.0171509
193.395, 0.0171509
193.458, 0.0171509
193.522, 0.0171509
193.582, 0.0171509
193.644, 0.0171509
193.707, 0.0171509
193.771, 0.0171509
193.831, 0.0171509
193.893, 0.0171509
193.956, 0.0171509
194.016, 0.0171509
194.078, 0.0171509
194.138, 0.0171509
194.199, 0.0171509
194.262, 0.0171509
194.322, 0.0171509
194.384, 0.0171509
194.444, 0.0171509
194.505, 0.0171509
194.568, 0.0171509
194.633, 0.0171509
194.699, 0.0171509
194.767, 0.0171509
194.827, 0.0171509
194.888, 0.0171509
194.951, 0.0171509
195.011, 0.0171509
195.073, 0.0171509
195.133, 0.0171509
195.194, 0.0171509
195.257, 0.0171509
195.317, 0.0171509
195.379, 0.0171509
195.439, 0.0171509
195.499, 0.0171509
195.56, 0.0171509
195.623, 0.0171509
195.688, 0.0171509
195.748, 0.0171509
195.81, 0.0171509
195.87, 0.0171509
195.931, 0.0171509
195.994, 0.0171509
196.054, 0.0171509
196.116, 0.0171509
196.179, 0.0171509
196.243, 0.0171509
196.309, 0.0171509
196.377, 0.0171509
196.437, 0.0171509
196.499, 0.0171509
196.562, 0.0171509
196.627, 0.0171509
196.693, 0.0171509
196.761, 0.0171509
196.821, 0.0171509
196.882, 0.0171509
196.942, 0.0171509
197.004, 0.0171509
197.064, 0.0171509
197.125, 0.0171509
197.185, 0.0171509
197.247, 0.0171509
197.31, 0.0171509
197.37, 0.0171509
197.431, 0.0171509
197.494, 0.0171509
197.559, 0.0171509
197.625, 0.0171509
197.693, 0.0171509
197.763, 0.0171509
197.823, 0.0171509
197.884, 0.0171509
197.944, 0.0171509
198.006, 0.0171509
198.066, 0.0171509
198.127, 0.0171509
198.187, 0.0171509
198.249, 0.0171509
198.312, 0.0171509
198.372, 0.0171509
198.433, 0.0171509
198.496, 0.0171509
198.556, 0.0171509
198.618, 0.0171509
198.678, 0.0171509
198.739, 0.0171509
198.802, 0.0171509
198.862, 0.0171509
198.924, 0.0171509
198.984, 0.0171509
199.044, 0.0171509
199.105, 0.0171509
199.168, 0.0171509
199.233, 0.0171509
199.299, 0.0171509
199.367, 0.0171509
199.427, 0.0171509
199.487, 0.0171509
199.548, 0.0171509
199.611, 0.0171509
199.671, 0.0171509
199.733, 0.0171509
199.796, 0.0171509
199.856, 0.0171509
199.917, 0.0171509
199.98, 0.0171509
200.045, 0.0171509
200.111, 0.0171509
200.179, 0.0171509
200.239, 0.0171509
200.301, 0.0171509
200.364, 0.0171509
200.424, 0.0171509
200.485, 0.0171509
200.548, 0.0171509
200.613, 0.0171509
200.679, 0.0171509
200.747, 0.0171509
200.807, 0.0171509
200.869, 0.0171509
200.932, 0.0171509
200.992, 0.0171509
201.053, 0.0171509
201.113, 0.0171509
201.175, 0.0171509
201.238, 0.0171509
201.298, 0.0171509
201.359, 0.0171509
201.422, 0.0171509
201.482, 0.0171509
201.544, 0.0171509
201.604, 0.0171509
201.665, 0.0171509
201.725, 0.0171509
201.785, 0.0171509
201.847, 0.0171509
201.91, 0.0171509
201.97, 0.0171509
202.031, 0.0171509
202.094, 0.0171509
202.154, 0.0171509
202.216, 0.0171509
202.279, 0.0171509
202.339, 0.0171509
202.4, 0.0171509
202.463, 0.0171509
202.523, 0.0171509
202.585, 0.0171509
202.648, 0.0171509
202.708, 0.0171509
202.769, 0.0171509
202.832, 0.0171509
202.892, 0.0171509
202.954, 0.0171509
203.017, 0.0171509
203.077, 0.0171509
203.138, 0.0171509
203.198, 0.0171509
203.26, 0.0171509
203.323, 0.0171509
203.388, 0.0171509
203.448, 0.0171509
203.509, 0.0171509
203.569, 0.0171509
203.631, 0.0171509
203.691, 0.0171509
203.751, 0.0171509
203.812, 0.0171509
203.875, 0.0171509
203.935, 0.0171509
203.995, 0.0171509
204.057, 0.0171509
204.117, 0.0171509
204.177, 0.0171509
204.238, 0.0171509
204.298, 0.0171509
204.36, 0.0171509
204.423, 0.0171509
204.483, 0.0171509
204.544, 0.0171509
204.607, 0.0171509
204.672, 0.0171509
204.738, 0.0171509
204.806, 0.0171509
204.875, 0.0171509
204.947, 0.0171509
205.02, 0.0171509
205.095, 0.0171509
205.155, 0.0171509
205.216, 0.0171509
205.279, 0.0171509
205.339, 0.0171509
205.401, 0.0171509
205.464, 0.0171509
205.524, 0.0171509
205.585, 0.0171509
205.645, 0.0171509
205.707, 0.0171509
205.77, 0.0171509
205.83, 0.0171509
205.891, 0.0171509
205.951, 0.0171509
206.013, 0.0171509
206.076, 0.0171509
206.136, 0.0171509
206.197, 0.0171509
206.261, 0.0171509
206.321, 0.0171509
206.382, 0.0171509
206.445, 0.0171509
206.505, 0.0171509
206.567, 0.0171509
206.627, 0.0171509
206.688, 0.0171509
206.751, 0.0171509
206.811, 0.0171509
206.873, 0.0171509
206.936, 0.0171509
206.996, 0.0171509
207.057, 0.0171509
207.117, 0.0171509
207.179, 0.0171509
207.242, 0.0171509
207.306, 0.0171509
207.373, 0.0171509
207.44, 0.0171509
207.51, 0.0171509
207.57, 0.0171509
207.631, 0.0171509
207.695, 0.0171509
207.755, 0.0171509
207.816, 0.0171509
207.879, 0.0171509
207.944, 0.0171509
208.004, 0.0171509
208.065, 0.0171509
208.128, 0.0171509
208.193, 0.0171509
208.259, 0.0171509
208.327, 0.0171509
208.397, 0.0171509
208.468, 0.0171509
208.541, 0.0171509
208.616, 0.0171509
208.676, 0.0171509
208.737, 0.0171509
208.8, 0.0171509
208.865, 0.0171509
208.931, 0.0171509
208.999, 0.0171509
209.059, 0.0171509
209.121, 0.0171509
209.184, 0.0171509
209.248, 0.0171509
209.308, 0.0171509
209.37, 0.0171509
209.433, 0.0171509
209.493, 0.0171509
209.553, 0.0171509
209.614, 0.0171509
209.677, 0.0171509
209.737, 0.0171509
209.799, 0.0171509
209.862, 0.0171509
209.922, 0.0171509
209.983, 0.0171509
210.046, 0.0171509
210.106, 0.0171509
210.168, 0.0171509
210.228, 0.0171509
210.289, 0.0171509
210.349, 0.0171509
210.411, 0.0171509
210.471, 0.0171509
210.532, 0.0171509
210.595, 0.0171509
210.66, 0.0171509
210.726, 0.0171509
210.794, 0.0171509
210.864, 0.0171509
210.924, 0.0171509
210.985, 0.0171509
211.048, 0.0171509
211.108, 0.0171509
211.17, 0.0171509
211.233, 0.0171509
211.297, 0.0171509
211.357, 0.0171509
211.419, 0.0171509
211.482, 0.0171509
211.542, 0.0171509
211.604, 0.0171509
211.667, 0.0171509
211.731, 0.0171509
211.797, 0.0171509
211.857, 0.0171509
211.919, 0.0171509
211.979, 0.0171509
212.04, 0.0171509
212.1, 0.0171509
212.162, 0.0171509
212.222, 0.0171509
212.283, 0.0171509
212.346, 0.0171509
212.411, 0.0171509
212.471, 0.0171509
212.533, 0.0171509
212.596, 0.0171509
212.656, 0.0171509
212.717, 0.0171509
212.78, 0.0171509
212.845, 0.0171509
212.911, 0.0171509
212.971, 0.0171509
213.032, 0.0171509
213.092, 0.0171509
213.154, 0.0171509
213.214, 0.0171509
213.275, 0.0171509
213.338, 0.0171509
213.403, 0.0171509
213.463, 0.0171509
213.525, 0.0171509
213.585, 0.0171509
213.646, 0.0171509
213.709, 0.0171509
213.769, 0.0171509
213.831, 0.0171509
213.894, 0.0171509
213.958, 0.0171509
214.025, 0.0171509
214.092, 0.0171509
214.162, 0.0171509
214.222, 0.0171509
214.283, 0.0171509
214.343, 0.0171509
214.405, 0.0171509
214.468, 0.0171509
214.528, 0.0171509
214.59, 0.0171509
214.653, 0.0171509
214.717, 0.0171509
214.777, 0.0171509
214.839, 0.0171509
214.902, 0.0171509
214.962, 0.0171509
215.023, 0.0171509
215.086, 0.0171509
215.151, 0.0171509
215.211, 0.0171509
215.271, 0.0171509
215.332, 0.0171509
215.395, 0.0171509
215.46, 0.0171509
215.52, 0.0171509
215.582, 0.0171509
215.645, 0.0171509
215.709, 0.0171509
215.769, 0.0171509
215.831, 0.0171509
215.894, 0.0171509
215.954, 0.0171509
216.015, 0.0171509
216.075, 0.0171509
216.137, 0.0171509
216.2, 0.0171509
216.26, 0.0171509
216.321, 0.0171509
216.381, 0.0171509
216.443, 0.0171509
216.506, 0.0171509
216.566, 0.0171509
216.627, 0.0171509
216.69, 0.0171509
216.755, 0.0171509
216.815, 0.0171509
216.876, 0.0171509
216.939, 0.0171509
216.999, 0.0171509
217.061, 0.0171509
217.124, 0.0171509
217.184, 0.0171509
217.244, 0.0171509
217.306, 0.0171509
217.369, 0.0171509
217.433, 0.0171509
217.499, 0.0171509
217.567, 0.0171509
217.627, 0.0171509
217.689, 0.0171509
217.749, 0.0171509
217.81, 0.0171509
217.873, 0.0171509
217.938, 0.0171509
218.004, 0.0171509
218.064, 0.0171509
218.126, 0.0171509
218.186, 0.0171509
218.247, 0.0171509
218.31, 0.0171509
218.37, 0.0171509
218.432, 0.0171509
218.495, 0.0171509
218.559, 0.0171509
218.626, 0.0171509
218.686, 0.0171509
218.747, 0.0171509
218.81, 0.0171509
218.87, 0.0171509
218.932, 0.0171509
218.995, 0.0171509
219.055, 0.0171509
219.116, 0.0171509
219.179, 0.0171509
219.244, 0.0171509
219.304, 0.0171509
219.365, 0.0171509
219.428, 0.0171509
219.488, 0.0171509
219.55, 0.0171509
219.613, 0.0171509
219.677, 0.0171509
219.737, 0.0171509
219.799, 0.0171509
219.862, 0.0171509
219.922, 0.0171509
219.984, 0.0171509
220.047, 0.0171509
220.107, 0.0171509
220.168, 0.0171509
220.228, 0.0171509
220.29, 0.0171509
220.353, 0.0171509
220.417, 0.0171509
220.477, 0.0171509
220.539, 0.0171509
220.599, 0.0171509
220.66, 0.0171509
220.72, 0.0171509
220.782, 0.0171509
220.842, 0.0171509
220.903, 0.0171509
220.966, 0.0171509
221.031, 0.0171509
221.097, 0.0171509
221.165, 0.0171509
221.225, 0.0171509
221.286, 0.0171509
221.35, 0.0171509
221.41, 0.0171509
221.471, 0.0171509
221.531, 0.0171509
221.593, 0.0171509
221.653, 0.0171509
221.713, 0.0171509
221.774, 0.0171509
221.834, 0.0171509
221.896, 0.0171509
221.959, 0.0171509
222.023, 0.0171509
222.089, 0.0171509
222.149, 0.0171509
222.211, 0.0171509
222.271, 0.0171509
222.332, 0.0171509
222.392, 0.0171509
222.454, 0.0171509
222.517, 0.0171509
222.577, 0.0171509
222.638, 0.0171509
222.698, 0.0171509
222.76, 0.0171509
222.82, 0.0171509
222.881, 0.0171509
222.941, 0.0171509
223.003, 0.0171509
223.066, 0.0171509
223.131, 0.0171509
223.191, 0.0171509
223.252, 0.0171509
223.315, 0.0171509
223.38, 0.0171509
223.446, 0.0171509
223.506, 0.0171509
223.567, 0.0171509
223.63, 0.0171509
223.69, 0.0171509
223.752, 0.0171509
223.812, 0.0171509
223.873, 0.0171509
223.937, 0.0171509
224.001, 0.0171509
224.061, 0.0171509
224.123, 0.0171509
224.183, 0.0171509
224.243, 0.0171509
224.304, 0.0171509
224.367, 0.0171509
224.432, 0.0171509
224.498, 0.0171509
224.566, 0.0171509
224.635, 0.0171509
224.695, 0.0171509
224.757, 0.0171509
224.82, 0.0171509
224.885, 0.0171509
224.945, 0.0171509
225.006, 0.0171509
225.066, 0.0171509
225.128, 0.0171509
225.188, 0.0171509
225.249, 0.0171509
225.312, 0.0171509
225.372, 0.0171509
225.434, 0.0171509
225.497, 0.0171509
225.557, 0.0171509
225.617, 0.0171509
225.678, 0.0171509
225.741, 0.0171509
225.801, 0.0171509
225.863, 0.0171509
225.926, 0.0171509
225.986, 0.0171509
226.047, 0.0171509
226.11, 0.0171509
226.17, 0.0171509
226.232, 0.0171509
226.295, 0.0171509
226.359, 0.0171509
226.426, 0.0171509
226.494, 0.0171509
226.554, 0.0171509
226.615, 0.0171509
226.678, 0.0171509
226.743, 0.0171509
226.803, 0.0171509
226.863, 0.0171509
226.924, 0.0171509
226.987, 0.0171509
227.052, 0.0171509
227.112, 0.0171509
227.173, 0.0171509
227.236, 0.0171509
227.301, 0.0171509
227.361, 0.0171509
227.423, 0.0171509
227.483, 0.0171509
227.544, 0.0171509
227.604, 0.0171509
227.666, 0.0171509
227.729, 0.0171509
227.793, 0.0171509
227.859, 0.0171509
227.927, 0.0171509
227.987, 0.0171509
228.049, 0.0171509
228.112, 0.0171509
228.172, 0.0171509
228.233, 0.0171509
228.296, 0.0171509
228.361, 0.0171509
228.421, 0.0171509
228.482, 0.0171509
228.546, 0.0171509
228.61, 0.0171509
228.67, 0.0171509
228.73, 0.0171509
228.792, 0.0171509
228.852, 0.0171509
228.913, 0.0171509
228.976, 0.0171509
229.036, 0.0171509
229.098, 0.0171509
229.161, 0.0171509
229.221, 0.0171509
229.282, 0.0171509
229.345, 0.0171509
229.41, 0.0171509
229.47, 0.0171509
229.53, 0.0171509
229.591, 0.0171509
229.651, 0.0171509
229.713, 0.0171509
229.773, 0.0171509
229.834, 0.0171509
229.897, 0.0171509
229.957, 0.0171509
230.017, 0.0171509
230.079, 0.0171509
230.142, 0.0171509
230.207, 0.0171509
230.273, 0.0171509
230.341, 0.0171509
230.401, 0.0171509
230.462, 0.0171509
230.522, 0.0171509
230.584, 0.0171509
230.647, 0.0171509
230.711, 0.0171509
230.778, 0.0171509
230.845, 0.0171509
230.915, 0.0171509
230.986, 0.0171509
231.046, 0.0171509
231.108, 0.0171509
231.168, 0.0171509
231.229, 0.0171509
231.289, 0.0171509
231.351, 0.0171509
231.411, 0.0171509
231.472, 0.0171509
231.535, 0.0171509
231.6, 0.0171509
231.66, 0.0171509
231.721, 0.0171509
231.785, 0.0171509
231.849, 0.0171509
231.909, 0.0171509
231.971, 0.0171509
232.031, 0.0171509
232.092, 0.0171509
232.152, 0.0171509
232.214, 0.0171509
232.277, 0.0171509
232.337, 0.0171509
232.397, 0.0171509
232.458, 0.0171509
232.518, 0.0171509
232.58, 0.0171509
232.643, 0.0171509
232.707, 0.0171509
232.767, 0.0171509
232.829, 0.0171509
232.892, 0.0171509
232.956, 0.0171509
233.023, 0.0171509
233.083, 0.0171509
233.144, 0.0171509
233.207, 0.0171509
233.272, 0.0171509
233.332, 0.0171509
233.393, 0.0171509
233.456, 0.0171509
233.516, 0.0171509
233.578, 0.0171509
233.638, 0.0171509
233.699, 0.0171509
233.762, 0.0171509
233.822, 0.0171509
233.884, 0.0171509
233.947, 0.0171509
234.007, 0.0171509
234.068, 0.0171509
234.128, 0.0171509
234.19, 0.0171509
234.253, 0.0171509
234.313, 0.0171509
234.375, 0.0171509
234.438, 0.0171509
234.498, 0.0171509
234.559, 0.0171509
234.619, 0.0171509
234.681, 0.0171509
234.744, 0.0171509
234.804, 0.0171509
234.865, 0.0171509
234.928, 0.0171509
234.988, 0.0171509
235.05, 0.0171509
235.11, 0.0171509
235.17, 0.0171509
235.231, 0.0171509
235.294, 0.0171509
235.359, 0.0171509
235.419, 0.0171509
235.48, 0.0171509
235.543, 0.0171509
235.608, 0.0171509
235.668, 0.0171509
235.729, 0.0171509
235.789, 0.0171509
235.851, 0.0171509
235.914, 0.0171509
235.979, 0.0171509
236.039, 0.0171509
236.1, 0.0171509
236.16, 0.0171509
236.222, 0.0171509
236.285, 0.0171509
236.345, 0.0171509
236.406, 0.0171509
236.466, 0.0171509
236.528, 0.0171509
236.591, 0.0171509
236.651, 0.0171509
236.712, 0.0171509
236.775, 0.0171509
236.835, 0.0171509
236.895, 0.0171509
236.957, 0.0171509
237.017, 0.0171509
237.078, 0.0171509
237.141, 0.0171509
237.206, 0.0171509
237.266, 0.0171509
237.327, 0.0171509
237.39, 0.0171509
237.45, 0.0171509
237.512, 0.0171509
237.572, 0.0171509
237.633, 0.0171509
237.696, 0.0171509
237.761, 0.0171509
237.821, 0.0171509
237.883, 0.0171509
237.943, 0.0171509
238.004, 0.0171509
238.064, 0.0171509
238.124, 0.0171509
238.186, 0.0171509
238.246, 0.0171509
238.307, 0.0171509
238.37, 0.0171509
238.435, 0.0171509
238.495, 0.0171509
238.556, 0.0171509
238.619, 0.0171509
238.684, 0.0171509
238.744, 0.0171509
238.805, 0.0171509
238.868, 0.0171509
238.928, 0.0171509
238.988, 0.0171509
239.05, 0.0171509
239.11, 0.0171509
239.171, 0.0171509
239.234, 0.0171509
239.299, 0.0171509
239.359, 0.0171509
239.421, 0.0171509
239.481, 0.0171509
239.542, 0.0171509
239.605, 0.0171509
239.67, 0.0171509
239.736, 0.0171509
239.804, 0.0171509
239.864, 0.0171509
239.925, 0.0171509
239.988, 0.0171509
240.048, 0.0171509
240.11, 0.0171509
240.173, 0.0171509
240.233, 0.0171509
240.294, 0.0171509
240.357, 0.0171509
240.417, 0.0171509
240.477, 0.0171509
240.539, 0.0171509
240.599, 0.0171509
240.66, 0.0171509
240.723, 0.0171509
240.788, 0.0171509
240.854, 0.0171509
240.914, 0.0171509
240.976, 0.0171509
241.039, 0.0171509
241.103, 0.0171509
241.163, 0.0171509
241.223, 0.0171509
241.285, 0.0171509
241.345, 0.0171509
241.406, 0.0171509
241.469, 0.0171509
241.534, 0.0171509
241.594, 0.0171509
241.656, 0.0171509
241.719, 0.0171509
241.783, 0.0171509
241.849, 0.0171509
241.917, 0.0171509
241.977, 0.0171509
242.039, 0.0171509
242.099, 0.0171509
242.16, 0.0171509
242.223, 0.0171509
242.288, 0.0171509
242.354, 0.0171509
242.422, 0.0171509
242.482, 0.0171509
242.544, 0.0171509
242.607, 0.0171509
242.671, 0.0171509
242.731, 0.0171509
242.793, 0.0171509
242.856, 0.0171509
242.916, 0.0171509
242.977, 0.0171509
243.04, 0.0171509
243.105, 0.0171509
243.171, 0.0171509
243.231, 0.0171509
243.293, 0.0171509
243.356, 0.0171509
243.416, 0.0171509
243.477, 0.0171509
243.54, 0.0171509
243.6, 0.0171509
243.66, 0.0171509
243.722, 0.0171509
243.782, 0.0171509
243.843, 0.0171509
243.906, 0.0171509
243.971, 0.0171509
244.037, 0.0171509
244.105, 0.0171509
244.175, 0.0171509
244.246, 0.0171509
244.306, 0.0171509
244.367, 0.0171509
244.43, 0.0171509
244.495, 0.0171509
244.561, 0.0171509
244.629, 0.0171509
244.689, 0.0171509
244.751, 0.0171509
244.811, 0.0171509
244.872, 0.0171509
244.935, 0.0171509
244.995, 0.0171509
245.057, 0.0171509
245.12, 0.0171509
245.184, 0.0171509
245.244, 0.0171509
245.306, 0.0171509
245.366, 0.0171509
245.427, 0.0171509
245.49, 0.0171509
245.555, 0.0171509
245.621, 0.0171509
245.689, 0.0171509
245.759, 0.0171509
245.819, 0.0171509
245.88, 0.0171509
245.94, 0.0171509
246.002, 0.0171509
246.062, 0.0171509
246.123, 0.0171509
246.183, 0.0171509
246.245, 0.0171509
246.308, 0.0171509
246.372, 0.0171509
246.432, 0.0171509
246.494, 0.0171509
246.554, 0.0171509
246.615, 0.0171509
246.678, 0.0171509
246.738, 0.0171509
246.8, 0.0171509
246.863, 0.0171509
246.928, 0.0171509
246.994, 0.0171509
247.062, 0.0171509
247.122, 0.0171509
247.183, 0.0171509
247.246, 0.0171509
247.311, 0.0171509
247.377, 0.0171509
247.437, 0.0171509
247.499, 0.0171509
247.559, 0.0171509
247.62, 0.0171509
247.68, 0.0171509
247.742, 0.0171509
247.802, 0.0171509
247.863, 0.0171509
247.926, 0.0171509
247.986, 0.0171509
248.048, 0.0171509
248.108, 0.0171509
248.169, 0.0171509
248.232, 0.0171509
248.292, 0.0171509
248.354, 0.0171509
248.414, 0.0171509
248.474, 0.0171509
248.535, 0.0171509
248.595, 0.0171509
248.657, 0.0171509
248.717, 0.0171509
248.778, 0.0171509
248.838, 0.0171509
248.898, 0.0171509
248.96, 0.0171509
249.023, 0.0171509
249.083, 0.0171509
249.144, 0.0171509
249.207, 0.0171509
249.267, 0.0171509
249.329, 0.0171509
249.392, 0.0171509
249.452, 0.0171509
249.513, 0.0171509
249.576, 0.0171509
249.641, 0.0171509
249.701, 0.0171509
249.762, 0.0171509
249.822, 0.0171509
249.882, 0.0171509
249.944, 0.0171509
250.004, 0.0171509
250.065, 0.0171509
250.125, 0.0171509
250.187, 0.0171509
250.247, 0.0171509
250.308, 0.0171509
250.371, 0.0171509
250.436, 0.0171509
250.496, 0.0171509
250.558, 0.0171509
250.621, 0.0171509
250.685, 0.0171509
250.745, 0.0171509
250.807, 0.0171509
250.87, 0.0171509
250.93, 0.0171509
250.99, 0.0171509
251.051, 0.0171509
251.114, 0.0171509
