0.06, 476.645764849
0.12, 476.628793491
0.1815, 476.628622327
0.244537, 476.628447417
0.309151, 476.628273898
0.37538, 476.628088791
0.443264, 476.627902790
0.512846, 476.627715967
0.584167, 476.627525587
0.657271, 476.627331100
0.732203, 476.627135189
0.809008, 476.626933421
0.887733, 476.626724285
0.968427, 476.626517188
1.05114, 476.626303912
1.13592, 476.626086196
1.22281, 476.625859438
1.31188, 476.625633714
1.40318, 476.625406011
1.49676, 476.625174108
1.59268, 476.624931073
1.691, 476.624689322
1.79177, 476.624442363
1.89507, 476.624193008
2.00094, 476.623937004
2.10947, 476.623680605
2.2207, 476.623413638
2.33472, 476.623145682
2.45159, 476.622877870
2.57138, 476.622602751
2.69416, 476.622318331
2.82002, 476.622030522
2.94902, 476.621745689
3.08124, 476.621445531
3.21677, 476.621147392
3.35569, 476.620845304
3.49808, 476.620537260
3.64404, 476.620229684
3.79364, 476.619908731
3.94698, 476.619587049
4.10415, 476.619258482
4.26526, 476.618931562
4.43039, 476.618598274
4.59965, 476.618257424
4.77314, 476.617912514
4.95097, 476.617563942
5.13324, 476.617209033
5.32007, 476.616847979
5.51157, 476.616487362
5.70786, 476.616122416
5.90906, 476.615751622
6.11529, 476.615388654
6.32667, 476.615022427
6.54334, 476.614637789
6.76542, 476.614243477
6.99306, 476.613847560
7.22638, 476.613447932
7.46554, 476.613041152
7.71068, 476.612633093
7.96195, 476.612222823
8.2195, 476.611809507
8.48348, 476.611386694
8.75407, 476.610962265
9.03142, 476.610534036
9.31571, 476.610101849
9.6071, 476.609666692
9.90578, 476.609226345
10.2119, 476.608782180
10.5257, 476.608337861
10.8474, 476.607885586
11.177, 476.607432737
11.515, 476.606974292
11.8613, 476.606514848
12.2164, 476.606048261
12.5803, 476.605581714
12.9533, 476.605112597
13.3356, 476.604639195
13.7275, 476.604161462
14.1292, 476.603679235
14.5409, 476.603196804
14.963, 476.602716076
15.3955, 476.602220554
15.8389, 476.601731201
16.2934, 476.601234970
16.7592, 476.600737497
17.2367, 476.600241642
17.7261, 476.599736040
18.2278, 476.599232590
18.742, 476.598723641
19.269, 476.598212063
19.8093, 476.597697482
20.363, 476.597179880
20.9306, 476.596666712
21.5123, 476.596141591
22.1086, 476.595618557
22.7198, 476.595092390
23.3463, 476.594560966
23.9885, 476.594032980
24.6467, 476.593497549
25.3214, 476.592960473
26.0129, 476.592421976
26.7217, 476.591878401
27.4483, 476.591335493
28.193, 476.590786864
28.9563, 476.590236636
29.7387, 476.589686348
30.5407, 476.589127337
31.3627, 476.588572498
32.2053, 476.588013705
33.0689, 476.587446970
33.9541, 476.586883956
34.8615, 476.586306947
35.7915, 476.585729913
36.7448, 476.585155034
37.7219, 476.584573115
38.7235, 476.583985649
39.7501, 476.583393083
40.8023, 476.582797838
41.8809, 476.582200063
42.9864, 476.581596089
44.1196, 476.580989641
45.281, 476.580374471
46.4716, 476.579755280
47.6919, 476.579132753
48.9427, 476.578502270
50.2247, 476.577865969
51.5388, 476.577228682
52.8858, 476.576580295
54.2665, 476.575924512
55.6816, 476.575264610
57.1322, 476.574602232
58.619, 476.573924054
60.1429, 476.573248435
61.705, 476.572557973
63.3061, 476.571927687
64.9473, 476.571213503
66.6295, 476.570493985
68.3537, 476.569766033
70.1211, 476.569035382
71.9326, 476.568295341
73.7894, 476.567543951
75.6926, 476.566788720
77.6434, 476.566017440
79.643, 476.566563733
79.703, 476.566398722
79.7645, 476.566397407
79.8276, 476.566391119
79.8922, 476.566388154
79.9584, 476.566383202
80.0263, 476.566380266
80.0959, 476.566376347
80.1672, 476.566370783
80.2403, 476.566368173
80.3152, 476.566368866
80.3752, 476.566357983
80.4367, 476.566357577
80.4998, 476.566350368
80.5644, 476.566346723
80.6306, 476.566343308
80.6985, 476.566339783
80.7681, 476.566341155
80.8281, 476.566332199
80.8896, 476.566327451
80.9526, 476.566323592
81.0172, 476.566321391
81.0835, 476.566322786
81.1435, 476.566316008
81.205, 476.566311200
81.268, 476.566307058
81.3326, 476.566304779
81.3988, 476.566298004
81.4667, 476.566299019
81.5267, 476.566291092
81.5882, 476.566288839
81.6513, 476.566289371
81.7113, 476.566283384
81.7728, 476.566279420
81.8358, 476.566276745
81.9004, 476.566272986
81.9666, 476.566269838
82.0345, 476.566266496
82.1041, 476.566260937
82.1754, 476.566259063
82.2485, 476.566252058
82.3235, 476.566252250
82.3835, 476.566245642
82.445, 476.566242284
82.508, 476.566237848
82.5726, 476.566235405
82.6388, 476.566230687
82.7067, 476.566227351
82.7763, 476.566226247
82.8476, 476.566221980
82.9207, 476.566220160
82.9957, 476.566217558
83.0725, 476.566206301
83.1512, 476.566207821
83.2112, 476.566199049
83.2727, 476.566197496
83.3357, 476.566195719
83.4004, 476.566190785
83.4666, 476.566186996
83.5345, 476.566185446
83.604, 476.566183331
83.6754, 476.566178628
83.7485, 476.566175719
83.8234, 476.566171903
83.9002, 476.566164871
83.9789, 476.566160085
84.0596, 476.566160447
84.1196, 476.566152668
84.1811, 476.566147397
84.2442, 476.566147161
84.3088, 476.566146826
84.375, 476.566142240
84.4429, 476.566139025
84.5125, 476.566134380
84.5838, 476.566131833
84.6569, 476.566129804
84.7318, 476.566126491
84.8086, 476.566125035
84.8874, 476.566119490
84.9681, 476.566113978
85.0508, 476.566110273
85.1355, 476.566106391
85.2224, 476.566098630
85.3115, 476.566097241
85.4028, 476.566093222
85.4964, 476.566090777
85.5923, 476.566085020
85.6906, 476.566081730
85.7914, 476.566076561
85.8947, 476.566069036
86.0006, 476.566065675
86.1091, 476.566064109
86.2203, 476.566056638
86.3343, 476.566054885
86.4512, 476.566049749
86.571, 476.566042774
86.6938, 476.566040004
86.8196, 476.566031180
86.9486, 476.566026730
87.0809, 476.566021199
87.2164, 476.566018413
87.3553, 476.566009095
87.4977, 476.566006279
87.6437, 476.565998931
87.7933, 476.565991545
87.9466, 476.565987603
88.1038, 476.565981832
88.2649, 476.565974617
88.43, 476.565967328
88.5993, 476.565963046
88.7728, 476.565948848
88.9506, 476.565945674
89.1329, 476.565934028
89.3197, 476.565929151
89.5112, 476.565920620
89.7075, 476.565914987
89.9087, 476.565907570
90.1149, 476.565901470
90.3263, 476.565891352
90.543, 476.565883006
90.765, 476.565872915
90.9927, 476.565865878
91.226, 476.565856758
91.4652, 476.565849314
91.7103, 476.565841765
91.9616, 476.565829893
92.2191, 476.565819246
92.4831, 476.565811616
92.7537, 476.565797428
93.031, 476.565789021
93.3153, 476.565779131
93.6067, 476.565770864
93.9054, 476.565759081
94.2115, 476.565746798
94.5253, 476.565736756
94.847, 476.565725484
95.1767, 476.565717138
95.5146, 476.565702052
95.861, 476.565689110
96.216, 476.565677699
96.5799, 476.565666651
96.9529, 476.565649349
97.3353, 476.565635597
97.7271, 476.565625691
98.1288, 476.565609278
98.5406, 476.565596389
98.9626, 476.565584851
99.3952, 476.565568711
99.8386, 476.565554688
100.293, 476.565535697
100.759, 476.565519088
101.236, 476.565505697
101.726, 476.565489244
102.227, 476.565474817
102.742, 476.565459215
103.269, 476.565439367
103.809, 476.565420096
104.363, 476.565405852
104.93, 476.565383011
105.512, 476.565383048
105.572, 476.565268329
105.633, 476.565267679
105.696, 476.565264808
105.761, 476.565264107
105.827, 476.565261970
105.895, 476.565258499
105.965, 476.565258021
106.036, 476.565252413
106.109, 476.565252293
106.184, 476.565254447
106.244, 476.565244060
106.306, 476.565244283
106.366, 476.565241844
106.427, 476.565240711
106.49, 476.565235747
106.555, 476.565233538
106.621, 476.565234576
106.681, 476.565229583
106.743, 476.565229737
106.803, 476.565225854
106.864, 476.565225585
106.927, 476.565225727
106.987, 476.565219614
107.049, 476.565217042
107.112, 476.565217327
107.172, 476.565215164
107.233, 476.565211837
107.296, 476.565209531
107.361, 476.565208480
107.427, 476.565208528
107.487, 476.565203578
107.548, 476.565200360
107.612, 476.565199626
107.676, 476.565199666
107.736, 476.565193463
107.798, 476.565196616
107.858, 476.565192245
107.919, 476.565188620
107.982, 476.565189132
108.042, 476.565184887
108.104, 476.565183581
108.167, 476.565181833
108.231, 476.565179517
108.298, 476.565174570
108.365, 476.565176525
108.425, 476.565170525
108.487, 476.565171048
108.547, 476.565167010
108.608, 476.565169720
108.668, 476.565167784
108.73, 476.565163023
108.793, 476.565164173
108.853, 476.565156166
108.914, 476.565156506
108.974, 476.565155941
109.036, 476.565149475
109.099, 476.565147952
109.164, 476.565148378
109.224, 476.565144473
109.285, 476.565144642
109.345, 476.565142013
109.407, 476.565135739
109.47, 476.565137329
109.53, 476.565137390
109.59, 476.565131165
109.651, 476.565133001
109.711, 476.565129924
109.773, 476.565126794
109.836, 476.565125426
109.9, 476.565123438
109.967, 476.565121504
110.034, 476.565120616
110.104, 476.565115274
110.175, 476.565117864
110.235, 476.565109968
110.297, 476.565111399
110.357, 476.565108770
110.418, 476.565106273
110.481, 476.565107503
110.541, 476.565097985
110.603, 476.565097599
110.666, 476.565093951
110.731, 476.565095180
110.791, 476.565092844
110.852, 476.565094891
110.912, 476.565089403
110.974, 476.565088367
111.037, 476.565090354
111.097, 476.565086819
111.158, 476.565086090
111.221, 476.565079059
111.286, 476.565078132
111.352, 476.565079558
111.412, 476.565076991
111.473, 476.565072497
111.536, 476.565071024
111.601, 476.565065594
111.667, 476.565067108
111.727, 476.565063019
111.789, 476.565060229
111.852, 476.565062026
111.912, 476.565057601
111.973, 476.565051561
112.036, 476.565054147
112.096, 476.565052464
112.158, 476.565049090
112.221, 476.565047375
112.286, 476.565047178
112.352, 476.565044810
112.42, 476.565044014
112.489, 476.565043834
112.561, 476.565038557
112.634, 476.565036691
112.709, 476.565035812
112.785, 476.565033121
112.864, 476.565030304
112.945, 476.565026007
113.028, 476.565022673
113.112, 476.565020866
113.199, 476.565017704
113.288, 476.565019932
113.348, 476.565013627
113.41, 476.565009865
113.473, 476.565006660
113.537, 476.565005122
113.604, 476.565006669
113.664, 476.564999129
113.725, 476.564998507
113.788, 476.564996296
113.853, 476.564994995
113.919, 476.564992009
113.987, 476.564992368
114.047, 476.564987823
114.108, 476.564986590
114.171, 476.564987704
114.231, 476.564984412
114.293, 476.564982034
114.356, 476.564982006
114.421, 476.564979303
114.487, 476.564977361
114.555, 476.564976474
114.624, 476.564974181
114.696, 476.564969603
114.769, 476.564966769
114.844, 476.564966090
114.92, 476.564965788
114.999, 476.564965291
115.08, 476.564962050
115.163, 476.564958321
115.247, 476.564955037
115.334, 476.564953294
115.423, 476.564950413
115.515, 476.564949040
115.608, 476.564945745
115.704, 476.564940976
115.802, 476.564937092
115.903, 476.564936298
116.007, 476.564936080
116.112, 476.564932538
116.221, 476.564928952
116.332, 476.564926175
116.446, 476.564925054
116.563, 476.564921176
116.683, 476.564917022
116.806, 476.564914866
116.931, 476.564908964
117.06, 476.564907458
117.193, 476.564901917
117.328, 476.564898767
117.467, 476.564891576
117.61, 476.564891628
117.67, 476.564875399
117.731, 476.564875697
117.791, 476.564870628
117.853, 476.564874315
117.913, 476.564868860
117.974, 476.564865168
118.037, 476.564859663
118.102, 476.564859850
118.162, 476.564863129
118.222, 476.564857159
118.283, 476.564857933
118.343, 476.564854566
118.405, 476.564852022
118.468, 476.564851373
118.532, 476.564850281
118.599, 476.564849882
118.666, 476.564845040
118.736, 476.564845400
118.796, 476.564840838
118.858, 476.564838289
118.921, 476.564834766
118.985, 476.564834277
119.051, 476.564833341
119.119, 476.564831104
119.189, 476.564831121
119.249, 476.564829687
119.31, 476.564824734
119.373, 476.564822089
119.438, 476.564823315
119.498, 476.564817991
119.56, 476.564817591
119.623, 476.564817463
119.687, 476.564816817
119.753, 476.564815950
119.821, 476.564813178
119.891, 476.564810948
119.962, 476.564807236
120.035, 476.564807501
120.095, 476.564802425
120.157, 476.564802492
120.217, 476.564799130
120.278, 476.564797281
120.341, 476.564792014
120.406, 476.564793751
120.466, 476.564788640
120.527, 476.564786399
120.59, 476.564786952
120.65, 476.564787378
120.71, 476.564781047
120.772, 476.564783036
120.832, 476.564778541
120.893, 476.564776515
120.957, 476.564775666
121.021, 476.564773550
121.087, 476.564770389
121.155, 476.564769571
121.225, 476.564767993
121.296, 476.564769104
121.356, 476.564763229
121.418, 476.564761123
121.481, 476.564758885
121.545, 476.564762904
121.605, 476.564757332
121.667, 476.564752367
121.73, 476.564752001
121.794, 476.564750423
121.861, 476.564748248
121.929, 476.564747905
121.998, 476.564745912
122.069, 476.564743593
122.143, 476.564740898
122.218, 476.564741609
122.278, 476.564734371
122.339, 476.564735348
122.399, 476.564729646
122.461, 476.564732449
122.521, 476.564725288
122.582, 476.564722901
122.645, 476.564725910
122.705, 476.564723593
122.767, 476.564722264
122.83, 476.564718889
122.894, 476.564717142
122.96, 476.564716289
123.028, 476.564715410
123.098, 476.564712180
123.169, 476.564709208
123.242, 476.564707022
123.317, 476.564706595
123.394, 476.564702622
123.473, 476.564703225
123.533, 476.564701636
123.594, 476.564697141
123.657, 476.564697048
123.722, 476.564696151
123.788, 476.564688548
123.856, 476.564692115
123.916, 476.564690648
123.978, 476.564684357
124.041, 476.564683086
124.105, 476.564677999
124.171, 476.564678861
124.231, 476.564679053
124.291, 476.564675829
124.353, 476.564671802
124.416, 476.564673545
124.476, 476.564666526
124.537, 476.564667974
124.597, 476.564669382
124.657, 476.564666458
124.719, 476.564659082
124.782, 476.564656721
124.847, 476.564661510
124.907, 476.564657696
124.968, 476.564658736
125.028, 476.564656768
125.09, 476.564653843
125.153, 476.564651174
125.217, 476.564646647
125.284, 476.564644760
125.351, 476.564643662
125.421, 476.564644232
125.481, 476.564643695
125.542, 476.564636378
125.606, 476.564635045
125.67, 476.564634458
125.736, 476.564634987
125.796, 476.564633976
125.858, 476.564626081
125.921, 476.564629721
125.981, 476.564627042
126.042, 476.564623099
126.105, 476.564619362
126.17, 476.564620920
126.23, 476.564615707
126.292, 476.564618449
126.352, 476.564615380
126.413, 476.564615065
126.476, 476.564614151
126.541, 476.564608337
126.607, 476.564609320
126.667, 476.564607966
126.728, 476.564604671
126.791, 476.564601005
126.856, 476.564598545
126.922, 476.564595489
126.99, 476.564596007
127.05, 476.564593529
127.112, 476.564590603
127.175, 476.564593910
127.235, 476.564586198
127.296, 476.564587662
127.356, 476.564583213
127.418, 476.564585203
127.478, 476.564581738
127.539, 476.564579097
127.602, 476.564578187
127.667, 476.564575755
127.733, 476.564574221
127.801, 476.564576499
127.861, 476.564569675
127.922, 476.564569689
127.982, 476.564564926
128.044, 476.564563605
128.107, 476.564561915
128.172, 476.564557652
128.238, 476.564560624
128.298, 476.564555916
128.359, 476.564552291
128.422, 476.564556614
128.482, 476.564549000
128.544, 476.564549463
128.604, 476.564548387
128.665, 476.564544236
128.728, 476.564542272
128.793, 476.564543028
128.853, 476.564537783
128.915, 476.564539299
128.975, 476.564536025
129.036, 476.564538561
129.096, 476.564534645
129.158, 476.564532309
129.221, 476.564532693
129.281, 476.564527936
129.342, 476.564525418
129.405, 476.564527777
129.465, 476.564523366
129.527, 476.564519795
129.59, 476.564520056
129.65, 476.564517765
129.711, 476.564514797
129.774, 476.564517194
129.834, 476.564513724
129.896, 476.564508947
129.959, 476.564508909
130.023, 476.564504281
130.09, 476.564504794
130.15, 476.564504417
130.211, 476.564501859
130.274, 476.564499148
130.339, 476.564497115
130.405, 476.564491398
130.473, 476.564497062
130.533, 476.564491985
130.594, 476.564487493
130.657, 476.564489785
130.717, 476.564486674
130.779, 476.564487863
130.839, 476.564484274
130.9, 476.564481510
130.963, 476.564479201
131.028, 476.564476883
131.094, 476.564475470
131.162, 476.564473724
131.232, 476.564471884
131.303, 476.564469088
131.376, 476.564469476
131.436, 476.564464104
131.498, 476.564468350
131.558, 476.564461316
131.619, 476.564459888
131.682, 476.564460964
131.742, 476.564457043
131.804, 476.564456129
131.867, 476.564452990
131.931, 476.564448949
131.998, 476.564446017
132.065, 476.564449349
132.125, 476.564443948
132.187, 476.564445141
132.247, 476.564444205
132.308, 476.564441436
132.371, 476.564436731
132.436, 476.564437691
132.496, 476.564436314
132.558, 476.564434835
132.621, 476.564430507
132.685, 476.564430366
132.751, 476.564427691
132.819, 476.564425042
132.889, 476.564423618
132.96, 476.564422272
133.033, 476.564418020
133.108, 476.564420432
133.168, 476.564416126
133.23, 476.564411442
133.293, 476.564412177
133.353, 476.564410188
133.414, 476.564411171
133.474, 476.564406089
133.536, 476.564407363
133.596, 476.564402726
133.657, 476.564403020
133.717, 476.564398047
133.779, 476.564400805
133.839, 476.564392122
133.9, 476.564394887
133.96, 476.564394537
134.022, 476.564391087
134.085, 476.564391553
134.145, 476.564387310
134.206, 476.564388198
134.266, 476.564385119
134.328, 476.564384453
134.391, 476.564377659
134.456, 476.564381579
134.516, 476.564377064
134.577, 476.564374106
134.64, 476.564373206
134.705, 476.564368185
134.771, 476.564370341
134.831, 476.564366439
134.892, 476.564367062
134.952, 476.564365739
135.014, 476.564363597
135.077, 476.564360418
135.142, 476.564358312
135.208, 476.564354364
135.276, 476.564356522
135.336, 476.564349110
135.397, 476.564351256
135.457, 476.564350731
135.519, 476.564349272
135.582, 476.564347815
135.646, 476.564344361
135.713, 476.564343747
135.78, 476.564340418
135.85, 476.564343123
135.91, 476.564335935
135.972, 476.564338999
136.032, 476.564335510
136.093, 476.564331691
136.156, 476.564331210
136.221, 476.564328355
136.287, 476.564326108
136.355, 476.564325085
136.424, 476.564320247
136.496, 476.564320594
136.556, 476.564316918
136.617, 476.564318170
136.677, 476.564314105
136.739, 476.564314130
136.799, 476.564313125
136.86, 476.564311301
136.923, 476.564309096
136.988, 476.564307824
137.054, 476.564307741
137.122, 476.564303669
137.192, 476.564302688
137.263, 476.564302993
137.323, 476.564293752
137.384, 476.564296371
137.444, 476.564294429
137.506, 476.564292166
137.569, 476.564291716
137.634, 476.564286744
137.7, 476.564287558
137.76, 476.564280864
137.821, 476.564282267
137.881, 476.564281631
137.943, 476.564278118
138.006, 476.564281651
138.066, 476.564275661
138.127, 476.564274074
138.19, 476.564272426
138.255, 476.564269953
138.321, 476.564271846
138.381, 476.564270208
138.443, 476.564269826
138.506, 476.564264177
138.57, 476.564263321
138.637, 476.564262307
138.704, 476.564259196
138.774, 476.564256644
138.845, 476.564255912
138.918, 476.564255235
138.993, 476.564254438
139.07, 476.564250244
139.149, 476.564246539
139.23, 476.564244348
139.312, 476.564245922
139.372, 476.564240665
139.434, 476.564236119
139.497, 476.564235957
139.561, 476.564235136
139.628, 476.564235719
139.688, 476.564230643
139.749, 476.564230397
139.812, 476.564229511
139.877, 476.564222730
139.943, 476.564225056
140.003, 476.564221376
140.065, 476.564219710
140.128, 476.564220824
140.188, 476.564216253
140.249, 476.564208606
140.312, 476.564214511
140.372, 476.564214965
140.432, 476.564207542
140.494, 476.564210200
140.554, 476.564209405
140.615, 476.564206424
140.678, 476.564202347
140.743, 476.564201076
140.809, 476.564198367
140.877, 476.564198283
140.946, 476.564198048
141.018, 476.564194829
141.091, 476.564190050
141.166, 476.564193659
141.226, 476.564185916
141.287, 476.564184051
141.35, 476.564185406
141.41, 476.564184381
141.472, 476.564184184
141.535, 476.564182706
141.6, 476.564178716
141.666, 476.564178570
141.734, 476.564170667
141.803, 476.564171025
141.863, 476.564169253
141.925, 476.564168172
141.988, 476.564165472
142.052, 476.564166196
142.112, 476.564163931
142.174, 476.564158852
142.237, 476.564161851
142.297, 476.564155752
142.358, 476.564152835
142.421, 476.564154404
142.481, 476.564152078
142.543, 476.564151862
142.606, 476.564150885
142.671, 476.564148383
142.737, 476.564146754
142.805, 476.564145374
142.874, 476.564140669
142.946, 476.564142509
143.006, 476.564136564
143.067, 476.564136427
143.13, 476.564137601
143.19, 476.564134109
143.252, 476.564131164
143.315, 476.564126401
143.379, 476.564126064
143.446, 476.564126523
143.506, 476.564123835
143.567, 476.564123081
143.63, 476.564117611
143.695, 476.564120004
143.755, 476.564118029
143.816, 476.564113337
143.879, 476.564116369
143.939, 476.564111176
144.001, 476.564107864
144.064, 476.564109865
144.124, 476.564103995
144.185, 476.564104147
144.245, 476.564102442
144.307, 476.564103566
144.367, 476.564101269
144.428, 476.564098093
144.491, 476.564096708
144.556, 476.564093252
144.622, 476.564096069
144.682, 476.564089666
144.744, 476.564089644
144.807, 476.564086375
144.871, 476.564089176
144.931, 476.564083387
144.993, 476.564085020
145.053, 476.564080045
145.114, 476.564081329
145.174, 476.564078670
145.236, 476.564077725
145.299, 476.564074832
145.363, 476.564071512
145.43, 476.564070241
145.498, 476.564068556
145.567, 476.564068480
145.638, 476.564067502
145.712, 476.564064589
145.786, 476.564060026
145.863, 476.564057559
145.942, 476.564059189
146.002, 476.564055172
146.064, 476.564055057
146.127, 476.564050726
146.191, 476.564046677
146.257, 476.564051814
146.317, 476.564044357
146.379, 476.564044145
146.442, 476.564047512
146.502, 476.564042260
146.563, 476.564040896
146.626, 476.564036917
146.691, 476.564036816
146.757, 476.564032600
146.825, 476.564033890
146.885, 476.564029181
146.947, 476.564027067
147.01, 476.564029629
147.07, 476.564024021
147.131, 476.564023599
147.194, 476.564025800
147.254, 476.564021003
147.316, 476.564018346
147.379, 476.564018466
147.439, 476.564012556
147.5, 476.564013249
147.56, 476.564012893
147.622, 476.564010564
147.685, 476.564009135
147.749, 476.564006706
147.816, 476.564003691
147.884, 476.564004913
147.944, 476.564002680
148.005, 476.563998201
148.068, 476.563995333
148.133, 476.563999392
148.193, 476.563993416
148.254, 476.563994316
148.314, 476.563991067
148.376, 476.563987223
148.439, 476.563989150
148.499, 476.563985104
148.56, 476.563986200
148.62, 476.563985473
148.682, 476.563981198
148.745, 476.563977848
148.809, 476.563975503
148.876, 476.563974930
148.944, 476.563978184
149.004, 476.563971167
149.065, 476.563973470
149.125, 476.563969700
149.187, 476.563969740
149.247, 476.563966995
149.308, 476.563964366
149.371, 476.563961897
149.436, 476.563959197
149.502, 476.563959082
149.57, 476.563958047
149.639, 476.563955951
149.711, 476.563953689
149.784, 476.563951346
149.859, 476.563949106
149.936, 476.563949154
149.996, 476.563943216
150.057, 476.563942572
150.12, 476.563939804
150.185, 476.563939137
150.251, 476.563935170
150.319, 476.563935194
150.379, 476.563934635
150.44, 476.563931180
150.503, 476.563931296
150.563, 476.563930756
150.625, 476.563928149
150.688, 476.563926091
150.752, 476.563923658
150.819, 476.563923485
150.887, 476.563919032
150.956, 476.563917983
151.028, 476.563914833
151.101, 476.563913676
151.176, 476.563914003
151.236, 476.563913079
151.297, 476.563907740
151.36, 476.563907759
151.42, 476.563905895
151.482, 476.563904348
151.545, 476.563904216
151.609, 476.563900782
151.675, 476.563899612
151.743, 476.563894947
151.813, 476.563898246
151.873, 476.563889711
151.934, 476.563894593
151.994, 476.563894490
152.056, 476.563889500
152.119, 476.563887287
152.184, 476.563885970
152.25, 476.563886544
152.31, 476.563881000
152.371, 476.563880987
152.434, 476.563881472
152.494, 476.563878661
152.556, 476.563874882
152.619, 476.563875276
152.679, 476.563868700
152.74, 476.563869867
152.8, 476.563869639
152.862, 476.563868244
152.925, 476.563868413
152.985, 476.563867514
153.046, 476.563860974
153.109, 476.563860279
153.174, 476.563857328
153.24, 476.563858957
153.3, 476.563853449
153.362, 476.563853182
153.425, 476.563853486
153.485, 476.563849241
153.546, 476.563852064
153.606, 476.563847757
153.668, 476.563845305
153.731, 476.563845066
153.795, 476.563843245
153.862, 476.563841534
153.93, 476.563839662
153.999, 476.563836351
154.07, 476.563834958
154.144, 476.563833073
154.219, 476.563832849
154.295, 476.563827461
154.374, 476.563828810
154.434, 476.563820577
154.496, 476.563823584
154.556, 476.563815712
154.617, 476.563820408
154.677, 476.563815173
154.739, 476.563813829
154.802, 476.563814275
154.862, 476.563809447
154.923, 476.563810458
154.983, 476.563806832
155.045, 476.563808513
155.105, 476.563803788
155.166, 476.563807902
155.226, 476.563804496
155.288, 476.563799066
155.351, 476.563800055
155.411, 476.563795261
155.472, 476.563799505
155.532, 476.563789794
155.594, 476.563791971
155.654, 476.563788381
155.715, 476.563787431
155.778, 476.563787967
155.838, 476.563785921
155.9, 476.563782834
155.963, 476.563781942
156.027, 476.563777044
156.094, 476.563783191
156.154, 476.563774673
156.215, 476.563776498
156.275, 476.563772158
156.337, 476.563771654
156.4, 476.563766393
156.464, 476.563764669
156.53, 476.563767616
156.59, 476.563764167
156.652, 476.563765559
156.712, 476.563763412
156.773, 476.563762760
156.836, 476.563761203
156.901, 476.563758893
156.967, 476.563754133
157.035, 476.563751525
157.105, 476.563752588
157.165, 476.563749164
157.226, 476.563745763
157.289, 476.563752716
157.349, 476.563744517
157.411, 476.563743789
157.474, 476.563742883
157.538, 476.563736291
157.605, 476.563737162
157.665, 476.563737666
157.725, 476.563733224
157.786, 476.563728875
157.849, 476.563730033
157.909, 476.563727918
157.971, 476.563731251
158.031, 476.563728001
158.092, 476.563725206
158.155, 476.563725460
158.215, 476.563719236
158.277, 476.563717283
158.34, 476.563718068
158.4, 476.563713394
158.461, 476.563716138
158.521, 476.563713184
158.583, 476.563712802
158.646, 476.563711839
158.71, 476.563708652
158.777, 476.563709013
158.837, 476.563705388
158.898, 476.563701891
158.961, 476.563702313
159.021, 476.563697278
159.083, 476.563696075
159.146, 476.563699280
159.206, 476.563696628
159.267, 476.563696562
159.33, 476.563691973
159.395, 476.563689252
159.461, 476.563691289
159.521, 476.563685278
159.583, 476.563685168
159.646, 476.563684962
159.71, 476.563680639
159.777, 476.563678541
159.844, 476.563677115
159.914, 476.563676745
159.985, 476.563674465
160.058, 476.563671023
160.133, 476.563668135
160.21, 476.563667285
160.289, 476.563668801
160.349, 476.563664357
160.41, 476.563661117
160.473, 476.563660261
160.538, 476.563661757
160.598, 476.563659166
160.66, 476.563657890
160.723, 476.563655632
160.787, 476.563655137
160.853, 476.563650686
160.921, 476.563648601
160.991, 476.563651672
161.051, 476.563643370
161.112, 476.563640532
161.175, 476.563641961
161.235, 476.563639297
161.297, 476.563640174
161.357, 476.563633898
161.418, 476.563634535
161.478, 476.563633118
161.54, 476.563632190
161.603, 476.563631749
161.668, 476.563629838
161.734, 476.563623366
161.802, 476.563621930
161.871, 476.563621853
161.943, 476.563622252
162.003, 476.563619649
162.064, 476.563618951
162.127, 476.563618895
162.192, 476.563614568
162.258, 476.563614987
162.318, 476.563609558
162.379, 476.563607914
162.442, 476.563606493
162.507, 476.563607801
162.567, 476.563601553
162.629, 476.563604119
162.689, 476.563600172
162.75, 476.563600155
162.813, 476.563599623
162.878, 476.563593551
162.944, 476.563588421
163.012, 476.563592588
163.072, 476.563587910
163.133, 476.563588792
163.193, 476.563588233
163.255, 476.563586796
163.318, 476.563582220
163.383, 476.563582424
163.443, 476.563579400
163.504, 476.563576222
163.567, 476.563574866
163.632, 476.563580442
163.692, 476.563577611
163.753, 476.563573425
163.816, 476.563568298
163.881, 476.563568069
163.947, 476.563570260
164.007, 476.563568637
164.069, 476.563564403
164.132, 476.563565550
164.192, 476.563562808
164.253, 476.563558425
164.316, 476.563562331
164.376, 476.563556033
164.438, 476.563551494
164.501, 476.563552685
164.561, 476.563547976
164.622, 476.563547292
164.685, 476.563547095
164.75, 476.563546929
164.816, 476.563548343
164.876, 476.563542047
164.938, 476.563541119
165.001, 476.563539977
165.065, 476.563535189
165.131, 476.563536588
165.191, 476.563535107
165.253, 476.563533471
165.316, 476.563530465
165.381, 476.563526174
165.447, 476.563526736
165.507, 476.563525232
165.568, 476.563523452
165.631, 476.563524793
165.691, 476.563517931
165.753, 476.563516538
165.816, 476.563516524
165.88, 476.563515458
165.947, 476.563514678
166.015, 476.563515927
166.075, 476.563510422
166.136, 476.563511063
166.196, 476.563506466
166.258, 476.563506037
166.321, 476.563505871
166.385, 476.563501425
166.451, 476.563499503
166.519, 476.563501706
166.579, 476.563497264
166.641, 476.563497533
166.701, 476.563495469
166.762, 476.563487815
166.825, 476.563487971
166.885, 476.563488086
166.945, 476.563483651
167.007, 476.563485293
167.067, 476.563486040
167.127, 476.563482085
167.188, 476.563483120
167.248, 476.563478555
167.31, 476.563477778
167.373, 476.563477814
167.433, 476.563473458
167.494, 476.563469695
167.557, 476.563471850
167.617, 476.563468588
167.679, 476.563468406
167.742, 476.563469382
167.802, 476.563466862
167.864, 476.563462499
167.927, 476.563461041
167.991, 476.563459706
168.057, 476.563459454
168.125, 476.563457011
168.195, 476.563453544
168.266, 476.563449829
168.339, 476.563450088
168.399, 476.563448481
168.461, 476.563444493
168.524, 476.563445341
168.584, 476.563443071
168.645, 476.563440008
168.708, 476.563439884
168.773, 476.563439932
168.833, 476.563439486
168.894, 476.563438342
168.958, 476.563435277
169.022, 476.563430387
169.088, 476.563429359
169.156, 476.563424144
169.226, 476.563426930
169.286, 476.563424002
169.347, 476.563424842
169.407, 476.563420374
169.469, 476.563421169
169.529, 476.563414979
169.59, 476.563418399
169.65, 476.563415156
169.712, 476.563412334
169.775, 476.563413897
169.835, 476.563414098
169.895, 476.563408386
169.956, 476.563405506
170.019, 476.563408011
170.079, 476.563403292
170.141, 476.563404418
170.201, 476.563399885
170.262, 476.563399955
170.322, 476.563398464
170.384, 476.563391669
170.447, 476.563394459
170.507, 476.563390160
170.568, 476.563393755
170.628, 476.563389233
170.69, 476.563388230
170.753, 476.563389932
170.813, 476.563383404
170.874, 476.563381316
170.938, 476.563381928
170.998, 476.563378119
171.059, 476.563377045
171.122, 476.563377477
171.182, 476.563371396
171.244, 476.563371927
171.304, 476.563368064
171.365, 476.563372091
171.425, 476.563364913
171.487, 476.563368496
171.547, 476.563363574
171.608, 476.563366533
171.668, 476.563361239
171.73, 476.563363544
171.79, 476.563360758
171.851, 476.563357384
171.914, 476.563354714
171.979, 476.563351678
172.045, 476.563350256
172.113, 476.563351671
172.173, 476.563347493
172.234, 476.563347274
172.297, 476.563346684
172.362, 476.563343653
172.428, 476.563341032
172.496, 476.563341674
172.556, 476.563339022
172.618, 476.563338134
172.681, 476.563331601
172.745, 476.563331265
172.811, 476.563335297
172.871, 476.563326277
172.933, 476.563330008
172.993, 476.563325414
173.054, 476.563324832
173.117, 476.563320594
173.182, 476.563322982
173.242, 476.563316739
173.304, 476.563319334
173.364, 476.563316502
173.425, 476.563316780
173.485, 476.563310836
173.547, 476.563313005
173.607, 476.563309180
173.668, 476.563305901
173.731, 476.563307050
173.791, 476.563304556
173.853, 476.563302675
173.916, 476.563305719
173.976, 476.563298143
174.037, 476.563300644
174.097, 476.563299237
174.159, 476.563295879
174.222, 476.563293355
174.286, 476.563292355
174.353, 476.563288947
174.42, 476.563289184
174.48, 476.563284987
174.542, 476.563285019
174.602, 476.563282872
174.663, 476.563281463
174.726, 476.563283634
174.786, 476.563281167
174.848, 476.563274421
174.911, 476.563277642
174.971, 476.563276153
175.033, 476.563274080
175.096, 476.563274702
175.156, 476.563267792
175.217, 476.563266909
175.28, 476.563268322
175.34, 476.563261384
175.402, 476.563262353
175.462, 476.563263988
175.522, 476.563259601
175.583, 476.563259023
175.646, 476.563254609
175.711, 476.563252376
175.777, 476.563253813
175.837, 476.563251271
175.898, 476.563251656
175.958, 476.563246220
176.02, 476.563249133
176.08, 476.563245361
176.141, 476.563246423
176.201, 476.563240695
176.263, 476.563238265
176.326, 476.563238229
176.391, 476.563238782
176.451, 476.563231691
176.512, 476.563234587
176.572, 476.563229278
176.634, 476.563227920
176.697, 476.563226382
176.761, 476.563224463
176.828, 476.563227180
176.888, 476.563225197
176.949, 476.563224079
177.012, 476.563221839
177.077, 476.563218885
177.143, 476.563214827
177.211, 476.563216432
177.271, 476.563212955
177.332, 476.563212740
177.395, 476.563213653
177.455, 476.563209803
177.517, 476.563207008
177.58, 476.563205489
177.644, 476.563201595
177.711, 476.563203758
177.771, 476.563200197
177.832, 476.563197458
177.895, 476.563194586
177.96, 476.563192415
178.026, 476.563192025
178.094, 476.563192930
178.154, 476.563189209
178.215, 476.563184986
178.278, 476.563187205
178.338, 476.563185685
178.4, 476.563186175
178.46, 476.563184129
178.521, 476.563179670
178.585, 476.563180254
178.645, 476.563177150
178.706, 476.563179047
178.766, 476.563171860
178.828, 476.563169347
178.891, 476.563172677
178.951, 476.563167350
179.012, 476.563168421
179.072, 476.563165074
179.134, 476.563165821
179.194, 476.563164348
179.255, 476.563162742
179.318, 476.563159880
179.383, 476.563156132
179.449, 476.563159949
179.509, 476.563152988
179.57, 476.563155390
179.63, 476.563153109
179.692, 476.563152301
179.755, 476.563146449
179.82, 476.563147662
179.88, 476.563141723
179.941, 476.563142785
180.001, 476.563142248
180.063, 476.563144947
180.123, 476.563138488
180.184, 476.563136105
180.247, 476.563136790
180.307, 476.563135177
180.369, 476.563133636
180.432, 476.563130296
180.496, 476.563131166
180.556, 476.563126372
180.618, 476.563125604
180.681, 476.563122684
180.745, 476.563121134
180.812, 476.563123080
180.872, 476.563120134
180.933, 476.563117481
180.996, 476.563115835
181.061, 476.563114782
181.127, 476.563112574
181.195, 476.563113223
181.255, 476.563107365
181.316, 476.563108016
181.376, 476.563103739
181.438, 476.563101676
181.501, 476.563101007
181.566, 476.563101335
181.626, 476.563097303
181.687, 476.563098651
181.747, 476.563093250
181.809, 476.563095073
181.869, 476.563092912
181.93, 476.563093579
181.99, 476.563086643
182.052, 476.563086161
182.115, 476.563084159
182.179, 476.563083593
182.245, 476.563082989
182.313, 476.563083463
182.373, 476.563078109
182.435, 476.563077754
182.498, 476.563074399
182.562, 476.563073387
182.629, 476.563070825
182.697, 476.563071348
182.757, 476.563071337
182.818, 476.563073119
182.878, 476.563066573
182.94, 476.563065794
183.003, 476.563065887
183.063, 476.563058158
183.124, 476.563060279
183.184, 476.563056328
183.246, 476.563056373
183.306, 476.563054386
183.367, 476.563053771
183.43, 476.563053494
183.495, 476.563052584
183.561, 476.563048151
183.629, 476.563046531
183.698, 476.563042805
183.77, 476.563045132
183.83, 476.563039316
183.891, 476.563039206
183.954, 476.563038835
184.019, 476.563040039
184.079, 476.563036580
184.14, 476.563032950
184.204, 476.563029283
184.268, 476.563031695
184.328, 476.563027974
184.39, 476.563027940
184.453, 476.563025532
184.517, 476.563019679
184.583, 476.563022719
184.643, 476.563019398
184.705, 476.563018803
184.768, 476.563015675
184.833, 476.563014520
184.899, 476.563015057
184.959, 476.563011277
185.02, 476.563011202
185.083, 476.563008752
185.148, 476.563004584
185.214, 476.563007398
185.274, 476.563000015
185.336, 476.563002368
185.396, 476.562999500
185.457, 476.562998553
185.52, 476.562998602
185.58, 476.562999134
185.64, 476.562993481
185.702, 476.562994336
185.762, 476.562990830
185.823, 476.562992614
185.883, 476.562986073
185.945, 476.562986780
186.005, 476.562985960
186.066, 476.562982761
186.129, 476.562983478
186.189, 476.562977155
186.251, 476.562978804
186.311, 476.562978159
186.372, 476.562975262
186.435, 476.562975480
186.495, 476.562972923
186.557, 476.562969368
186.62, 476.562967506
186.685, 476.562964496
186.751, 476.562968347
186.811, 476.562963818
186.872, 476.562964004
186.932, 476.562965075
186.992, 476.562958626
187.054, 476.562956414
187.117, 476.562958434
187.177, 476.562955811
187.238, 476.562956233
187.298, 476.562948666
187.36, 476.562948465
187.423, 476.562947325
187.487, 476.562946747
187.554, 476.562941054
187.622, 476.562942294
187.682, 476.562939449
187.743, 476.562941362
187.803, 476.562936784
187.865, 476.562935074
187.928, 476.562934334
187.992, 476.562932707
188.058, 476.562932346
188.126, 476.562925579
188.196, 476.562924077
188.267, 476.562922580
188.34, 476.562921849
188.415, 476.562923147
188.475, 476.562921611
188.537, 476.562919231
188.6, 476.562916126
188.664, 476.562915574
188.731, 476.562913686
188.799, 476.562915086
188.859, 476.562904886
188.92, 476.562908654
188.98, 476.562904338
189.042, 476.562906391
189.102, 476.562900898
189.163, 476.562904261
189.223, 476.562899477
189.285, 476.562899173
189.348, 476.562901302
189.408, 476.562892048
189.469, 476.562892282
189.529, 476.562894864
189.589, 476.562888944
189.651, 476.562889111
189.711, 476.562884203
189.772, 476.562890978
189.832, 476.562884236
189.894, 476.562881651
189.957, 476.562880478
190.021, 476.562880659
190.081, 476.562872811
190.143, 476.562877412
190.203, 476.562874352
190.264, 476.562870397
190.327, 476.562872378
190.387, 476.562869918
190.449, 476.562868409
190.512, 476.562870734
190.572, 476.562863995
190.633, 476.562862122
190.696, 476.562860835
190.761, 476.562855843
190.827, 476.562860490
190.887, 476.562856408
190.949, 476.562857276
191.009, 476.562851632
191.07, 476.562853005
191.13, 476.562849642
191.192, 476.562853078
191.252, 476.562847681
191.313, 476.562847799
191.373, 476.562847480
191.435, 476.562847310
191.498, 476.562840312
191.562, 476.562841064
191.622, 476.562838864
191.684, 476.562837796
191.747, 476.562836431
191.811, 476.562833373
191.878, 476.562829484
191.946, 476.562830729
192.006, 476.562823092
192.067, 476.562829431
192.127, 476.562824756
192.189, 476.562823959
192.252, 476.562820190
192.316, 476.562820558
192.376, 476.562819021
192.438, 476.562819698
192.498, 476.562816326
192.559, 476.562814782
192.622, 476.562811164
192.687, 476.562807724
192.753, 476.562807458
192.821, 476.562804681
192.891, 476.562804036
192.962, 476.562805379
193.022, 476.562800255
193.083, 476.562802534
193.143, 476.562797566
193.205, 476.562793406
193.268, 476.562797649
193.328, 476.562794163
193.389, 476.562793456
193.452, 476.562790079
193.517, 476.562788756
193.583, 476.562790113
193.643, 476.562781374
193.705, 476.562777978
193.768, 476.562781402
193.828, 476.562777383
193.889, 476.562776719
193.952, 476.562779964
194.012, 476.562775814
194.074, 476.562775034
194.137, 476.562772184
194.202, 476.562772357
194.262, 476.562767064
194.323, 476.562766225
194.386, 476.562765519
194.451, 476.562763415
194.517, 476.562762151
194.585, 476.562761950
194.654, 476.562760476
194.726, 476.562756049
194.799, 476.562753323
194.874, 476.562750596
194.951, 476.562750256
195.029, 476.562741972
195.11, 476.562751101
195.17, 476.562744298
195.231, 476.562743356
195.295, 476.562742109
195.359, 476.562737943
195.425, 476.562736741
195.493, 476.562737421
195.553, 476.562737295
195.615, 476.562732543
195.678, 476.562731673
195.742, 476.562733239
195.802, 476.562726865
195.864, 476.562725655
195.927, 476.562726548
195.987, 476.562724686
196.048, 476.562722879
196.111, 476.562722943
196.171, 476.562716490
196.233, 476.562717366
196.293, 476.562713718
196.354, 476.562714358
196.414, 476.562711280
196.476, 476.562717210
196.536, 476.562711968
196.597, 476.562710073
196.66, 476.562706303
196.725, 476.562705966
196.791, 476.562704604
196.859, 476.562699744
196.929, 476.562700297
196.989, 476.562697047
197.05, 476.562698519
197.11, 476.562694652
197.172, 476.562693171
197.235, 476.562692062
197.299, 476.562691965
197.366, 476.562688451
197.434, 476.562687101
197.503, 476.562681643
197.574, 476.562683761
197.634, 476.562678491
197.696, 476.562682057
197.756, 476.562677941
197.817, 476.562678565
197.877, 476.562671858
197.939, 476.562674327
197.999, 476.562667973
198.06, 476.562670944
198.12, 476.562669792
198.182, 476.562667906
198.245, 476.562663834
198.31, 476.562664941
198.37, 476.562665658
198.43, 476.562661198
198.491, 476.562657700
198.554, 476.562654677
198.619, 476.562656877
198.679, 476.562653115
198.74, 476.562650684
198.803, 476.562652486
198.863, 476.562648315
198.925, 476.562649765
198.985, 476.562647625
199.046, 476.562644719
199.109, 476.562644063
199.174, 476.562640132
199.24, 476.562643491
199.3, 476.562637735
199.362, 476.562635740
199.425, 476.562633636
199.489, 476.562634048
199.549, 476.562633134
199.611, 476.562629575
199.674, 476.562629818
199.734, 476.562626463
199.795, 476.562625366
199.858, 476.562626200
199.918, 476.562619711
199.98, 476.562618640
200.043, 476.562620580
200.103, 476.562615269
200.164, 476.562619205
200.224, 476.562612928
200.286, 476.562612053
200.349, 476.562608617
200.414, 476.562612518
200.474, 476.562608791
200.535, 476.562607428
200.598, 476.562605918
200.663, 476.562602766
200.729, 476.562600086
200.797, 476.562599280
200.866, 476.562596782
200.938, 476.562597701
200.998, 476.562591121
201.059, 476.562590344
201.122, 476.562592951
201.182, 476.562589741
201.244, 476.562588196
201.307, 476.562583197
201.371, 476.562581341
201.438, 476.562583014
201.498, 476.562581041
201.559, 476.562577777
201.622, 476.562577652
201.687, 476.562577745
201.747, 476.562579021
201.807, 476.562573021
201.868, 476.562571859
201.931, 476.562571386
201.996, 476.562569481
202.062, 476.562568647
202.13, 476.562564464
202.2, 476.562563798
202.271, 476.562565016
202.331, 476.562560317
202.393, 476.562557749
202.456, 476.562555954
202.52, 476.562552451
202.586, 476.562552839
202.646, 476.562547698
202.708, 476.562550360
202.768, 476.562551210
202.828, 476.562547782
202.889, 476.562545769
202.952, 476.562544373
203.017, 476.562540339
203.083, 476.562542473
203.143, 476.562538469
203.205, 476.562536074
203.268, 476.562536839
203.328, 476.562534134
203.389, 476.562532190
203.452, 476.562531117
203.517, 476.562528466
203.583, 476.562533463
203.643, 476.562526456
203.705, 476.562524857
203.768, 476.562526680
203.828, 476.562523551
203.889, 476.562519931
203.952, 476.562520108
204.012, 476.562516863
204.074, 476.562514407
204.137, 476.562514025
204.201, 476.562512692
204.268, 476.562508373
204.336, 476.562512255
204.396, 476.562502431
204.457, 476.562508353
204.517, 476.562502422
204.579, 476.562498818
204.642, 476.562500219
204.702, 476.562499367
204.763, 476.562496270
204.826, 476.562496825
204.886, 476.562494280
204.948, 476.562488576
205.011, 476.562490019
205.071, 476.562487707
205.132, 476.562490110
205.192, 476.562489487
205.254, 476.562488001
205.317, 476.562481369
205.381, 476.562479273
205.448, 476.562480045
205.508, 476.562480598
205.568, 476.562477388
205.629, 476.562474502
205.692, 476.562471996
205.757, 476.562473084
205.817, 476.562470009
205.878, 476.562468230
205.941, 476.562467366
206.006, 476.562466043
206.072, 476.562466823
206.132, 476.562460678
206.194, 476.562457064
206.257, 476.562462430
206.317, 476.562455878
206.378, 476.562456233
206.438, 476.562454245
206.5, 476.562450867
206.563, 476.562451530
206.623, 476.562453055
206.683, 476.562444387
206.744, 476.562444526
206.804, 476.562448437
206.864, 476.562443548
206.926, 476.562442674
206.989, 476.562442238
207.053, 476.562440504
207.119, 476.562437308
207.187, 476.562436521
207.257, 476.562432584
207.328, 476.562427973
207.401, 476.562427959
207.476, 476.562430739
207.536, 476.562427685
207.598, 476.562423756
207.661, 476.562422955
207.725, 476.562417929
207.792, 476.562420281
207.852, 476.562415745
207.913, 476.562413879
207.976, 476.562412230
208.041, 476.562410819
208.107, 476.562411064
208.167, 476.562412621
208.227, 476.562404462
208.289, 476.562409320
208.349, 476.562406379
208.41, 476.562404389
208.473, 476.562399917
208.538, 476.562399761
208.604, 476.562398296
208.672, 476.562400421
208.732, 476.562396125
208.793, 476.562394001
208.856, 476.562391129
208.921, 476.562388168
208.987, 476.562387745
209.055, 476.562386442
209.125, 476.562388812
209.185, 476.562386543
209.246, 476.562382123
209.309, 476.562379901
209.374, 476.562380256
209.434, 476.562377166
209.495, 476.562375190
209.558, 476.562371810
209.623, 476.562372076
209.683, 476.562371704
209.744, 476.562366555
209.808, 476.562367565
209.868, 476.562364529
209.929, 476.562366930
209.989, 476.562361456
210.051, 476.562361064
210.114, 476.562360937
210.178, 476.562361392
210.238, 476.562357698
210.3, 476.562353855
210.363, 476.562351517
210.427, 476.562350114
210.494, 476.562352237
210.554, 476.562346289
210.615, 476.562346759
210.675, 476.562344557
210.737, 476.562343206
210.8, 476.562345738
210.86, 476.562337564
210.921, 476.562337751
210.981, 476.562338845
211.041, 476.562336861
211.103, 476.562333107
211.166, 476.562333692
211.226, 476.562329599
211.287, 476.562327836
211.35, 476.562327201
211.415, 476.562324371
211.481, 476.562324312
211.549, 476.562323677
211.618, 476.562319707
211.69, 476.562318016
211.763, 476.562318640
211.823, 476.562315841
211.884, 476.562317346
211.944, 476.562313286
212.006, 476.562314668
212.066, 476.562308821
212.127, 476.562310363
212.187, 476.562306096
212.249, 476.562305891
212.312, 476.562301151
212.377, 476.562304013
212.437, 476.562298927
212.498, 476.562301256
212.558, 476.562296905
212.62, 476.562295955
212.683, 476.562291748
212.747, 476.562292473
212.807, 476.562290529
212.869, 476.562285311
212.932, 476.562288857
212.992, 476.562283643
213.053, 476.562283884
213.113, 476.562284956
213.173, 476.562283072
213.235, 476.562279020
213.298, 476.562280727
213.358, 476.562278201
213.419, 476.562275729
213.482, 476.562276249
213.542, 476.562270781
213.604, 476.562271738
213.664, 476.562269944
213.725, 476.562270464
213.785, 476.562265657
213.847, 476.562261741
213.91, 476.562260472
213.974, 476.562260835
214.034, 476.562257104
214.096, 476.562258405
214.156, 476.562255324
214.217, 476.562255438
214.277, 476.562252689
214.339, 476.562255060
214.399, 476.562252429
214.46, 476.562252471
214.52, 476.562245589
214.582, 476.562242897
214.645, 476.562247315
214.705, 476.562243258
214.767, 476.562238895
214.83, 476.562241764
214.89, 476.562238666
214.951, 476.562235241
215.014, 476.562236428
215.074, 476.562227984
215.136, 476.562230431
215.196, 476.562232261
215.256, 476.562227262
215.317, 476.562226013
215.38, 476.562225573
215.445, 476.562221052
215.511, 476.562219289
215.579, 476.562219388
215.639, 476.562215156
215.7, 476.562214409
215.763, 476.562215194
215.823, 476.562214002
215.885, 476.562213589
215.948, 476.562211657
216.013, 476.562212767
216.073, 476.562203375
216.134, 476.562206083
216.194, 476.562203144
216.256, 476.562200487
216.319, 476.562199907
216.383, 476.562201772
216.443, 476.562198548
216.505, 476.562196646
216.568, 476.562195699
216.632, 476.562195332
216.699, 476.562192631
216.766, 476.562192585
216.836, 476.562188016
216.907, 476.562183674
216.98, 476.562184216
217.04, 476.562177950
217.102, 476.562179118
217.162, 476.562176872
217.223, 476.562177314
217.283, 476.562171669
217.345, 476.562173607
217.405, 476.562170858
217.466, 476.562171795
217.526, 476.562171227
217.588, 476.562166520
217.651, 476.562165847
217.716, 476.562162756
217.782, 476.562162856
217.842, 476.562160939
217.903, 476.562159652
217.966, 476.562159764
218.026, 476.562156363
218.088, 476.562154707
218.151, 476.562154008
218.216, 476.562152393
218.282, 476.562152669
218.342, 476.562145754
218.403, 476.562146210
218.463, 476.562144179
218.525, 476.562143816
218.588, 476.562143747
218.652, 476.562141711
218.719, 476.562142297
218.779, 476.562133580
218.84, 476.562138704
218.9, 476.562133388
218.962, 476.562127799
219.025, 476.562133224
219.085, 476.562127845
219.146, 476.562128124
219.206, 476.562121580
219.268, 476.562124813
219.328, 476.562122730
219.389, 476.562123378
219.449, 476.562117685
219.511, 476.562119142
219.571, 476.562116819
219.632, 476.562115469
219.695, 476.562115335
219.76, 476.562113078
219.826, 476.562114099
219.886, 476.562107790
219.948, 476.562106966
220.011, 476.562104353
220.075, 476.562105088
220.135, 476.562103187
220.197, 476.562099053
220.26, 476.562099545
220.32, 476.562096980
220.381, 476.562097158
220.441, 476.562095564
220.503, 476.562093807
220.566, 476.562093258
220.63, 476.562090037
220.697, 476.562089569
220.765, 476.562088370
220.834, 476.562087061
220.905, 476.562084432
220.979, 476.562085055
221.039, 476.562075244
221.1, 476.562077559
221.16, 476.562075732
221.222, 476.562072322
221.285, 476.562074318
221.345, 476.562070524
221.406, 476.562069897
221.469, 476.562069619
221.534, 476.562067672
221.6, 476.562064029
221.668, 476.562062010
221.737, 476.562062617
221.797, 476.562061102
221.859, 476.562061852
221.919, 476.562060642
221.98, 476.562055172
222.043, 476.562054991
222.108, 476.562049474
222.174, 476.562049548
222.234, 476.562046176
222.296, 476.562047666
222.356, 476.562044280
222.417, 476.562046610
222.477, 476.562040946
222.539, 476.562042691
222.599, 476.562041950
222.66, 476.562035866
222.723, 476.562040144
222.783, 476.562034754
222.845, 476.562031696
222.908, 476.562035398
222.968, 476.562029079
223.029, 476.562028867
223.092, 476.562025690
223.157, 476.562026596
223.217, 476.562020750
223.279, 476.562023640
223.339, 476.562023629
223.4, 476.562019253
223.463, 476.562016242
223.528, 476.562015436
223.594, 476.562020094
223.654, 476.562013959
223.715, 476.562011025
223.778, 476.562006907
223.843, 476.562007903
223.903, 476.562004942
223.965, 476.562008669
224.025, 476.562004557
224.086, 476.562004810
224.146, 476.562000009
224.208, 476.561997857
224.271, 476.561997402
224.335, 476.561996829
224.401, 476.561996377
224.469, 476.561991222
224.539, 476.561992387
224.599, 476.561989314
224.66, 476.561989686
224.72, 476.561987873
224.782, 476.561986048
224.845, 476.561982022
224.91, 476.561980195
224.976, 476.561985117
225.036, 476.561978354
225.097, 476.561977491
225.16, 476.561971808
225.225, 476.561969618
225.291, 476.561967145
225.359, 476.561967126
225.429, 476.561969821
225.489, 476.561968618
225.55, 476.561964656
225.613, 476.561963561
225.678, 476.561965997
225.738, 476.561959119
225.799, 476.561961867
225.859, 476.561958998
225.921, 476.561952195
225.984, 476.561950991
226.048, 476.561951912
226.108, 476.561948423
226.17, 476.561950098
226.23, 476.561944522
226.291, 476.561948266
226.351, 476.561945239
226.413, 476.561945700
226.473, 476.561939728
226.534, 476.561939503
226.597, 476.561940638
226.657, 476.561937398
226.719, 476.561934268
226.782, 476.561933630
226.847, 476.561930441
226.913, 476.561931822
226.973, 476.561925363
227.034, 476.561929112
227.094, 476.561925492
227.156, 476.561924327
227.219, 476.561921375
227.283, 476.561922243
227.343, 476.561920342
227.405, 476.561917285
227.468, 476.561917023
227.533, 476.561916067
227.599, 476.561912020
227.667, 476.561909692
227.736, 476.561909127
227.808, 476.561909252
227.868, 476.561905678
227.929, 476.561903747
227.992, 476.561906007
228.052, 476.561901715
228.114, 476.561899311
228.177, 476.561898418
228.241, 476.561894532
228.308, 476.561897555
228.368, 476.561893990
228.429, 476.561892814
228.492, 476.561890004
228.557, 476.561887729
228.623, 476.561889514
228.683, 476.561885143
228.744, 476.561883508
228.807, 476.561882038
228.872, 476.561881145
228.938, 476.561880111
229.006, 476.561877001
229.076, 476.561873502
229.147, 476.561872691
229.22, 476.561872893
229.28, 476.561867864
229.342, 476.561868318
229.402, 476.561866208
229.463, 476.561864572
229.526, 476.561863047
229.591, 476.561862447
229.657, 476.561862274
229.725, 476.561857932
229.795, 476.561860325
229.855, 476.561858383
229.916, 476.561854524
229.979, 476.561852136
230.044, 476.561848737
230.11, 476.561848294
230.178, 476.561847816
230.247, 476.561847899
230.307, 476.561846183
230.369, 476.561841666
230.432, 476.561845745
230.492, 476.561838307
230.553, 476.561839349
230.613, 476.561833929
230.675, 476.561838782
230.735, 476.561835327
230.796, 476.561832704
230.859, 476.561829602
230.924, 476.561825622
230.99, 476.561824535
231.058, 476.561826788
231.118, 476.561823867
231.18, 476.561821013
231.243, 476.561819936
231.307, 476.561818087
231.374, 476.561817918
231.441, 476.561812089
231.511, 476.561812091
231.571, 476.561813485
231.631, 476.561809490
231.693, 476.561809727
231.753, 476.561805525
231.814, 476.561803809
231.877, 476.561808763
231.937, 476.561801381
231.999, 476.561796109
232.062, 476.561801753
232.122, 476.561798681
232.183, 476.561796374
232.246, 476.561796233
232.311, 476.561793552
232.377, 476.561792003
232.445, 476.561788837
232.514, 476.561787761
232.586, 476.561786063
232.659, 476.561786237
232.719, 476.561780221
232.78, 476.561778857
232.843, 476.561779809
232.903, 476.561775944
232.965, 476.561772731
233.028, 476.561775320
233.088, 476.561770861
233.149, 476.561771103
233.209, 476.561770671
233.271, 476.561767647
233.334, 476.561766246
233.399, 476.561762925
233.465, 476.561762932
233.525, 476.561764546
233.585, 476.561757875
233.646, 476.561760918
233.706, 476.561761780
233.766, 476.561756401
233.828, 476.561754042
233.891, 476.561751702
233.955, 476.561754800
234.015, 476.561749187
234.077, 476.561748702
234.14, 476.561748479
234.205, 476.561744077
234.271, 476.561745482
234.331, 476.561744389
234.392, 476.561740231
234.455, 476.561739686
234.52, 476.561737130
234.586, 476.561738607
234.646, 476.561732142
234.708, 476.561734182
234.768, 476.561728789
234.829, 476.561731400
234.889, 476.561728759
234.951, 476.561726411
235.014, 476.561727725
235.074, 476.561720359
235.135, 476.561721472
235.195, 476.561720692
235.257, 476.561716155
235.32, 476.561716489
235.38, 476.561716854
235.44, 476.561712593
235.501, 476.561711250
235.564, 476.561713243
235.624, 476.561707037
235.686, 476.561709505
235.746, 476.561708065
235.807, 476.561705245
235.87, 476.561702848
235.935, 476.561700223
236.001, 476.561702031
236.061, 476.561701249
236.123, 476.561700152
236.186, 476.561695315
236.25, 476.561696537
236.31, 476.561691431
236.372, 476.561690260
236.435, 476.561690201
236.5, 476.561682460
236.566, 476.561685293
236.626, 476.561683896
236.687, 476.561683475
236.75, 476.561677207
236.815, 476.561680283
236.875, 476.561678064
236.936, 476.561681031
236.996, 476.561677666
237.058, 476.561672993
237.121, 476.561672303
237.186, 476.561669763
237.252, 476.561666457
237.32, 476.561665707
237.389, 476.561667229
237.449, 476.561665348
237.511, 476.561662569
237.574, 476.561660527
237.638, 476.561655530
237.705, 476.561657154
237.765, 476.561654957
237.826, 476.561653642
237.889, 476.561653314
237.954, 476.561650851
238.02, 476.561651256
238.08, 476.561644694
238.142, 476.561647115
238.202, 476.561643783
238.263, 476.561640955
238.326, 476.561644600
238.386, 476.561640260
238.448, 476.561635416
238.511, 476.561638111
238.571, 476.561636625
238.632, 476.561633920
238.695, 476.561630421
238.76, 476.561629995
238.826, 476.561626804
238.894, 476.561626948
238.954, 476.561625481
239.015, 476.561626034
239.075, 476.561627511
239.135, 476.561619422
239.197, 476.561620205
239.257, 476.561618823
239.318, 476.561615764
239.381, 476.561616692
239.441, 476.561611152
239.503, 476.561609632
239.566, 476.561612551
239.626, 476.561606477
239.687, 476.561602562
239.75, 476.561602739
239.81, 476.561602342
239.872, 476.561601875
239.935, 476.561600897
240, 476.561595300
240.066, 476.561595892
240.126, 476.561593790
240.187, 476.561593745
240.25, 476.561592171
240.315, 476.561589817
240.381, 476.561587075
240.449, 476.561589575
240.509, 476.561587395
240.571, 476.561584473
240.634, 476.561583437
240.698, 476.561580393
240.765, 476.561581048
240.825, 476.561576847
240.886, 476.561575414
240.949, 476.561577404
241.009, 476.561573207
241.071, 476.561575603
241.131, 476.561571096
241.192, 476.561566481
241.255, 476.561567522
241.315, 476.561564511
241.377, 476.561562140
241.44, 476.561562980
241.5, 476.561559523
241.561, 476.561563272
241.621, 476.561556757
241.683, 476.561555064
241.746, 476.561555750
241.806, 476.561552892
241.867, 476.561551105
241.93, 476.561549917
241.995, 476.561547628
242.061, 476.561547358
242.129, 476.561544484
242.199, 476.561543227
242.27, 476.561540259
242.343, 476.561538936
242.418, 476.561532580
242.495, 476.561536157
242.555, 476.561534187
242.616, 476.561528923
242.679, 476.561531258
242.739, 476.561529420
242.801, 476.561526405
242.864, 476.561526904
242.924, 476.561522180
242.985, 476.561523689
243.045, 476.561523058
243.107, 476.561518816
243.17, 476.561518073
243.234, 476.561516749
243.301, 476.561516009
243.369, 476.561516851
243.429, 476.561511333
243.49, 476.561513468
243.55, 476.561508389
243.612, 476.561507828
243.675, 476.561506437
243.739, 476.561505020
243.805, 476.561504678
243.873, 476.561498555
243.943, 476.561497639
244.014, 476.561498589
244.074, 476.561494453
244.136, 476.561496722
244.196, 476.561490723
244.257, 476.561488318
244.32, 476.561488676
244.38, 476.561487073
244.442, 476.561486136
244.505, 476.561484315
244.569, 476.561483843
244.636, 476.561482793
244.703, 476.561481063
244.773, 476.561480238
244.844, 476.561479822
244.917, 476.561474464
244.992, 476.561474223
245.069, 476.561471052
245.148, 476.561473115
245.208, 476.561466583
245.269, 476.561466675
245.329, 476.561462974
245.391, 476.561462020
245.454, 476.561461351
245.519, 476.561455864
245.585, 476.561455190
245.653, 476.561455774
245.713, 476.561454192
245.774, 476.561453774
245.837, 476.561454751
245.897, 476.561449363
245.959, 476.561449426
246.019, 476.561448042
246.08, 476.561446935
246.143, 476.561442932
246.208, 476.561445316
246.268, 476.561442054
246.329, 476.561439423
246.392, 476.561436033
246.457, 476.561434235
246.523, 476.561431514
246.591, 476.561434207
246.651, 476.561428918
246.713, 476.561428156
246.776, 476.561429621
246.836, 476.561423042
246.897, 476.561423786
246.957, 476.561419958
247.019, 476.561419896
247.082, 476.561418187
247.146, 476.561421929
247.206, 476.561419290
247.268, 476.561413662
247.331, 476.561414134
247.391, 476.561408659
247.452, 476.561410909
247.512, 476.561408125
247.574, 476.561405076
247.637, 476.561405900
247.697, 476.561407101
247.757, 476.561404312
247.818, 476.561403473
247.881, 476.561402101
247.946, 476.561398391
248.012, 476.561394582
248.08, 476.561396330
248.14, 476.561389157
248.202, 476.561389593
248.262, 476.561389053
248.323, 476.561387443
248.386, 476.561386526
248.451, 476.561383600
248.517, 476.561382832
248.585, 476.561382927
248.645, 476.561376601
248.706, 476.561377291
248.766, 476.561375347
248.828, 476.561375471
248.888, 476.561375572
248.948, 476.561376648
249.008, 476.561372945
249.069, 476.561370320
249.132, 476.561368580
249.197, 476.561366874
249.263, 476.561366667
249.331, 476.561366230
249.401, 476.561361927
249.472, 476.561358104
249.545, 476.561355431
249.62, 476.561355986
249.68, 476.561354950
249.742, 476.561352679
249.805, 476.561350735
249.869, 476.561347495
249.936, 476.561346707
250.003, 476.561345070
250.073, 476.561348625
250.133, 476.561345691
250.195, 476.561343477
250.258, 476.561342548
250.322, 476.561337768
250.388, 476.561337406
250.456, 476.561335537
250.526, 476.561335166
250.597, 476.561329587
250.67, 476.561330265
250.73, 476.561325874
250.792, 476.561331317
250.852, 476.561323201
250.913, 476.561323208
250.973, 476.561321814
251.035, 476.561320037
251.098, 476.561317409
251.162, 476.561319351
251.222, 476.561313743
251.284, 476.561313602
251.347, 476.561313748
251.407, 476.561311337
251.468, 476.561306514
251.532, 476.561309189
251.592, 476.561304243
251.653, 476.561305748
251.713, 476.561298911
251.775, 476.561302709
251.835, 476.561301181
251.896, 476.561297087
251.959, 476.561298013
252.019, 476.561297026
252.081, 476.561293276
252.144, 476.561294258
252.204, 476.561290718
252.265, 476.561290621
252.328, 476.561288133
252.393, 476.561287298
252.459, 476.561288079
252.519, 476.561281347
252.58, 476.561277076
252.643, 476.561283651
252.703, 476.561277741
252.765, 476.561274900
252.828, 476.561276183
252.888, 476.561269643
252.95, 476.561270369
253.01, 476.561271406
253.07, 476.561267421
253.131, 476.561267996
253.191, 476.561264672
253.253, 476.561266375
253.313, 476.561263349
253.374, 476.561261181
253.437, 476.561257862
253.502, 476.561258440
253.562, 476.561253686
253.623, 476.561256425
253.683, 476.561250570
253.745, 476.561249765
253.808, 476.561252414
253.868, 476.561243383
253.929, 476.561244627
253.989, 476.561245856
254.049, 476.561241691
254.111, 476.561243429
254.171, 476.561242500
254.232, 476.561239835
254.295, 476.561238980
254.36, 476.561236305
254.426, 476.561237806
254.486, 476.561232944
254.548, 476.561234721
254.608, 476.561227610
254.669, 476.561228884
254.729, 476.561227071
254.791, 476.561227529
254.851, 476.561222877
254.912, 476.561225394
254.972, 476.561218642
255.034, 476.561220676
255.094, 476.561215919
255.155, 476.561217510
255.215, 476.561218242
255.275, 476.561212560
255.337, 476.561210270
255.4, 476.561212255
255.46, 476.561212231
255.521, 476.561207906
255.584, 476.561208881
255.644, 476.561204266
255.706, 476.561199400
255.769, 476.561202122
255.829, 476.561200595
255.89, 476.561198898
255.953, 476.561194978
256.018, 476.561193919
256.084, 476.561194166
256.144, 476.561192812
256.206, 476.561189468
256.269, 476.561186338
256.333, 476.561188756
256.393, 476.561183507
256.455, 476.561185196
256.515, 476.561180193
256.576, 476.561182319
256.636, 476.561177485
256.698, 476.561178835
256.758, 476.561175319
256.819, 476.561174970
256.882, 476.561173418
256.947, 476.561172089
257.013, 476.561168119
257.081, 476.561168037
257.151, 476.561167041
257.222, 476.561166072
257.295, 476.561164695
257.37, 476.561159760
257.447, 476.561157558
257.525, 476.561158725
257.585, 476.561153256
257.647, 476.561159232
257.707, 476.561153171
257.768, 476.561154337
257.828, 476.561147169
257.89, 476.561148648
257.95, 476.561146366
258.011, 476.561146379
258.071, 476.561143403
258.133, 476.561142008
258.196, 476.561139592
258.261, 476.561140189
258.321, 476.561141668
258.381, 476.561134873
258.442, 476.561132746
258.505, 476.561136909
258.565, 476.561127185
258.627, 476.561127448
258.687, 476.561124289
258.748, 476.561127378
258.808, 476.561123374
258.87, 476.561126634
258.93, 476.561123428
258.991, 476.561121740
259.054, 476.561122864
259.114, 476.561117248
259.176, 476.561116423
259.239, 476.561115845
259.303, 476.561111565
259.37, 476.561109950
259.437, 476.561107801
259.507, 476.561107135
259.578, 476.561106846
259.651, 476.561104989
259.726, 476.561103702
259.803, 476.561104453
259.863, 476.561095855
259.925, 476.561096396
259.985, 476.561096289
260.046, 476.561095247
260.109, 476.561092810
260.174, 476.561090572
260.24, 476.561087480
260.308, 476.561087445
260.378, 476.561085629
260.449, 476.561085693
260.509, 476.561083216
260.57, 476.561084658
260.63, 476.561081076
260.692, 476.561073962
260.755, 476.561079266
260.815, 476.561075061
260.876, 476.561074872
260.939, 476.561073803
261.004, 476.561073853
261.064, 476.561066705
261.126, 476.561067578
261.186, 476.561067118
261.247, 476.561066667
261.31, 476.561065479
261.375, 476.561061796
261.441, 476.561062686
261.501, 476.561061334
261.562, 476.561055567
261.625, 476.561056461
261.685, 476.561048999
261.747, 476.561051563
261.807, 476.561050966
261.868, 476.561049428
261.932, 476.561045587
261.996, 476.561044737
262.062, 476.561041598
262.13, 476.561044715
262.19, 476.561043013
262.252, 476.561038355
262.315, 476.561041361
262.375, 476.561034580
262.436, 476.561031286
262.499, 476.561030364
262.564, 476.561029659
262.63, 476.561032275
262.69, 476.561027079
262.752, 476.561026391
262.815, 476.561021460
262.879, 476.561022472
262.939, 476.561021400
263.001, 476.561020744
263.064, 476.561017266
263.128, 476.561019009
263.188, 476.561013231
263.25, 476.561014669
263.31, 476.561007860
263.371, 476.561008827
263.431, 476.561006140
263.493, 476.561007166
263.553, 476.561007268
263.613, 476.561003539
263.674, 476.561003985
263.734, 476.561001027
263.796, 476.561005551
263.856, 476.560999610
263.917, 476.560998061
263.981, 476.561001851
264.041, 476.560993093
264.102, 476.560994587
264.162, 476.560992239
264.224, 476.560988381
264.287, 476.560989306
264.347, 476.560983263
264.408, 476.560983814
264.468, 476.560982748
264.53, 476.560978525
264.593, 476.560982613
264.653, 476.560975855
264.714, 476.560979572
264.774, 476.560974691
264.836, 476.560972110
264.899, 476.560970879
264.963, 476.560966679
265.029, 476.560969312
265.089, 476.560968340
265.151, 476.560969486
265.211, 476.560963195
265.272, 476.560965823
265.332, 476.560962711
265.394, 476.560961673
265.457, 476.560960855
265.522, 476.560960136
265.588, 476.560959459
265.656, 476.560954236
265.725, 476.560954358
265.785, 476.560953169
265.847, 476.560948826
265.91, 476.560948492
265.974, 476.560946747
266.041, 476.560946782
266.101, 476.560939847
266.162, 476.560938871
266.225, 476.560939186
266.285, 476.560937630
266.347, 476.560940025
266.407, 476.560934772
266.468, 476.560934765
266.531, 476.560933789
266.596, 476.560931224
266.662, 476.560925754
266.73, 476.560931296
266.79, 476.560925510
266.851, 476.560924838
266.915, 476.560924114
266.979, 476.560921073
267.045, 476.560916655
267.113, 476.560914847
267.183, 476.560916601
267.243, 476.560912712
267.304, 476.560914155
267.364, 476.560907687
267.426, 476.560905801
267.489, 476.560906155
267.549, 476.560906540
267.609, 476.560902306
267.67, 476.560906675
267.73, 476.560901596
267.792, 476.560902342
267.852, 476.560899908
267.913, 476.560898556
267.976, 476.560896777
268.041, 476.560890095
268.107, 476.560890675
268.167, 476.560891757
268.227, 476.560888165
268.289, 476.560886354
268.352, 476.560887261
268.412, 476.560884493
268.473, 476.560885510
268.533, 476.560880569
268.595, 476.560883651
268.655, 476.560876787
268.716, 476.560874903
268.779, 476.560876881
268.839, 476.560870322
268.901, 476.560873887
268.961, 476.560870182
269.022, 476.560869631
269.085, 476.560867107
269.15, 476.560870094
269.21, 476.560865039
269.271, 476.560866229
269.331, 476.560861282
269.393, 476.560860052
269.456, 476.560859271
269.521, 476.560858635
269.587, 476.560856107
269.655, 476.560855773
269.724, 476.560854238
269.796, 476.560850188
269.869, 476.560850253
269.929, 476.560847433
269.99, 476.560843458
270.053, 476.560846193
270.113, 476.560844269
270.175, 476.560842540
270.238, 476.560840160
270.302, 476.560840565
270.362, 476.560834713
270.424, 476.560831730
270.487, 476.560837861
270.547, 476.560832048
270.608, 476.560828685
270.672, 476.560829434
270.732, 476.560828503
270.793, 476.560824315
270.856, 476.560824078
270.921, 476.560822785
270.987, 476.560821732
271.055, 476.560817589
271.124, 476.560820488
271.184, 476.560814879
271.246, 476.560813515
271.309, 476.560816832
271.369, 476.560810675
271.43, 476.560810525
271.493, 476.560808554
271.558, 476.560808635
271.618, 476.560803516
271.68, 476.560805216
271.74, 476.560801367
271.801, 476.560803093
271.861, 476.560798767
271.923, 476.560798166
271.986, 476.560795794
272.05, 476.560794799
272.116, 476.560793511
272.184, 476.560789168
272.254, 476.560789775
272.314, 476.560786925
272.375, 476.560785750
272.438, 476.560784833
272.503, 476.560782708
272.569, 476.560781905
272.637, 476.560783766
272.697, 476.560779690
272.759, 476.560776543
272.822, 476.560775507
272.886, 476.560777022
272.946, 476.560770775
273.008, 476.560771338
273.068, 476.560769479
273.129, 476.560768901
273.192, 476.560767292
273.257, 476.560767188
273.323, 476.560762005
273.391, 476.560759907
273.461, 476.560757463
273.532, 476.560761489
273.592, 476.560753775
273.653, 476.560752378
273.717, 476.560756910
273.777, 476.560750232
273.838, 476.560747744
273.901, 476.560748847
273.961, 476.560742909
274.023, 476.560747018
274.083, 476.560744070
274.144, 476.560741337
274.207, 476.560743307
274.267, 476.560737887
274.329, 476.560735893
274.392, 476.560739712
274.452, 476.560731730
274.513, 476.560731351
274.576, 476.560731802
274.636, 476.560730052
274.698, 476.560730209
274.758, 476.560729563
274.819, 476.560727414
274.882, 476.560722462
274.947, 476.560724319
275.007, 476.560716278
275.068, 476.560715662
275.131, 476.560719581
275.191, 476.560721075
275.251, 476.560714726
275.313, 476.560716841
275.373, 476.560713280
275.434, 476.560711598
275.497, 476.560709013
275.562, 476.560707416
275.628, 476.560704736
275.696, 476.560704964
275.756, 476.560703232
275.818, 476.560698414
275.881, 476.560701480
275.941, 476.560698403
276.002, 476.560695001
276.065, 476.560692541
276.13, 476.560695018
276.19, 476.560692440
276.251, 476.560692529
276.311, 476.560691764
276.373, 476.560690121
276.436, 476.560687786
276.5, 476.560685331
276.567, 476.560677692
276.635, 476.560683475
276.695, 476.560682047
276.756, 476.560677826
276.819, 476.560675205
276.884, 476.560673983
276.95, 476.560674601
277.01, 476.560669350
277.071, 476.560669539
277.131, 476.560668346
277.193, 476.560667372
277.256, 476.560666002
277.321, 476.560662586
277.387, 476.560663086
277.447, 476.560658711
277.508, 476.560657297
277.571, 476.560655933
277.636, 476.560655200
277.702, 476.560654756
277.77, 476.560652112
277.84, 476.560652178
277.9, 476.560648370
277.961, 476.560648159
278.024, 476.560645585
278.089, 476.560643565
278.155, 476.560639965
278.223, 476.560643374
278.283, 476.560638079
278.344, 476.560636684
278.407, 476.560638097
278.467, 476.560633847
278.529, 476.560634066
278.589, 476.560630998
278.65, 476.560632935
278.71, 476.560629470
278.772, 476.560626198
278.835, 476.560624786
278.9, 476.560621726
278.966, 476.560620718
279.034, 476.560620017
279.103, 476.560615394
279.175, 476.560620148
279.235, 476.560615321
279.296, 476.560613678
279.359, 476.560613103
279.424, 476.560611670
279.49, 476.560608534
279.558, 476.560605430
279.627, 476.560608615
279.687, 476.560598584
279.749, 476.560601763
279.809, 476.560601464
279.87, 476.560601628
279.93, 476.560598462
279.992, 476.560597380
280.055, 476.560596221
280.12, 476.560593330
280.186, 476.560591449
280.254, 476.560591636
280.314, 476.560588794
280.375, 476.560589820
280.435, 476.560585542
280.497, 476.560582822
280.56, 476.560585363
280.62, 476.560581356
280.681, 476.560581906
280.741, 476.560574038
280.803, 476.560575201
280.863, 476.560576090
280.923, 476.560570069
280.984, 476.560574204
281.044, 476.560568184
281.106, 476.560571525
281.166, 476.560567091
281.227, 476.560567015
281.29, 476.560567246
281.35, 476.560562934
281.412, 476.560560591
281.475, 476.560563611
281.535, 476.560563287
281.596, 476.560559321
281.659, 476.560557635
281.724, 476.560555220
281.79, 476.560552122
281.858, 476.560553176
281.918, 476.560548242
281.98, 476.560548448
282.04, 476.560543657
282.101, 476.560542725
282.164, 476.560544894
282.224, 476.560542232
282.286, 476.560541047
282.349, 476.560543838
282.409, 476.560536531
282.47, 476.560534227
282.533, 476.560531534
282.598, 476.560532157
282.658, 476.560526958
282.719, 476.560528741
282.779, 476.560529469
282.839, 476.560527117
282.901, 476.560522162
282.964, 476.560523807
283.024, 476.560522857
283.085, 476.560522379
283.148, 476.560519653
283.213, 476.560520964
283.273, 476.560515017
283.335, 476.560512695
283.398, 476.560517322
283.458, 476.560511250
283.519, 476.560509866
283.582, 476.560511114
283.642, 476.560507449
283.704, 476.560504159
283.767, 476.560505207
283.827, 476.560502850
283.888, 476.560501042
283.951, 476.560498226
284.016, 476.560498800
284.076, 476.560494729
284.137, 476.560494064
284.2, 476.560496630
284.26, 476.560489135
284.322, 476.560486687
284.385, 476.560487504
284.445, 476.560484604
284.506, 476.560487033
284.566, 476.560483405
284.628, 476.560478332
284.691, 476.560481006
284.751, 476.560479436
284.812, 476.560478769
284.875, 476.560476760
284.94, 476.560472760
285.006, 476.560470427
285.074, 476.560472565
285.134, 476.560469938
285.196, 476.560466068
285.259, 476.560465981
285.323, 476.560464349
285.39, 476.560459359
285.457, 476.560462134
285.517, 476.560461528
285.579, 476.560458430
285.642, 476.560459102
285.702, 476.560452806
285.763, 476.560452775
285.827, 476.560453450
285.887, 476.560445516
285.948, 476.560448956
286.008, 476.560448209
286.07, 476.560449581
286.13, 476.560445082
286.191, 476.560445242
286.251, 476.560440346
286.313, 476.560438123
286.376, 476.560439438
286.436, 476.560436392
286.497, 476.560436795
286.557, 476.560432797
286.619, 476.560432670
286.682, 476.560432529
286.746, 476.560431722
286.812, 476.560428712
286.88, 476.560425764
286.95, 476.560423345
287.021, 476.560423684
287.081, 476.560418077
287.143, 476.560418056
287.206, 476.560421511
287.266, 476.560417800
287.327, 476.560415611
287.39, 476.560414097
287.455, 476.560414527
287.515, 476.560408876
287.576, 476.560410700
287.636, 476.560407298
287.698, 476.560406677
287.761, 476.560402564
287.826, 476.560402581
287.886, 476.560400308
287.947, 476.560398782
288.01, 476.560400495
288.07, 476.560394764
288.132, 476.560401126
288.192, 476.560394597
288.253, 476.560394926
288.313, 476.560391031
288.375, 476.560390997
288.438, 476.560386213
288.502, 476.560384133
288.568, 476.560383831
288.636, 476.560385274
288.696, 476.560381324
288.758, 476.560377290
288.821, 476.560376828
288.886, 476.560376492
288.952, 476.560376238
289.02, 476.560374241
289.089, 476.560370922
289.161, 476.560368671
289.234, 476.560367359
289.309, 476.560366324
289.385, 476.560361796
289.464, 476.560365616
289.524, 476.560361407
289.586, 476.560360582
289.649, 476.560354519
289.713, 476.560353325
289.779, 476.560354784
289.839, 476.560351613
289.901, 476.560350167
289.964, 476.560347941
290.029, 476.560349017
290.089, 476.560347505
290.15, 476.560344927
290.213, 476.560346838
290.273, 476.560341967
290.335, 476.560337670
290.398, 476.560337379
290.462, 476.560337284
290.529, 476.560335290
290.596, 476.560338194
290.656, 476.560334199
290.718, 476.560330423
290.781, 476.560328710
290.846, 476.560330051
290.906, 476.560325897
290.967, 476.560328663
291.027, 476.560320853
291.089, 476.560325362
291.149, 476.560324478
291.21, 476.560316111
291.273, 476.560319121
291.333, 476.560316198
291.395, 476.560317891
291.455, 476.560312556
291.516, 476.560313083
291.576, 476.560310228
291.638, 476.560307450
291.701, 476.560306412
291.765, 476.560306079
291.831, 476.560303241
291.899, 476.560305138
291.959, 476.560300219
292.021, 476.560298224
292.084, 476.560298015
292.149, 476.560292813
292.215, 476.560295572
292.275, 476.560295110
292.336, 476.560295080
292.399, 476.560295744
292.459, 476.560285632
292.521, 476.560287475
292.581, 476.560285283
292.642, 476.560285357
292.702, 476.560283440
292.764, 476.560282960
292.827, 476.560279785
292.891, 476.560275166
292.958, 476.560276015
293.018, 476.560275689
293.079, 476.560274150
293.142, 476.560273956
293.207, 476.560269373
293.273, 476.560267334
293.341, 476.560268186
293.401, 476.560265816
293.462, 476.560261938
293.525, 476.560260791
293.59, 476.560256682
293.656, 476.560262685
293.716, 476.560253905
293.778, 476.560252362
293.841, 476.560255311
293.901, 476.560253778
293.962, 476.560248581
294.025, 476.560250056
294.085, 476.560248026
294.147, 476.560247836
294.21, 476.560245314
294.275, 476.560248306
294.335, 476.560245607
294.396, 476.560239573
294.459, 476.560239726
294.519, 476.560235693
294.581, 476.560236815
294.641, 476.560235297
294.702, 476.560237607
294.762, 476.560231119
294.824, 476.560229313
294.887, 476.560228162
294.951, 476.560229281
295.011, 476.560226806
295.073, 476.560226228
295.136, 476.560218992
295.2, 476.560219813
295.26, 476.560216510
295.322, 476.560215968
295.385, 476.560218801
295.445, 476.560215808
295.506, 476.560211127
295.569, 476.560210608
295.634, 476.560206531
295.7, 476.560207733
295.76, 476.560204324
295.822, 476.560202517
295.885, 476.560202957
295.945, 476.560200803
296.006, 476.560198342
296.069, 476.560200242
296.129, 476.560197792
296.191, 476.560195635
296.254, 476.560193337
296.319, 476.560194301
296.379, 476.560191080
296.44, 476.560187495
296.503, 476.560189701
296.563, 476.560187147
296.625, 476.560183829
296.688, 476.560185118
296.748, 476.560183921
296.809, 476.560182014
296.872, 476.560179279
296.937, 476.560182226
296.997, 476.560171818
297.058, 476.560175752
297.118, 476.560174957
297.18, 476.560170108
297.243, 476.560171862
297.303, 476.560169078
297.364, 476.560168095
297.427, 476.560165923
297.492, 476.560163494
297.558, 476.560161822
297.626, 476.560160711
297.696, 476.560158747
297.767, 476.560157529
297.84, 476.560154577
297.915, 476.560154246
297.992, 476.560155463
298.052, 476.560148988
298.113, 476.560149615
298.173, 476.560150437
298.233, 476.560146019
298.295, 476.560143682
298.358, 476.560145058
298.418, 476.560140306
298.479, 476.560140953
298.539, 476.560138933
298.601, 476.560135957
298.664, 476.560136326
298.724, 476.560132675
298.785, 476.560131769
298.848, 476.560128507
298.913, 476.560132429
298.973, 476.560127807
299.035, 476.560125711
299.098, 476.560127224
299.158, 476.560122491
299.219, 476.560117695
299.282, 476.560122774
299.342, 476.560116749
299.404, 476.560113494
299.467, 476.560114214
299.527, 476.560109710
299.588, 476.560114469
299.648, 476.560109114
299.71, 476.560108418
299.773, 476.560108550
299.833, 476.560103861
299.894, 476.560103832
299.957, 476.560106018
300.017, 476.560101515
300.079, 476.560102292
300.139, 476.560098865
300.2, 476.560094962
300.263, 476.560096778
300.323, 476.560092451
300.385, 476.560094087
300.445, 476.560089943
300.506, 476.560090966
300.566, 476.560091722
300.626, 476.560085492
300.688, 476.560084690
300.751, 476.560086022
300.811, 476.560082549
300.872, 476.560080308
300.935, 476.560080626
300.995, 476.560078989
301.057, 476.560078653
301.12, 476.560073573
301.184, 476.560073068
301.251, 476.560071430
301.319, 476.560069497
301.388, 476.560067086
301.459, 476.560065198
301.533, 476.560062654
301.608, 476.560061904
301.684, 476.560060068
301.763, 476.560057777
301.844, 476.560055247
301.926, 476.560053946
302.011, 476.560054493
302.071, 476.560049356
302.133, 476.560046288
302.196, 476.560048578
302.256, 476.560042624
302.317, 476.560043489
302.377, 476.560042582
302.439, 476.560041093
302.502, 476.560039453
302.566, 476.560037339
302.633, 476.560035055
302.701, 476.560036111
302.761, 476.560033998
302.822, 476.560036314
302.882, 476.560033396
302.944, 476.560027921
303.007, 476.560030763
303.067, 476.560028188
303.128, 476.560021461
303.191, 476.560023606
303.251, 476.560018117
303.313, 476.560019569
303.373, 476.560020606
303.433, 476.560015473
303.494, 476.560016815
303.554, 476.560010538
303.616, 476.560011596
303.676, 476.560009758
303.737, 476.560008047
303.8, 476.560011297
303.86, 476.560009569
303.922, 476.560006685
303.985, 476.560002782
304.049, 476.559999941
304.116, 476.559998631
304.183, 476.559996917
304.253, 476.559997706
304.313, 476.559994991
304.375, 476.559994504
304.438, 476.559994929
304.498, 476.559989931
304.559, 476.559990409
304.619, 476.559985539
304.681, 476.559987680
304.741, 476.559984932
304.802, 476.559982271
304.865, 476.559983131
304.925, 476.559980545
304.987, 476.559982441
305.047, 476.559979337
305.108, 476.559976533
305.171, 476.559978219
305.231, 476.559974227
305.293, 476.559971128
305.356, 476.559972036
305.416, 476.559969411
305.477, 476.559964384
305.54, 476.559967357
305.6, 476.559962888
305.662, 476.559961904
305.725, 476.559962640
305.785, 476.559959943
305.846, 476.559958123
305.909, 476.559960222
305.969, 476.559952605
306.031, 476.559952816
306.091, 476.559951580
306.152, 476.559949532
306.215, 476.559948638
306.28, 476.559947988
306.346, 476.559947163
306.414, 476.559948007
306.474, 476.559943265
306.536, 476.559939532
306.599, 476.559940080
306.659, 476.559934815
306.72, 476.559934788
306.783, 476.559933594
306.848, 476.559932984
306.914, 476.559929181
306.982, 476.559930002
307.042, 476.559932094
307.102, 476.559928769
307.163, 476.559925874
307.226, 476.559925036
307.291, 476.559924375
307.357, 476.559920102
307.425, 476.559919024
307.495, 476.559920973
307.555, 476.559915370
307.616, 476.559913535
307.679, 476.559914031
307.739, 476.559910565
307.801, 476.559908292
307.864, 476.559908442
307.924, 476.559907313
307.985, 476.559907101
308.048, 476.559904966
308.113, 476.559902965
308.179, 476.559902540
308.247, 476.559898442
308.317, 476.559897916
308.388, 476.559895547
308.461, 476.559895381
308.536, 476.559894014
308.613, 476.559891253
308.691, 476.559887416
308.772, 476.559889858
308.832, 476.559891450
308.892, 476.559881200
308.954, 476.559882112
309.014, 476.559880895
309.075, 476.559877919
309.138, 476.559878597
309.198, 476.559876756
309.26, 476.559877002
309.32, 476.559873265
309.381, 476.559869482
309.444, 476.559870109
309.504, 476.559867629
309.566, 476.559865159
309.629, 476.559865781
309.689, 476.559864379
309.75, 476.559859021
309.813, 476.559862916
309.873, 476.559858894
309.935, 476.559857604
309.998, 476.559857582
310.062, 476.559854411
310.129, 476.559852710
310.197, 476.559852677
310.266, 476.559854206
310.326, 476.559847289
310.388, 476.559843608
310.451, 476.559845469
310.511, 476.559843736
310.572, 476.559843880
310.632, 476.559842450
310.694, 476.559838943
310.757, 476.559842015
310.817, 476.559832159
310.878, 476.559835836
310.938, 476.559833393
311, 476.559829717
311.063, 476.559833723
311.123, 476.559830620
311.184, 476.559826473
311.247, 476.559828337
311.307, 476.559822641
311.369, 476.559823034
311.429, 476.559820809
311.49, 476.559824301
311.55, 476.559819564
311.612, 476.559817450
311.675, 476.559817697
311.735, 476.559812654
311.796, 476.559814431
311.856, 476.559811168
311.918, 476.559806715
311.981, 476.559810243
312.041, 476.559804402
312.102, 476.559804382
312.165, 476.559801966
312.23, 476.559800445
312.296, 476.559801698
312.356, 476.559795973
312.418, 476.559796481
312.478, 476.559796907
312.538, 476.559791651
312.599, 476.559790123
312.662, 476.559793607
312.722, 476.559790311
312.784, 476.559789592
312.847, 476.559783947
312.911, 476.559783797
312.978, 476.559783914
313.038, 476.559780614
313.099, 476.559776804
313.162, 476.559777985
313.222, 476.559776682
313.284, 476.559776979
313.344, 476.559771121
313.405, 476.559770106
313.468, 476.559769525
313.533, 476.559767018
313.599, 476.559768193
313.659, 476.559761152
313.721, 476.559765858
313.781, 476.559764938
313.842, 476.559761464
313.905, 476.559763251
313.965, 476.559759257
314.027, 476.559758804
314.09, 476.559756335
314.154, 476.559753141
314.221, 476.559752609
314.288, 476.559749778
314.358, 476.559750538
314.418, 476.559743735
314.479, 476.559748640
314.539, 476.559742544
314.601, 476.559744704
314.661, 476.559743256
314.722, 476.559740473
314.786, 476.559738285
314.85, 476.559738475
314.91, 476.559734140
314.972, 476.559732757
315.035, 476.559735203
315.095, 476.559730466
315.156, 476.559729116
315.219, 476.559728752
315.284, 476.559723671
315.35, 476.559721911
315.418, 476.559722932
315.478, 476.559718443
315.539, 476.559722757
315.599, 476.559718590
315.661, 476.559719025
315.721, 476.559714343
315.782, 476.559711680
315.845, 476.559712605
315.905, 476.559712253
315.967, 476.559711628
316.03, 476.559711061
316.095, 476.559704803
316.161, 476.559707654
316.221, 476.559701476
316.282, 476.559703893
316.342, 476.559699217
316.404, 476.559697992
316.467, 476.559695097
316.532, 476.559694505
316.598, 476.559692244
316.666, 476.559692211
316.735, 476.559693073
316.795, 476.559691580
316.857, 476.559685564
316.92, 476.559686034
316.98, 476.559683938
317.041, 476.559683311
317.104, 476.559681921
317.169, 476.559682227
317.229, 476.559679750
317.29, 476.559676151
317.353, 476.559673990
317.418, 476.559677474
317.478, 476.559676971
317.54, 476.559671636
317.603, 476.559671756
317.663, 476.559668807
317.724, 476.559666727
317.787, 476.559667109
317.847, 476.559662891
317.909, 476.559661228
317.972, 476.559661976
318.032, 476.559658372
318.093, 476.559657653
318.156, 476.559655566
318.221, 476.559655733
318.281, 476.559654947
318.342, 476.559647770
318.405, 476.559648621
318.465, 476.559648930
318.525, 476.559647767
318.587, 476.559647594
318.65, 476.559646318
318.715, 476.559640249
318.781, 476.559638621
318.849, 476.559641096
318.909, 476.559636008
318.97, 476.559633749
319.033, 476.559636489
319.093, 476.559634674
319.155, 476.559632255
319.218, 476.559629563
319.282, 476.559629896
319.342, 476.559627733
319.404, 476.559624379
319.467, 476.559624450
319.527, 476.559618034
319.588, 476.559621370
319.648, 476.559619071
319.71, 476.559617980
319.773, 476.559615691
319.837, 476.559616819
319.897, 476.559612322
319.959, 476.559614697
320.019, 476.559610494
320.08, 476.559608509
320.144, 476.559609346
320.204, 476.559606265
320.265, 476.559603357
320.328, 476.559605646
320.388, 476.559601888
320.45, 476.559601293
320.513, 476.559597021
320.577, 476.559594440
320.643, 476.559593965
320.711, 476.559592640
320.781, 476.559590000
320.852, 476.559589313
320.925, 476.559589377
320.985, 476.559587135
321.047, 476.559586132
321.11, 476.559580624
321.174, 476.559583684
321.234, 476.559582894
321.296, 476.559581505
321.359, 476.559577689
321.424, 476.559573751
321.49, 476.559573172
321.558, 476.559573773
321.618, 476.559573912
321.678, 476.559571006
321.739, 476.559572225
321.799, 476.559567545
321.861, 476.559564081
321.924, 476.559564493
321.984, 476.559560289
322.045, 476.559559068
322.108, 476.559562016
322.168, 476.559556889
322.23, 476.559556333
322.293, 476.559550629
322.357, 476.559554287
322.417, 476.559549405
322.479, 476.559548751
322.542, 476.559548019
322.607, 476.559543309
322.673, 476.559543974
322.733, 476.559543578
322.794, 476.559541876
322.857, 476.559541946
322.917, 476.559536243
322.979, 476.559539942
323.039, 476.559536361
323.1, 476.559535280
323.163, 476.559532710
323.228, 476.559527938
323.294, 476.559531882
323.354, 476.559529404
323.416, 476.559528002
323.479, 476.559528855
323.539, 476.559527013
323.6, 476.559528881
323.66, 476.559522388
323.722, 476.559519267
323.785, 476.559520355
323.845, 476.559516367
323.906, 476.559518134
323.966, 476.559517393
324.028, 476.559511902
324.091, 476.559511741
324.156, 476.559511157
324.222, 476.559506880
324.29, 476.559504178
324.359, 476.559501715
324.431, 476.559500637
324.504, 476.559499628
324.579, 476.559499326
324.655, 476.559496873
324.734, 476.559494194
324.815, 476.559498015
324.875, 476.559495018
324.936, 476.559493306
324.999, 476.559493522
325.059, 476.559491655
325.121, 476.559486520
325.184, 476.559485527
325.248, 476.559483202
325.315, 476.559479967
325.383, 476.559479856
325.452, 476.559478144
325.523, 476.559474804
325.597, 476.559473737
325.672, 476.559468259
325.748, 476.559472771
325.808, 476.559467899
325.87, 476.559468326
325.93, 476.559468217
325.991, 476.559464909
326.054, 476.559463981
326.119, 476.559460202
326.185, 476.559459355
326.253, 476.559461320
326.313, 476.559456478
326.375, 476.559459088
326.435, 476.559452632
326.496, 476.559450262
326.559, 476.559450440
326.619, 476.559448392
326.681, 476.559447458
326.744, 476.559446764
326.808, 476.559446217
326.875, 476.559445064
326.942, 476.559441800
327.012, 476.559438885
327.083, 476.559438099
327.156, 476.559437065
327.231, 476.559430954
327.308, 476.559435395
327.368, 476.559431258
327.43, 476.559430958
327.493, 476.559428185
327.557, 476.559423851
327.624, 476.559425903
327.684, 476.559422614
327.745, 476.559419448
327.808, 476.559417531
327.873, 476.559419340
327.933, 476.559419993
327.993, 476.559417818
328.054, 476.559414098
328.117, 476.559414030
328.182, 476.559409551
328.248, 476.559411720
328.308, 476.559407103
328.37, 476.559405891
328.433, 476.559407478
328.493, 476.559403603
328.554, 476.559403316
328.617, 476.559396004
328.682, 476.559399493
328.742, 476.559397814
328.803, 476.559395734
328.866, 476.559390810
328.931, 476.559391495
328.991, 476.559391761
329.051, 476.559386885
329.112, 476.559387343
329.172, 476.559387544
329.232, 476.559381531
329.294, 476.559383950
329.354, 476.559380348
329.415, 476.559380042
329.478, 476.559380018
329.543, 476.559377180
329.609, 476.559379581
329.669, 476.559372656
329.731, 476.559373614
329.791, 476.559369911
329.852, 476.559371608
329.912, 476.559370871
329.974, 476.559370234
330.037, 476.559368418
330.101, 476.559367400
330.168, 476.559362707
330.236, 476.559362241
330.305, 476.559364407
330.365, 476.559359807
330.427, 476.559357979
330.49, 476.559355945
330.554, 476.559355366
330.62, 476.559350741
330.688, 476.559351413
330.748, 476.559349528
330.81, 476.559351225
330.87, 476.559346485
330.931, 476.559348544
330.991, 476.559345481
331.053, 476.559344321
331.116, 476.559338812
331.181, 476.559339344
331.241, 476.559336976
331.302, 476.559339404
331.362, 476.559335057
331.424, 476.559334459
331.487, 476.559333055
331.551, 476.559330237
331.617, 476.559328950
331.685, 476.559328041
331.755, 476.559323270
331.826, 476.559325948
331.886, 476.559320727
331.948, 476.559318362
332.011, 476.559318031
332.075, 476.559317370
332.142, 476.559315094
332.209, 476.559315687
332.269, 476.559313131
332.331, 476.559311209
332.394, 476.559310559
332.459, 476.559306986
332.525, 476.559306485
332.593, 476.559303228
332.662, 476.559300479
332.734, 476.559301219
332.794, 476.559303207
332.854, 476.559298787
332.915, 476.559295172
332.978, 476.559293716
333.043, 476.559294039
333.103, 476.559290997
333.164, 476.559289522
333.227, 476.559287227
333.292, 476.559287871
333.352, 476.559283623
333.413, 476.559284391
333.473, 476.559280623
333.535, 476.559281930
333.595, 476.559279589
333.656, 476.559280346
333.716, 476.559278326
333.778, 476.559273021
333.841, 476.559274492
333.901, 476.559272112
333.962, 476.559267059
334.026, 476.559272521
334.086, 476.559266460
334.147, 476.559264567
334.21, 476.559264044
334.275, 476.559264269
334.335, 476.559261168
334.396, 476.559261438
334.456, 476.559258230
334.518, 476.559258865
334.578, 476.559250503
334.639, 476.559251038
334.699, 476.559252029
334.759, 476.559252306
334.819, 476.559249082
334.881, 476.559248444
334.944, 476.559248233
335.008, 476.559245019
335.075, 476.559242928
335.142, 476.559243143
335.202, 476.559239367
335.264, 476.559240658
335.324, 476.559235570
335.385, 476.559236056
335.445, 476.559234648
335.507, 476.559233719
335.57, 476.559231395
335.635, 476.559230454
335.701, 476.559226981
335.769, 476.559224158
335.838, 476.559224898
335.898, 476.559223276
335.96, 476.559222740
336.023, 476.559221875
336.087, 476.559221022
336.154, 476.559220317
336.222, 476.559219046
336.291, 476.559211765
336.362, 476.559210907
336.436, 476.559209622
336.51, 476.559210578
336.57, 476.559209391
336.632, 476.559204413
336.695, 476.559205953
336.755, 476.559202689
336.817, 476.559199828
336.88, 476.559201001
336.94, 476.559196522
337.001, 476.559195087
337.064, 476.559194265
337.129, 476.559193951
337.195, 476.559193801
337.263, 476.559190989
337.332, 476.559186516
337.404, 476.559185886
337.477, 476.559185464
337.552, 476.559183010
337.629, 476.559181515
337.707, 476.559181107
337.788, 476.559177446
337.871, 476.559176368
337.955, 476.559175635
338.042, 476.559170147
338.131, 476.559169666
338.223, 476.559169540
338.316, 476.559167956
338.412, 476.559165073
338.511, 476.559161376
338.611, 476.559158231
338.715, 476.559153420
338.82, 476.559157095
338.88, 476.559148157
338.942, 476.559148603
339.002, 476.559147965
339.063, 476.559147539
339.127, 476.559144548
339.191, 476.559141761
339.257, 476.559140443
339.325, 476.559142323
339.385, 476.559137817
339.447, 476.559135823
339.51, 476.559132274
339.574, 476.559132928
339.634, 476.559131776
339.696, 476.559126762
339.759, 476.559130568
339.819, 476.559127695
339.88, 476.559126453
339.943, 476.559122018
340.008, 476.559123037
340.068, 476.559125148
340.128, 476.559117995
