0.06, 0.0185852
0.12, 0.0186157
0.18, 0.0186157
0.2415, 0.0186157
0.304538, 0.0186157
0.369151, 0.0186157
0.43538, 0.0186157
0.503264, 0.0186157
0.572846, 0.0186157
0.644167, 0.0186157
0.717271, 0.0186157
0.792203, 0.0186157
0.869008, 0.0186157
0.947733, 0.0186157
1.02843, 0.0186157
1.11114, 0.0186157
1.19592, 0.0186157
1.28281, 0.0185852
1.37188, 0.0185852
1.46318, 0.0185852
1.55676, 0.0185852
1.65268, 0.0185852
1.751, 0.0185852
1.85177, 0.0185852
1.95507, 0.0185852
2.06094, 0.0185852
2.12094, 0.0185852
2.18244, 0.0185852
2.24548, 0.0185852
2.30548, 0.0185852
2.36698, 0.0185852
2.43002, 0.0185852
2.49002, 0.0185852
2.55152, 0.0185852
2.61455, 0.0185852
2.67455, 0.0185852
2.73605, 0.0185852
2.79909, 0.0185852
2.85909, 0.0185852
2.92059, 0.0185852
2.98363, 0.0185852
3.04824, 0.0185852
3.11447, 0.0185852
3.18236, 0.0185852
3.25194, 0.0185852
3.31194, 0.0185852
3.37344, 0.0185852
3.43648, 0.0185852
3.50109, 0.0185852
3.56109, 0.0185852
3.62259, 0.0185852
3.68259, 0.0185852
3.74409, 0.0185852
3.80713, 0.0185852
3.87174, 0.0185852
3.93174, 0.0185852
3.99324, 0.0185852
4.05324, 0.0185852
4.11474, 0.0185852
4.17474, 0.0185852
4.23624, 0.0185852
4.29928, 0.0185852
4.35928, 0.0185852
4.42078, 0.0185852
4.48078, 0.0185852
4.54228, 0.0185852
4.60228, 0.0185852
4.66378, 0.0185852
4.72378, 0.0185852
4.78528, 0.0185852
4.84528, 0.0185852
4.90678, 0.0185852
4.96981, 0.0185852
5.03443, 0.0185852
5.09443, 0.0185852
5.15593, 0.0185852
5.21897, 0.0185852
5.28358, 0.0185852
5.34981, 0.0185852
5.41769, 0.0185852
5.48727, 0.0185852
5.5586, 0.0185852
5.6317, 0.0185852
5.70663, 0.0185852
5.76663, 0.0185852
5.82813, 0.0185852
5.89117, 0.0185852
5.95117, 0.0185852
6.01267, 0.0185852
6.07267, 0.0185852
6.13417, 0.0185852
6.19417, 0.0185852
6.25567, 0.0185852
6.31871, 0.0185852
6.38332, 0.0185852
6.44332, 0.0185852
6.50482, 0.0185852
6.56786, 0.0185852
6.63247, 0.0185852
6.69247, 0.0185852
6.75397, 0.0185852
6.81701, 0.0185852
6.88162, 0.0185852
6.94785, 0.0185852
7.01573, 0.0185852
7.08532, 0.0185852
7.14532, 0.0185852
7.20682, 0.0185852
7.26682, 0.0185852
7.32832, 0.0185852
7.38832, 0.0185852
7.44982, 0.0185852
7.50982, 0.0185852
7.57132, 0.0185852
7.63132, 0.0185852
7.69282, 0.0185852
7.75282, 0.0185852
7.81432, 0.0185852
7.87735, 0.0185852
7.94197, 0.0185852
8.00197, 0.0185852
8.06347, 0.0185852
8.1265, 0.0185852
8.1865, 0.0185852
8.248, 0.0185852
8.308, 0.0185852
8.3695, 0.0185852
8.43254, 0.0185852
8.49716, 0.0185852
8.56338, 0.0185852
8.62338, 0.0185852
8.68488, 0.0185852
8.74488, 0.0185852
8.80638, 0.0185852
8.86942, 0.0185852
8.93404, 0.0185852
8.99404, 0.0185852
9.05554, 0.0185852
9.11554, 0.0185852
9.17704, 0.0185852
9.23704, 0.0185852
9.29854, 0.0185852
9.35854, 0.0185852
9.42004, 0.0185852
9.48307, 0.0185852
9.54769, 0.0185852
9.60769, 0.0185852
9.66919, 0.0185852
9.72919, 0.0185852
9.79069, 0.0185852
9.85069, 0.0185852
9.91219, 0.0185852
9.97522, 0.0185852
10.0398, 0.0185852
10.1061, 0.0185852
10.1661, 0.0185852
10.2276, 0.0185852
10.2876, 0.0185852
10.3491, 0.0185852
10.4091, 0.0185852
10.4706, 0.0185852
10.5306, 0.0185852
10.5921, 0.0185852
10.6551, 0.0185852
10.7197, 0.0185852
10.7797, 0.0185852
10.8412, 0.0185852
10.9012, 0.0185852
10.9627, 0.0185852
11.0258, 0.0185852
11.0904, 0.0185852
11.1504, 0.0185852
11.2119, 0.0185852
11.2719, 0.0185852
11.3334, 0.0185852
11.3934, 0.0185852
11.4549, 0.0185852
11.5149, 0.0185852
11.5764, 0.0185852
11.6394, 0.0185852
11.704, 0.0185852
11.764, 0.0185852
11.8255, 0.0185852
11.8886, 0.0185852
11.9532, 0.0185852
12.0132, 0.0185852
12.0747, 0.0185852
12.1377, 0.0185852
12.2023, 0.0185852
12.2623, 0.0185852
12.3238, 0.0185852
12.3869, 0.0185852
12.4469, 0.0185852
12.5084, 0.0185852
12.5714, 0.0185852
12.6314, 0.0185852
12.6929, 0.0185852
12.7559, 0.0185852
12.8205, 0.0185852
12.8868, 0.0185852
12.9547, 0.0185852
13.0242, 0.0185852
13.0956, 0.0185852
13.1687, 0.0185852
13.2287, 0.0185852
13.2902, 0.0185852
13.3502, 0.0185852
13.4117, 0.0185852
13.4717, 0.0185852
13.5332, 0.0185852
13.5962, 0.0185852
13.6608, 0.0185852
13.727, 0.0185852
13.787, 0.0185852
13.8485, 0.0185852
13.9116, 0.0185852
13.9762, 0.0185852
14.0424, 0.0185852
14.1103, 0.0185852
14.1703, 0.0185852
14.2318, 0.0185852
14.2948, 0.0185852
14.3548, 0.0185852
14.4163, 0.0185852
14.4763, 0.0185852
14.5378, 0.0185852
14.6009, 0.0185852
14.6655, 0.0185852
14.7317, 0.0185852
14.7917, 0.0185852
14.8532, 0.0185852
14.9163, 0.0185852
14.9763, 0.0185852
15.0378, 0.0185852
15.1008, 0.0185852
15.1608, 0.0185852
15.2208, 0.0185852
15.2823, 0.0185852
15.3453, 0.0185852
15.4053, 0.0185852
15.4668, 0.0185852
15.5299, 0.0185852
15.5945, 0.0185852
15.6607, 0.0185852
15.7286, 0.0185852
15.7982, 0.0185852
15.8582, 0.0185852
15.9197, 0.0185852
15.9797, 0.0185852
16.0412, 0.0185852
16.1042, 0.0185852
16.1642, 0.0185852
16.2257, 0.0185852
16.2888, 0.0185852
16.3534, 0.0185852
16.4196, 0.0185852
16.4875, 0.0185852
16.5475, 0.0185852
16.609, 0.0185852
16.672, 0.0185852
16.7366, 0.0185852
16.8029, 0.0185852
16.8629, 0.0185852
16.9244, 0.0185852
16.9874, 0.0185852
17.0474, 0.0185852
17.1089, 0.0185852
17.1719, 0.0185852
17.2366, 0.0185852
17.3028, 0.0185852
17.3628, 0.0185852
17.4243, 0.0185852
17.4843, 0.0185852
17.5458, 0.0185852
17.6088, 0.0185852
17.6734, 0.0185852
17.7334, 0.0185852
17.7949, 0.0185852
17.858, 0.0185852
17.9226, 0.0185852
17.9888, 0.0185852
18.0567, 0.0185852
18.1167, 0.0185852
18.1782, 0.0185852
18.2382, 0.0185852
18.2997, 0.0185852
18.3597, 0.0185852
18.4212, 0.0185852
18.4812, 0.0185852
18.5427, 0.0185852
18.6057, 0.0185852
18.6657, 0.0185852
18.7272, 0.0185852
18.7872, 0.0185852
18.8487, 0.0185852
18.9087, 0.0185852
18.9702, 0.0185852
19.0302, 0.0185852
19.0917, 0.0185852
19.1548, 0.0185852
19.2148, 0.0185852
19.2763, 0.0185852
19.3393, 0.0185852
19.3993, 0.0185852
19.4608, 0.0185852
19.5239, 0.0185852
19.5839, 0.0185852
19.6454, 0.0185852
19.7084, 0.0185852
19.7684, 0.0185852
19.8299, 0.0185852
19.8929, 0.0185852
19.9529, 0.0185852
20.0129, 0.0185852
20.0744, 0.0185852
20.1375, 0.0185852
20.2021, 0.0185852
20.2683, 0.0185852
20.3362, 0.0185852
20.4058, 0.0185852
20.4771, 0.0185852
20.5502, 0.0185852
20.6251, 0.0185852
20.7019, 0.0185852
20.7619, 0.0185852
20.8234, 0.0185852
20.8865, 0.0185852
20.9465, 0.0185852
21.008, 0.0185852
21.071, 0.0185852
21.1356, 0.0185852
21.1956, 0.0185852
21.2571, 0.0185852
21.3171, 0.0185852
21.3786, 0.0185852
21.4417, 0.0185852
21.5063, 0.0185852
21.5725, 0.0185852
21.6404, 0.0185852
21.7004, 0.0185852
21.7619, 0.0185852
21.8219, 0.0185852
21.8834, 0.0185852
21.9464, 0.0185852
22.011, 0.0185852
22.071, 0.0185852
22.1325, 0.0185852
22.1925, 0.0185852
22.254, 0.0185852
22.314, 0.0185852
22.3755, 0.0185852
22.4386, 0.0185852
22.4986, 0.0185852
22.5601, 0.0185852
22.6201, 0.0185852
22.6816, 0.0185852
22.7416, 0.0185852
22.8031, 0.0185852
22.8661, 0.0185852
22.9261, 0.0185852
22.9876, 0.0185852
23.0506, 0.0185852
23.1153, 0.0185852
23.1753, 0.0185852
23.2368, 0.0185852
23.2968, 0.0185852
23.3583, 0.0185852
23.4213, 0.0185852
23.4813, 0.0185852
23.5428, 0.0185852
23.6058, 0.0185852
23.6658, 0.0185852
23.7273, 0.0185852
23.7873, 0.0185852
23.8488, 0.0185852
23.9088, 0.0185852
23.9703, 0.0185852
24.0303, 0.0185852
24.0903, 0.0185852
24.1518, 0.0185852
24.2149, 0.0185852
24.2749, 0.0185852
24.3364, 0.0185852
24.3994, 0.0185852
24.464, 0.0185852
24.524, 0.0185852
24.5855, 0.0185852
24.6486, 0.0185852
24.7086, 0.0185852
24.7701, 0.0185852
24.8331, 0.0185852
24.8977, 0.0185852
24.9577, 0.0185852
25.0177, 0.0185852
25.0792, 0.0185852
25.1423, 0.0185852
25.2069, 0.0185852
25.2669, 0.0185852
25.3284, 0.0185852
25.3914, 0.0185852
25.4514, 0.0185852
25.5129, 0.0185852
25.5759, 0.0185852
25.6359, 0.0185852
25.6974, 0.0185852
25.7605, 0.0185852
25.8251, 0.0185852
25.8913, 0.0185852
25.9513, 0.0185852
26.0128, 0.0185852
26.0759, 0.0185852
26.1359, 0.0185852
26.1974, 0.0185852
26.2604, 0.0185852
26.325, 0.0185852
26.3912, 0.0185852
26.4591, 0.0185852
26.5287, 0.0185852
26.6, 0.0185852
26.6731, 0.0185852
26.7481, 0.0185852
26.8081, 0.0185852
26.8696, 0.0185852
26.9326, 0.0185852
26.9926, 0.0185852
27.0541, 0.0185852
27.1171, 0.0185852
27.1817, 0.0185852
27.2417, 0.0185852
27.3032, 0.0185852
27.3663, 0.0185852
27.4309, 0.0185852
27.4909, 0.0185852
27.5509, 0.0185852
27.6124, 0.0185852
27.6754, 0.0185852
27.7354, 0.0185852
27.7969, 0.0185852
27.8569, 0.0185852
27.9184, 0.0185852
27.9784, 0.0185852
28.0399, 0.0185852
28.0999, 0.0185852
28.1614, 0.0185852
28.2245, 0.0185852
28.2845, 0.0185852
28.346, 0.0185852
28.409, 0.0185852
28.4736, 0.0185852
28.5336, 0.0185852
28.5951, 0.0185852
28.6551, 0.0185852
28.7166, 0.0185852
28.7766, 0.0185852
28.8381, 0.0185852
28.9012, 0.0185852
28.9612, 0.0185852
29.0227, 0.0185852
29.0857, 0.0185852
29.1503, 0.0185852
29.2165, 0.0185852
29.2844, 0.0185852
29.3444, 0.0185852
29.4059, 0.0185852
29.4659, 0.0185852
29.5274, 0.0185852
29.5905, 0.0185852
29.6505, 0.0185852
29.712, 0.0185852
29.772, 0.0185852
29.8335, 0.0185852
29.8935, 0.0185852
29.955, 0.0185852
30.018, 0.0185852
30.078, 0.0185852
30.1395, 0.0185852
30.2025, 0.0185852
30.2625, 0.0185852
30.324, 0.0185852
30.3871, 0.0185852
30.4471, 0.0185852
30.5086, 0.0185852
30.5716, 0.0185852
30.6316, 0.0185852
30.6931, 0.0185852
30.7531, 0.0185852
30.8146, 0.0185852
30.8746, 0.0185852
30.9361, 0.0185852
30.9992, 0.0185852
31.0592, 0.0185852
31.1207, 0.0185852
31.1837, 0.0185852
31.2437, 0.0185852
31.3052, 0.0185852
31.3682, 0.0185852
31.4282, 0.0185852
31.4897, 0.0185852
31.5528, 0.0185852
31.6174, 0.0185852
31.6836, 0.0185852
31.7436, 0.0185852
31.8051, 0.0185852
31.8651, 0.0185852
31.9266, 0.0185852
31.9896, 0.0185852
32.0496, 0.0185852
32.1111, 0.0185852
32.1742, 0.0185852
32.2388, 0.0185852
32.2988, 0.0185852
32.3603, 0.0185852
32.4233, 0.0185852
32.4833, 0.0185852
32.5448, 0.0185852
32.6079, 0.0185852
32.6679, 0.0185852
32.7294, 0.0185852
32.7924, 0.0185852
32.8524, 0.0185852
32.9124, 0.0185547
32.9739, 0.0185547
33.0339, 0.0185547
33.0954, 0.0185547
33.1584, 0.0185547
33.2184, 0.0185547
33.2799, 0.0185547
33.343, 0.0185547
33.4076, 0.0185547
33.4676, 0.0185547
33.5291, 0.0185547
33.5921, 0.0185547
33.6521, 0.0185547
33.7136, 0.0185547
33.7767, 0.0185547
33.8367, 0.0185547
33.8982, 0.0185547
33.9582, 0.0185547
34.0197, 0.0185547
34.0797, 0.0185547
34.1412, 0.0185547
34.2042, 0.0185547
34.2642, 0.0185547
34.3257, 0.0185547
34.3857, 0.0185547
34.4472, 0.0185547
34.5072, 0.0185547
34.5687, 0.0185547
34.6317, 0.0185547
34.6964, 0.0185547
34.7564, 0.0185547
34.8179, 0.0185547
34.8809, 0.0185547
34.9409, 0.0185547
35.0024, 0.0185547
35.0654, 0.0185547
35.13, 0.0185547
35.1963, 0.0185547
35.2563, 0.0185547
35.3178, 0.0185547
35.3778, 0.0185547
35.4393, 0.0185547
35.5023, 0.0185547
35.5623, 0.0185547
35.6238, 0.0185547
35.6869, 0.0185547
35.7515, 0.0185547
35.8177, 0.0185547
35.8856, 0.0185547
35.9552, 0.0185547
36.0265, 0.0185547
36.0996, 0.0185547
36.1596, 0.0185547
36.2211, 0.0185547
36.2841, 0.0185547
36.3487, 0.0185547
36.415, 0.0185547
36.475, 0.0185547
36.5365, 0.0185547
36.5995, 0.0185547
36.6641, 0.0185547
36.7241, 0.0185547
36.7856, 0.0185547
36.8456, 0.0185547
36.9071, 0.0185547
36.9702, 0.0185547
37.0348, 0.0185547
37.101, 0.0185547
37.161, 0.0185547
37.2225, 0.0185547
37.2825, 0.0185547
37.344, 0.0185547
37.407, 0.0185547
37.467, 0.0185547
37.5285, 0.0185547
37.5885, 0.0185547
37.6485, 0.0185547
37.71, 0.0185547
37.77, 0.0185547
37.83, 0.0185547
37.8915, 0.0185547
37.9546, 0.0185547
38.0192, 0.0185547
38.0854, 0.0185547
38.1533, 0.0185547
38.2229, 0.0185547
38.2942, 0.0185547
38.3542, 0.0185547
38.4157, 0.0185547
38.4757, 0.0185547
38.5372, 0.0185547
38.6002, 0.0185547
38.6602, 0.0185547
38.7217, 0.0185547
38.7817, 0.0185547
38.8432, 0.0185547
38.9063, 0.0185547
38.9663, 0.0185547
39.0278, 0.0185547
39.0908, 0.0185547
39.1508, 0.0185547
39.2123, 0.0185547
39.2723, 0.0185547
39.3338, 0.0185547
39.3938, 0.0185547
39.4553, 0.0185547
39.5153, 0.0185547
39.5768, 0.0185547
39.6399, 0.0185547
39.6999, 0.0185547
39.7614, 0.0185547
39.8244, 0.0185547
39.889, 0.0185547
39.9552, 0.0185547
40.0152, 0.0185547
40.0767, 0.0185547
40.1398, 0.0185547
40.2044, 0.0185547
40.2644, 0.0185547
40.3259, 0.0185547
40.3889, 0.0185547
40.4535, 0.0185547
40.5198, 0.0185547
40.5876, 0.0185547
40.6572, 0.0185547
40.7285, 0.0185547
40.7885, 0.0185547
40.85, 0.0185547
40.91, 0.0185547
40.9715, 0.0185547
41.0346, 0.0185547
41.0992, 0.0185547
41.1592, 0.0185547
41.2207, 0.0185547
41.2837, 0.0185547
41.3437, 0.0185547
41.4052, 0.0185547
41.4683, 0.0185547
41.5329, 0.0185547
41.5991, 0.0185547
41.667, 0.0185547
41.7366, 0.0185547
41.8079, 0.0185547
41.881, 0.0185547
41.9559, 0.0185547
42.0327, 0.0185547
42.0927, 0.0185547
42.1542, 0.0185547
42.2173, 0.0185547
42.2819, 0.0185547
42.3481, 0.0185547
42.416, 0.0185547
42.476, 0.0185547
42.5375, 0.0185547
42.6005, 0.0185547
42.6652, 0.0185547
42.7252, 0.0185547
42.7867, 0.0185547
42.8467, 0.0185547
42.9082, 0.0185547
42.9712, 0.0185547
43.0358, 0.0185547
43.102, 0.0185547
43.1699, 0.0185547
43.2299, 0.0185547
43.2914, 0.0185547
43.3514, 0.0185547
43.4129, 0.0185547
43.476, 0.0185547
43.536, 0.0185547
43.5975, 0.0185547
43.6605, 0.0185547
43.7205, 0.0185547
43.782, 0.0185547
43.842, 0.0185547
43.9035, 0.0185547
43.9635, 0.0185547
44.025, 0.0185547
44.085, 0.0185547
44.1465, 0.0185547
44.2065, 0.0185547
44.268, 0.0185547
44.331, 0.0185547
44.391, 0.0185547
44.4525, 0.0185547
44.5125, 0.0185547
44.574, 0.0185547
44.6371, 0.0185547
44.7017, 0.0185547
44.7617, 0.0185547
44.8232, 0.0185547
44.8832, 0.0185547
44.9447, 0.0185547
45.0077, 0.0185547
45.0723, 0.0185547
45.1386, 0.0185547
45.1986, 0.0185547
45.2601, 0.0185547
45.3201, 0.0185547
45.3816, 0.0185547
45.4416, 0.0185547
45.5031, 0.0185547
45.5661, 0.0185547
45.6261, 0.0185547
45.6876, 0.0185547
45.7476, 0.0185547
45.8091, 0.0185547
45.8721, 0.0185547
45.9368, 0.0185547
46.003, 0.0185547
46.0709, 0.0185547
46.1309, 0.0185547
46.1924, 0.0185547
46.2554, 0.0185547
46.3154, 0.0185547
46.3769, 0.0185547
46.4399, 0.0185547
46.5046, 0.0185547
46.5708, 0.0185547
46.6387, 0.0185547
46.7083, 0.0185547
46.7683, 0.0185547
46.8298, 0.0185547
46.8898, 0.0185547
46.9513, 0.0185547
47.0113, 0.0185547
47.0728, 0.0185547
47.1358, 0.0185547
47.1958, 0.0185547
47.2573, 0.0185547
47.3203, 0.0185547
47.3849, 0.0185547
47.4512, 0.0185547
47.5191, 0.0185547
47.5791, 0.0185547
47.6406, 0.0185547
47.7036, 0.0185547
47.7636, 0.0185547
47.8251, 0.0185547
47.8881, 0.0185547
47.9481, 0.0185547
48.0096, 0.0185547
48.0727, 0.0185547
48.1373, 0.0185547
48.2035, 0.0185547
48.2635, 0.0185547
48.325, 0.0185547
48.388, 0.0185547
48.4527, 0.0185547
48.5189, 0.0185547
48.5868, 0.0185547
48.6468, 0.0185547
48.7083, 0.0185547
48.7713, 0.0185547
48.8359, 0.0185547
48.9022, 0.0185547
48.9622, 0.0185547
49.0237, 0.0185547
49.0837, 0.0185547
49.1452, 0.0185547
49.2082, 0.0185547
49.2728, 0.0185547
49.3328, 0.0185547
49.3943, 0.0185547
49.4543, 0.0185547
49.5158, 0.0185547
49.5758, 0.0185547
49.6373, 0.0185547
49.6973, 0.0185547
49.7588, 0.0185547
49.8218, 0.0185547
49.8865, 0.0185547
49.9527, 0.0185547
50.0127, 0.0185547
50.0742, 0.0185547
50.1342, 0.0185547
50.1957, 0.0185547
50.2557, 0.0185547
50.3172, 0.0185547
50.3802, 0.0185547
50.4448, 0.0185547
50.5111, 0.0185547
50.5789, 0.0185547
50.6389, 0.0185547
50.7004, 0.0185547
50.7635, 0.0185547
50.8281, 0.0185547
50.8881, 0.0185547
50.9496, 0.0185547
51.0096, 0.0185547
51.0696, 0.0185547
51.1311, 0.0185547
51.1941, 0.0185547
51.2587, 0.0185547
51.325, 0.0185547
51.3929, 0.0185547
51.4529, 0.0185547
51.5144, 0.0185547
51.5744, 0.0185547
51.6359, 0.0185547
51.6959, 0.0185547
51.7574, 0.0185547
51.8204, 0.0185547
51.885, 0.0185547
51.9512, 0.0185547
52.0191, 0.0185547
52.0791, 0.0185547
52.1406, 0.0185547
52.2006, 0.0185547
52.2621, 0.0185547
52.3252, 0.0185547
52.3852, 0.0185547
52.4467, 0.0185547
52.5097, 0.0185547
52.5697, 0.0185547
52.6312, 0.0185547
52.6912, 0.0185547
52.7527, 0.0185547
52.8127, 0.0185547
52.8742, 0.0185547
52.9372, 0.0185547
52.9972, 0.0185547
53.0587, 0.0185547
53.1187, 0.0185547
53.1802, 0.0185547
53.2433, 0.0185547
53.3033, 0.0185547
53.3648, 0.0185547
53.4278, 0.0185547
53.4924, 0.0185547
53.5524, 0.0185547
53.6139, 0.0185547
53.677, 0.0185547
53.737, 0.0185547
53.7985, 0.0185547
53.8615, 0.0185547
53.9215, 0.0185547
53.983, 0.0185547
54.046, 0.0185547
54.1107, 0.0185547
54.1707, 0.0185547
54.2322, 0.0185547
54.2922, 0.0185547
54.3537, 0.0185547
54.4167, 0.0185547
54.4767, 0.0185547
54.5382, 0.0185547
54.5982, 0.0185547
54.6597, 0.0185547
54.7197, 0.0185547
54.7812, 0.0185547
54.8442, 0.0185547
54.9088, 0.0185547
54.9751, 0.0185547
55.0351, 0.0185547
55.0966, 0.0185547
55.1596, 0.0185547
55.2196, 0.0185547
55.2811, 0.0185547
55.3441, 0.0185547
55.4088, 0.0185547
55.475, 0.0185547
55.535, 0.0185547
55.5965, 0.0185547
55.6565, 0.0185547
55.718, 0.0185547
55.781, 0.0185547
55.8456, 0.0185547
55.9056, 0.0185547
55.9671, 0.0185547
56.0302, 0.0185547
56.0948, 0.0185547
56.1548, 0.0185547
56.2163, 0.0185547
56.2793, 0.0185547
56.3393, 0.0185547
56.4008, 0.0185547
56.4608, 0.0185547
56.5223, 0.0185547
56.5854, 0.0185547
56.6454, 0.0185547
56.7069, 0.0185547
56.7699, 0.0185547
56.8299, 0.0185547
56.8914, 0.0185547
56.9514, 0.0185547
57.0114, 0.0185547
57.0729, 0.0185547
57.1359, 0.0185547
57.1959, 0.0185547
57.2574, 0.0185547
57.3205, 0.0185547
57.3851, 0.0185547
57.4513, 0.0185547
57.5192, 0.0185547
57.5888, 0.0185547
57.6488, 0.0185547
57.7103, 0.0185547
57.7733, 0.0185547
57.8333, 0.0185547
57.8948, 0.0185547
57.9579, 0.0185547
58.0225, 0.0185547
58.0825, 0.0185547
58.144, 0.0185547
58.207, 0.0185547
58.2716, 0.0185547
58.3316, 0.0185547
58.3931, 0.0185547
58.4562, 0.0185547
58.5208, 0.0185547
58.5808, 0.0185547
58.6423, 0.0185547
58.7053, 0.0185547
58.7699, 0.0185547
58.8362, 0.0185547
58.904, 0.0185547
58.9736, 0.0185547
59.0449, 0.0185547
59.1049, 0.0185547
59.1664, 0.0185547
59.2295, 0.0185547
59.2941, 0.0185547
59.3603, 0.0185547
59.4203, 0.0185547
59.4818, 0.0185547
59.5449, 0.0185547
59.6049, 0.0185547
59.6664, 0.0185547
59.7294, 0.0185547
59.7894, 0.0185547
59.8509, 0.0185547
59.9139, 0.0185547
59.9739, 0.0185547
60.0354, 0.0185547
60.0985, 0.0185547
60.1585, 0.0185547
60.22, 0.0185547
60.28, 0.0185547
60.34, 0.0185547
60.4015, 0.0185547
60.4615, 0.0185547
60.523, 0.0185547
60.583, 0.0185547
60.6445, 0.0185547
60.7075, 0.0185547
60.7721, 0.0185547
60.8384, 0.0185547
60.8984, 0.0185547
60.9599, 0.0185547
61.0229, 0.0185547
61.0875, 0.0185547
61.1537, 0.0185547
61.2216, 0.0185547
61.2912, 0.0185547
61.3625, 0.0185547
61.4225, 0.0185547
61.484, 0.0185547
61.5471, 0.0185547
61.6071, 0.0185547
61.6686, 0.0185547
61.7316, 0.0185547
61.7916, 0.0185547
61.8531, 0.0185547
61.9161, 0.0185547
61.9807, 0.0185547
62.0407, 0.0185547
62.1022, 0.0185547
62.1653, 0.0185547
62.2299, 0.0185547
62.2899, 0.0185547
62.3514, 0.0185547
62.4144, 0.0185547
62.4744, 0.0185547
62.5359, 0.0185547
62.5959, 0.0185547
62.6574, 0.0185547
62.7174, 0.0185547
62.7789, 0.0185547
62.842, 0.0185547
62.9066, 0.0185547
62.9666, 0.0185547
63.0281, 0.0185547
63.0881, 0.0185547
63.1496, 0.0185547
63.2126, 0.0185547
63.2726, 0.0185547
63.3341, 0.0185547
63.3972, 0.0185547
63.4618, 0.0185547
63.528, 0.0185547
63.588, 0.0185547
63.6495, 0.0185547
63.7095, 0.0185547
63.771, 0.0185547
63.831, 0.0185547
63.8925, 0.0185547
63.9555, 0.0185547
64.0155, 0.0185547
64.077, 0.0185547
64.1401, 0.0185547
64.2001, 0.0185547
64.2616, 0.0185547
64.3246, 0.0185547
64.3892, 0.0185547
64.4555, 0.0185547
64.5155, 0.0185547
64.577, 0.0185547
64.64, 0.0185547
64.7046, 0.0185547
64.7646, 0.0185547
64.8261, 0.0185547
64.8891, 0.0185547
64.9491, 0.0185547
65.0106, 0.0185547
65.0706, 0.0185547
65.1321, 0.0185547
65.1921, 0.0185547
65.2536, 0.0185547
65.3136, 0.0185547
65.3751, 0.0185547
65.4382, 0.0185547
65.5028, 0.0185547
65.569, 0.0185547
65.6369, 0.0185547
65.6969, 0.0185547
65.7584, 0.0185547
65.8214, 0.0185547
65.8861, 0.0185547
65.9523, 0.0185547
66.0123, 0.0185547
66.0738, 0.0185547
66.1338, 0.0185547
66.1938, 0.0185547
66.2553, 0.0185547
66.3183, 0.0185547
66.3783, 0.0185547
66.4398, 0.0185547
66.5029, 0.0185547
66.5675, 0.0185547
66.6337, 0.0185547
66.6937, 0.0185547
66.7552, 0.0185547
66.8152, 0.0185547
66.8767, 0.0185547
66.9397, 0.0185547
67.0044, 0.0185547
67.0644, 0.0185547
67.1259, 0.0185547
67.1889, 0.0185547
67.2489, 0.0185547
67.3104, 0.0185547
67.3704, 0.0185547
67.4319, 0.0185547
67.4919, 0.0185547
67.5534, 0.0185547
67.6164, 0.0185547
67.6764, 0.0185547
67.7379, 0.0185547
67.801, 0.0185547
67.8656, 0.0185547
67.9318, 0.0185547
67.9997, 0.0185547
68.0693, 0.0185547
68.1406, 0.0185547
68.2137, 0.0185547
68.2886, 0.0185547
68.3654, 0.0185547
68.4254, 0.0185547
68.4869, 0.0185547
68.5469, 0.0185547
68.6084, 0.0185547
68.6684, 0.0185547
68.7299, 0.0185547
68.793, 0.0185547
68.853, 0.0185547
68.9145, 0.0185547
68.9775, 0.0185547
69.0421, 0.0185547
69.1021, 0.0185547
69.1636, 0.0185547
69.2236, 0.0185547
69.2851, 0.0185547
69.3482, 0.0185547
69.4082, 0.0185547
69.4697, 0.0185547
69.5327, 0.0185547
69.5973, 0.0185547
69.6635, 0.0185547
69.7235, 0.0185547
69.785, 0.0185547
69.8481, 0.0185547
69.9127, 0.0185547
69.9789, 0.0185547
70.0389, 0.0185547
70.1004, 0.0185547
70.1604, 0.0185547
70.2204, 0.0185547
70.2819, 0.0185547
70.3419, 0.0185547
70.4034, 0.0185547
70.4665, 0.0185547
70.5265, 0.0185547
70.5865, 0.0185547
70.648, 0.0185547
70.711, 0.0185547
70.7756, 0.0185547
70.8418, 0.0185547
70.9018, 0.0185547
70.9633, 0.0185547
71.0264, 0.0185547
71.0864, 0.0185547
71.1479, 0.0185547
71.2109, 0.0185547
71.2709, 0.0185547
71.3324, 0.0185547
71.3955, 0.0185547
71.4601, 0.0185547
71.5263, 0.0185547
71.5863, 0.0185547
71.6478, 0.0185547
71.7108, 0.0185547
71.7708, 0.0185547
71.8323, 0.0185547
71.8954, 0.0185547
71.96, 0.0185547
72.0262, 0.0185547
72.0862, 0.0185547
72.1477, 0.0185547
72.2077, 0.0185547
72.2692, 0.0185547
72.3323, 0.0185547
72.3923, 0.0185547
72.4538, 0.0185547
72.5138, 0.0185547
72.5753, 0.0185547
72.6383, 0.0185547
72.7029, 0.0185547
72.7691, 0.0185547
72.837, 0.0185547
72.9066, 0.0185547
72.9779, 0.0185547
73.051, 0.0185547
73.126, 0.0185547
73.2028, 0.0185547
73.2815, 0.0185547
73.3622, 0.0185547
73.4222, 0.0185547
73.4837, 0.0185547
73.5437, 0.0185547
73.6037, 0.0185547
73.6652, 0.0185547
73.7252, 0.0185547
73.7867, 0.0185547
73.8497, 0.0185547
73.9097, 0.0185547
73.9712, 0.0185547
74.0343, 0.0185547
74.0943, 0.0185547
74.1558, 0.0185547
74.2158, 0.0185547
74.2773, 0.0185547
74.3403, 0.0185547
74.4049, 0.0185547
74.4711, 0.0185547
74.5311, 0.0185547
74.5926, 0.0185547
74.6526, 0.0185547
74.7141, 0.0185547
74.7772, 0.0185547
74.8372, 0.0185547
74.8987, 0.0185547
74.9587, 0.0185547
75.0187, 0.0185547
75.0802, 0.0185547
75.1402, 0.0185547
75.2017, 0.0185547
75.2647, 0.0185547
75.3293, 0.0185547
75.3956, 0.0185547
75.4556, 0.0185547
75.5171, 0.0185547
75.5801, 0.0185547
75.6447, 0.0185547
75.7047, 0.0185547
75.7662, 0.0185547
75.8292, 0.0185547
75.8939, 0.0185547
75.9539, 0.0185547
76.0154, 0.0185547
76.0784, 0.0185547
76.1384, 0.0185547
76.1999, 0.0185547
76.2629, 0.0185547
76.3229, 0.0185547
76.3844, 0.0185547
76.4444, 0.0185547
76.5044, 0.0185547
76.5659, 0.0185547
76.629, 0.0185547
76.6936, 0.0185547
76.7598, 0.0185547
76.8198, 0.0185547
76.8813, 0.0185547
76.9443, 0.0185547
77.0043, 0.0185547
77.0658, 0.0185547
77.1289, 0.0185547
77.1935, 0.0185547
77.2597, 0.0185547
77.3276, 0.0185547
77.3876, 0.0185547
77.4491, 0.0185547
77.5121, 0.0185547
77.5721, 0.0185547
77.6336, 0.0185547
77.6967, 0.0185547
77.7567, 0.0185547
77.8182, 0.0185547
77.8812, 0.0185547
77.9412, 0.0185547
78.0027, 0.0185547
78.0627, 0.0185547
78.1242, 0.0185547
78.1873, 0.0185547
78.2519, 0.0185547
78.3181, 0.0185547
78.386, 0.0185547
78.446, 0.0185547
78.5075, 0.0185547
78.5705, 0.0185547
78.6305, 0.0185547
78.6905, 0.0185547
78.752, 0.0185547
78.8151, 0.0185547
78.8797, 0.0185547
78.9459, 0.0185547
79.0138, 0.0185547
79.0738, 0.0185547
79.1353, 0.0185547
79.1953, 0.0185547
79.2568, 0.0185547
79.3198, 0.0185547
79.3844, 0.0185547
79.4507, 0.0185547
79.5107, 0.0185547
79.5722, 0.0185547
79.6352, 0.0185547
79.6998, 0.0185547
79.766, 0.0185547
79.826, 0.0185547
79.8875, 0.0185547
79.9475, 0.0185547
80.0075, 0.0185547
80.069, 0.0185547
80.129, 0.0185547
80.1905, 0.0185547
80.2536, 0.0185547
80.3182, 0.0185547
80.3782, 0.0185547
80.4397, 0.0185547
80.5027, 0.0185547
80.5673, 0.0185547
80.6336, 0.0185547
80.7015, 0.0185547
80.771, 0.0185547
80.831, 0.0185547
80.8925, 0.0185547
80.9556, 0.0185547
81.0156, 0.0185547
81.0771, 0.0185547
81.1401, 0.0185547
81.2047, 0.0185547
81.2647, 0.0185547
81.3262, 0.0185547
81.3893, 0.0185547
81.4539, 0.0185547
81.5139, 0.0185547
81.5754, 0.0185547
81.6384, 0.0185547
81.703, 0.0185547
81.763, 0.0185547
81.8245, 0.0185547
81.8876, 0.0185547
81.9476, 0.0185547
82.0091, 0.0185547
82.0721, 0.0185547
82.1321, 0.0185547
82.1936, 0.0185547
82.2536, 0.0185547
82.3151, 0.0185547
82.3751, 0.0185547
82.4366, 0.0185547
82.4966, 0.0185547
82.5581, 0.0185547
82.6211, 0.0185547
82.6811, 0.0185547
82.7426, 0.0185547
82.8057, 0.0185547
82.8657, 0.0185547
82.9272, 0.0185547
82.9902, 0.0185547
83.0548, 0.0185547
83.1211, 0.0185547
83.1889, 0.0185547
83.2585, 0.0185547
83.3185, 0.0185547
83.38, 0.0185547
83.4431, 0.0185547
83.5031, 0.0185547
83.5646, 0.0185547
83.6276, 0.0185547
83.6876, 0.0185547
83.7491, 0.0185547
83.8121, 0.0185547
83.8768, 0.0185547
83.943, 0.0185547
84.003, 0.0185547
84.0645, 0.0185547
84.1275, 0.0185547
84.1921, 0.0185547
84.2521, 0.0185547
84.3136, 0.0185547
84.3736, 0.0185547
84.4351, 0.0185547
84.4982, 0.0185547
84.5628, 0.0185547
84.6228, 0.0185547
84.6843, 0.0185547
84.7473, 0.0185547
84.8119, 0.0185547
84.8719, 0.0185547
84.9334, 0.0185547
84.9965, 0.0185547
85.0611, 0.0185547
85.1273, 0.0185547
85.1952, 0.0185547
85.2552, 0.0185547
85.3167, 0.0185547
85.3797, 0.0185547
85.4444, 0.0185547
85.5044, 0.0185547
85.5659, 0.0185547
85.6259, 0.0185547
85.6874, 0.0185547
85.7474, 0.0185547
85.8089, 0.0185547
85.8719, 0.0185547
85.9319, 0.0185547
85.9934, 0.0185547
86.0534, 0.0185547
86.1149, 0.0185547
86.1779, 0.0185547
86.2379, 0.0185547
86.2994, 0.0185547
86.3625, 0.0185547
86.4225, 0.0185547
86.484, 0.0185547
86.547, 0.0185547
86.6116, 0.0185547
86.6716, 0.0185547
86.7331, 0.0185547
86.7962, 0.0185547
86.8608, 0.0185547
86.927, 0.0185547
86.987, 0.0185547
87.0485, 0.0185547
87.1115, 0.0185547
87.1715, 0.0185547
87.233, 0.0185547
87.2961, 0.0185547
87.3607, 0.0185547
87.4207, 0.0185547
87.4822, 0.0185547
87.5452, 0.0185547
87.6098, 0.0185547
87.6698, 0.0185547
87.7313, 0.0185547
87.7944, 0.0185547
87.859, 0.0185547
87.919, 0.0185547
87.9805, 0.0185547
88.0435, 0.0185547
88.1081, 0.0185547
88.1744, 0.0185547
88.2423, 0.0185547
88.3118, 0.0185547
88.3718, 0.0185547
88.4333, 0.0185547
88.4964, 0.0185547
88.561, 0.0185547
88.621, 0.0185547
88.6825, 0.0185547
88.7455, 0.0185547
88.8101, 0.0185547
88.8764, 0.0185547
88.9364, 0.0185547
88.9979, 0.0185547
89.0579, 0.0185547
89.1194, 0.0185547
89.1794, 0.0185547
89.2409, 0.0185547
89.3039, 0.0185547
89.3685, 0.0185547
89.4285, 0.0185547
89.49, 0.0185547
89.5531, 0.0185547
89.6177, 0.0185547
89.6777, 0.0185547
89.7392, 0.0185547
89.8022, 0.0185547
89.8668, 0.0185547
89.9268, 0.0185547
89.9883, 0.0185547
90.0514, 0.0185547
90.116, 0.0185547
90.176, 0.0185547
90.2375, 0.0185547
90.3005, 0.0185547
90.3651, 0.0185547
90.4251, 0.0185547
90.4866, 0.0185547
90.5497, 0.0185547
90.6143, 0.0185547
90.6743, 0.0185547
90.7358, 0.0185547
90.7988, 0.0185547
90.8588, 0.0185547
90.9203, 0.0185547
90.9803, 0.0185547
91.0418, 0.0185547
91.1048, 0.0185547
91.1695, 0.0185547
91.2295, 0.0185547
91.291, 0.0185547
91.354, 0.0185547
91.414, 0.0185547
91.4755, 0.0185547
91.5385, 0.0185547
91.6031, 0.0185547
91.6631, 0.0185547
91.7246, 0.0185547
91.7846, 0.0185547
91.8461, 0.0185547
91.9092, 0.0185547
91.9738, 0.0185547
92.04, 0.0185547
92.1079, 0.0185547
92.1679, 0.0185547
92.2294, 0.0185547
92.2924, 0.0185547
92.3571, 0.0185547
92.4171, 0.0185547
92.4786, 0.0185547
92.5386, 0.0185547
92.6001, 0.0185547
92.6631, 0.0185547
92.7277, 0.0185547
92.7877, 0.0185547
92.8492, 0.0185547
92.9122, 0.0185547
92.9722, 0.0185547
93.0337, 0.0185547
93.0968, 0.0185547
93.1614, 0.0185547
93.2214, 0.0185547
93.2829, 0.0185547
93.3459, 0.0185547
93.4106, 0.0185547
93.4706, 0.0185547
93.5321, 0.0185547
93.5951, 0.0185547
93.6551, 0.0185547
93.7151, 0.0185547
93.7766, 0.0185547
93.8396, 0.0185547
93.8996, 0.0185547
93.9611, 0.0185547
94.0242, 0.0185547
94.0842, 0.0185547
94.1457, 0.0185547
94.2087, 0.0185547
94.2687, 0.0185547
94.3302, 0.0185547
94.3932, 0.0185547
94.4532, 0.0185547
94.5147, 0.0185547
94.5778, 0.0185547
94.6424, 0.0185547
94.7024, 0.0185547
94.7624, 0.0185547
94.8239, 0.0185547
94.8869, 0.0185547
94.9515, 0.0185547
95.0178, 0.0185547
95.0778, 0.0185547
95.1393, 0.0185547
95.2023, 0.0185547
95.2623, 0.0185547
95.3238, 0.0185547
95.3838, 0.0185547
95.4453, 0.0185547
95.5083, 0.0185547
95.5683, 0.0185547
95.6298, 0.0185547
95.6929, 0.0185547
95.7575, 0.0185547
95.8237, 0.0185547
95.8916, 0.0185547
95.9612, 0.0185547
96.0325, 0.0185547
96.1056, 0.0185547
96.1805, 0.0185547
96.2405, 0.0185547
96.302, 0.0185547
96.3651, 0.0185547
96.4251, 0.0185547
96.4866, 0.0185547
96.5496, 0.0185547
96.6096, 0.0185547
96.6696, 0.0185547
96.7311, 0.0185547
96.7942, 0.0185547
96.8542, 0.0185547
96.9157, 0.0185547
96.9787, 0.0185547
97.0387, 0.0185547
97.1002, 0.0185547
97.1632, 0.0185547
97.2278, 0.0185547
97.2878, 0.0185547
97.3493, 0.0185547
97.4124, 0.0185547
97.477, 0.0185547
97.537, 0.0185547
97.5985, 0.0185547
97.6615, 0.0185547
97.7261, 0.0185547
97.7861, 0.0185547
97.8476, 0.0185547
97.9076, 0.0185547
97.9691, 0.0185547
98.0322, 0.0185547
98.0968, 0.0185547
98.1568, 0.0185547
98.2183, 0.0185547
98.2813, 0.0185547
98.346, 0.0185547
98.406, 0.0185547
98.4675, 0.0185547
98.5305, 0.0185547
98.5905, 0.0185547
98.652, 0.0185547
98.715, 0.0185547
98.7796, 0.0185547
98.8396, 0.0185547
98.8996, 0.0185547
98.9611, 0.0185547
99.0242, 0.0185547
99.0842, 0.0185547
99.1457, 0.0185547
99.2087, 0.0185547
99.2687, 0.0185547
99.3302, 0.0185547
99.3902, 0.0185547
99.4517, 0.0185547
99.5148, 0.0185547
99.5794, 0.0185547
99.6456, 0.0185547
99.7056, 0.0185547
99.7671, 0.0185547
99.8301, 0.0185547
99.8901, 0.0185547
99.9516, 0.0185547
100.015, 0.0185547
100.075, 0.0185547
100.136, 0.0185547
100.199, 0.0185547
100.259, 0.0185547
100.321, 0.0185547
100.384, 0.0185547
100.444, 0.0185547
100.505, 0.0185547
100.568, 0.0185547
100.633, 0.0185547
100.693, 0.0185547
100.754, 0.0185547
100.817, 0.0185547
100.882, 0.0185547
100.942, 0.0185547
101.004, 0.0185547
101.067, 0.0185547
101.127, 0.0185547
101.188, 0.0185547
101.248, 0.0185547
101.31, 0.0185547
101.37, 0.0185547
101.431, 0.0185547
101.494, 0.0185547
101.554, 0.0185547
101.616, 0.0185547
101.679, 0.0185547
101.743, 0.0185547
101.803, 0.0185547
101.865, 0.0185547
101.928, 0.0185547
101.992, 0.0185547
102.052, 0.0185547
102.114, 0.0185547
102.177, 0.0185547
102.237, 0.0185547
102.298, 0.0185547
102.361, 0.0185547
102.421, 0.0185547
102.483, 0.0185547
102.546, 0.0185547
102.611, 0.0185547
102.671, 0.0185547
102.732, 0.0185547
102.795, 0.0185547
102.855, 0.0185547
102.917, 0.0185547
102.977, 0.0185547
103.038, 0.0185547
103.101, 0.0185547
103.161, 0.0185547
103.223, 0.0185547
103.286, 0.0185547
103.346, 0.0185547
103.406, 0.0185547
103.467, 0.0185547
103.53, 0.0185547
103.59, 0.0185547
103.652, 0.0185547
103.715, 0.0185547
103.775, 0.0185547
103.836, 0.0185547
103.899, 0.0185547
103.964, 0.0185547
104.024, 0.0185547
104.085, 0.0185547
104.149, 0.0185547
104.213, 0.0185547
104.273, 0.0185547
104.335, 0.0185547
104.398, 0.0185547
104.462, 0.0185547
104.529, 0.0185547
104.596, 0.0185547
104.656, 0.0185547
104.718, 0.0185547
104.781, 0.0185547
104.841, 0.0185547
104.902, 0.0185547
104.965, 0.0185547
105.03, 0.0185547
105.09, 0.0185547
105.152, 0.0185547
105.215, 0.0185547
105.279, 0.0185547
105.339, 0.0185547
105.401, 0.0185547
105.464, 0.0185547
105.528, 0.0185547
105.595, 0.0185547
105.663, 0.0185547
105.732, 0.0185547
105.803, 0.0185547
105.863, 0.0185547
105.925, 0.0185547
105.988, 0.0185547
106.048, 0.0185547
106.108, 0.0185547
106.169, 0.0185547
106.232, 0.0185547
106.292, 0.0185547
106.354, 0.0185547
106.417, 0.0185547
106.482, 0.0185547
106.548, 0.0185547
106.616, 0.0185547
106.685, 0.0185547
106.757, 0.0185547
106.83, 0.0185547
106.89, 0.0185547
106.951, 0.0185547
107.014, 0.0185547
107.079, 0.0185547
107.145, 0.0185547
107.213, 0.0185547
107.283, 0.0185547
107.354, 0.0185547
107.427, 0.0185547
107.502, 0.0185547
107.579, 0.0185547
107.657, 0.0185547
107.738, 0.0185547
107.821, 0.0185547
107.906, 0.0185547
107.993, 0.0185547
108.082, 0.0185547
108.173, 0.0185547
108.267, 0.0185547
108.362, 0.0185547
108.461, 0.0185547
108.562, 0.0185547
108.622, 0.0185547
108.683, 0.0185547
108.746, 0.0185547
108.811, 0.0185547
108.877, 0.0185547
108.937, 0.0185547
108.998, 0.0185547
109.061, 0.0185547
109.121, 0.0185547
109.183, 0.0185547
109.246, 0.0185547
109.306, 0.0185547
109.367, 0.0185547
109.431, 0.0185547
109.491, 0.0185547
109.552, 0.0185547
109.615, 0.0185547
109.675, 0.0185547
109.737, 0.0185547
109.8, 0.0185547
109.86, 0.0185547
109.921, 0.0185547
109.984, 0.0185547
110.044, 0.0185547
110.106, 0.0185547
110.169, 0.0185547
110.233, 0.0185547
110.3, 0.0185547
110.36, 0.0185547
110.421, 0.0185547
110.484, 0.0185547
110.549, 0.0185547
110.609, 0.0185547
110.67, 0.0185547
110.733, 0.0185547
110.798, 0.0185547
110.858, 0.0185547
110.919, 0.0185547
110.982, 0.0185547
111.047, 0.0185547
111.113, 0.0185547
111.181, 0.0185547
111.241, 0.0185547
111.303, 0.0185547
111.366, 0.0185547
111.43, 0.0185547
111.49, 0.0185547
111.552, 0.0185547
111.612, 0.0185547
111.673, 0.0185547
111.736, 0.0185547
111.801, 0.0185547
111.861, 0.0185547
111.922, 0.0185547
111.985, 0.0185547
112.05, 0.0185547
112.11, 0.0185547
112.172, 0.0185547
112.235, 0.0185547
112.299, 0.0185547
112.359, 0.0185547
112.421, 0.0185547
112.484, 0.0185547
112.548, 0.0185547
112.608, 0.0185547
112.67, 0.0185547
112.733, 0.0185547
112.793, 0.0185547
112.854, 0.0185547
112.917, 0.0185547
112.977, 0.0185547
113.039, 0.0185547
113.102, 0.0185547
113.167, 0.0185547
113.227, 0.0185547
113.288, 0.0185547
113.351, 0.0185547
113.416, 0.0185547
113.476, 0.0185547
113.537, 0.0185547
113.597, 0.0185547
113.659, 0.0185547
113.722, 0.0185547
113.786, 0.0185547
113.853, 0.0185547
113.92, 0.0185547
113.99, 0.0185547
114.061, 0.0185547
114.134, 0.0185547
114.209, 0.0185547
114.269, 0.0185547
114.331, 0.0185547
114.394, 0.0185547
114.459, 0.0185547
114.525, 0.0185547
114.585, 0.0185547
114.646, 0.0185547
114.709, 0.0185547
114.774, 0.0185547
114.834, 0.0185547
114.895, 0.0185547
114.958, 0.0185547
115.018, 0.0185547
115.078, 0.0185547
115.14, 0.0185547
115.203, 0.0185547
115.263, 0.0185547
115.325, 0.0185547
115.388, 0.0185547
115.448, 0.0185547
115.509, 0.0185547
115.569, 0.0185547
115.631, 0.0185547
115.694, 0.0185547
115.758, 0.0185547
115.824, 0.0185547
115.884, 0.0185547
115.946, 0.0185547
116.009, 0.0185547
116.069, 0.0185547
116.129, 0.0185547
116.19, 0.0185547
116.254, 0.0185547
116.314, 0.0185547
116.375, 0.0185547
116.438, 0.0185547
116.498, 0.0185547
116.56, 0.0185547
116.623, 0.0185547
116.683, 0.0185547
116.744, 0.0185547
116.807, 0.0185547
116.872, 0.0185547
116.932, 0.0185547
116.993, 0.0185547
117.053, 0.0185547
117.113, 0.0185547
117.175, 0.0185547
117.238, 0.0185547
117.298, 0.0185547
117.359, 0.0185547
117.419, 0.0185547
117.481, 0.0185547
117.544, 0.0185547
117.604, 0.0185547
117.665, 0.0185547
117.728, 0.0185547
117.788, 0.0185547
117.848, 0.0185547
117.91, 0.0185547
117.97, 0.0185547
118.031, 0.0185547
118.094, 0.0185547
118.154, 0.0185547
118.216, 0.0185547
118.279, 0.0185547
118.344, 0.0185547
118.404, 0.0185547
118.465, 0.0185547
118.528, 0.0185547
118.588, 0.0185547
118.65, 0.0185547
118.713, 0.0185547
118.773, 0.0185547
118.834, 0.0185547
118.897, 0.0185547
118.962, 0.0185547
119.022, 0.0185547
119.083, 0.0185547
119.146, 0.0185547
119.211, 0.0185547
119.271, 0.0185547
119.332, 0.0185547
119.392, 0.0185547
119.454, 0.0185547
119.517, 0.0185547
119.582, 0.0185547
119.642, 0.0185547
119.703, 0.0185547
119.766, 0.0185547
119.826, 0.0185547
119.888, 0.0185547
119.951, 0.0185547
120.015, 0.0185547
120.075, 0.0185547
120.137, 0.0185547
120.197, 0.0185547
120.258, 0.0185547
120.321, 0.0185547
120.386, 0.0185547
120.452, 0.0185547
120.512, 0.0185547
120.574, 0.0185547
120.637, 0.0185547
120.697, 0.0185547
120.758, 0.0185547
120.818, 0.0185547
120.88, 0.0185547
120.94, 0.0185547
121.001, 0.0185547
121.064, 0.0185547
121.129, 0.0185547
121.195, 0.0185547
121.263, 0.0185547
121.323, 0.0185547
121.384, 0.0185547
121.444, 0.0185547
121.506, 0.0185547
121.569, 0.0185547
121.634, 0.0185547
121.694, 0.0185547
121.755, 0.0185547
121.818, 0.0185547
121.883, 0.0185547
121.943, 0.0185547
122.004, 0.0185547
122.067, 0.0185547
122.132, 0.0185547
122.198, 0.0185547
122.258, 0.0185547
122.32, 0.0185547
122.383, 0.0185547
122.447, 0.0185547
122.507, 0.0185547
122.569, 0.0185547
122.629, 0.0185547
122.69, 0.0185547
122.753, 0.0185547
122.818, 0.0185547
122.878, 0.0185547
122.939, 0.0185547
122.999, 0.0185547
123.061, 0.0185547
123.121, 0.0185547
123.182, 0.0185547
123.242, 0.0185547
123.304, 0.0185547
123.367, 0.0185547
123.432, 0.0185547
123.492, 0.0185547
123.553, 0.0185547
123.613, 0.0185547
123.675, 0.0185547
123.735, 0.0185547
123.795, 0.0185547
123.856, 0.0185547
123.916, 0.0185547
123.976, 0.0185547
124.038, 0.0185547
124.101, 0.0185547
124.165, 0.0185547
124.231, 0.0185547
124.291, 0.0185547
124.353, 0.0185547
124.416, 0.0185547
124.481, 0.0185547
124.541, 0.0185547
124.602, 0.0185547
124.662, 0.0185547
124.724, 0.0185547
124.787, 0.0185547
124.847, 0.0185547
124.908, 0.0185547
124.968, 0.0185547
125.03, 0.0185547
125.093, 0.0185547
125.153, 0.0185547
125.214, 0.0185547
125.277, 0.0185547
125.337, 0.0185547
125.399, 0.0185547
125.462, 0.0185547
125.526, 0.0185547
125.586, 0.0185547
125.648, 0.0185547
125.711, 0.0185547
125.771, 0.0185547
125.832, 0.0185547
125.895, 0.0185547
125.96, 0.0185547
126.026, 0.0185547
126.086, 0.0185547
126.148, 0.0185547
126.211, 0.0185547
126.271, 0.0185547
126.332, 0.0185547
126.395, 0.0185547
126.46, 0.0185547
126.526, 0.0185547
126.586, 0.0185547
126.648, 0.0185547
126.711, 0.0185547
126.771, 0.0185547
126.832, 0.0185547
126.895, 0.0185547
126.955, 0.0185547
127.015, 0.0185547
127.077, 0.0185547
127.14, 0.0185547
127.204, 0.0185547
127.271, 0.0185547
127.339, 0.0185547
127.408, 0.0185547
127.479, 0.0185547
127.553, 0.0185547
127.613, 0.0185547
127.674, 0.0185547
127.734, 0.0185547
127.796, 0.0185547
127.856, 0.0185547
127.917, 0.0185547
127.98, 0.0185547
128.045, 0.0185547
128.105, 0.0185547
128.166, 0.0185547
128.229, 0.0185547
128.294, 0.0185547
128.354, 0.0185547
128.415, 0.0185547
128.478, 0.0185547
128.538, 0.0185547
128.6, 0.0185547
128.663, 0.0185547
128.723, 0.0185547
128.784, 0.0185547
128.847, 0.0185547
128.907, 0.0185547
128.969, 0.0185547
129.032, 0.0185547
129.097, 0.0185547
129.157, 0.0185547
129.217, 0.0185547
129.278, 0.0185547
129.338, 0.0185547
129.4, 0.0185547
129.463, 0.0185547
129.527, 0.0185547
129.587, 0.0185547
129.649, 0.0185547
129.712, 0.0185547
129.772, 0.0185547
129.832, 0.0185547
129.892, 0.0185547
129.953, 0.0185547
130.016, 0.0185547
130.076, 0.0185547
130.138, 0.0185547
130.201, 0.0185547
130.261, 0.0185547
130.322, 0.0185547
130.385, 0.0185547
130.445, 0.0185547
130.507, 0.0185547
130.567, 0.0185547
130.628, 0.0185547
130.691, 0.0185547
130.751, 0.0185547
130.813, 0.0185547
130.873, 0.0185547
130.934, 0.0185547
130.997, 0.0185547
131.057, 0.0185547
131.119, 0.0185547
131.182, 0.0185547
131.247, 0.0185547
131.313, 0.0185547
131.373, 0.0185547
131.434, 0.0185547
131.497, 0.0185547
131.557, 0.0185547
131.617, 0.0185547
131.679, 0.0185547
131.742, 0.0185547
131.802, 0.0185547
131.863, 0.0185547
131.926, 0.0185547
131.986, 0.0185547
132.048, 0.0185547
132.108, 0.0185547
132.169, 0.0185547
132.233, 0.0185547
132.297, 0.0185547
132.363, 0.0185547
132.431, 0.0185547
132.501, 0.0185547
132.572, 0.0185547
132.645, 0.0185547
132.705, 0.0185547
132.767, 0.0185547
132.83, 0.0185547
132.89, 0.0185547
132.951, 0.0185547
133.014, 0.0185547
133.074, 0.0185547
133.136, 0.0185547
133.199, 0.0185547
133.263, 0.0185547
133.323, 0.0185547
133.385, 0.0185547
133.448, 0.0185547
133.513, 0.0185547
133.579, 0.0185547
133.639, 0.0185547
133.7, 0.0185547
133.76, 0.0185547
133.822, 0.0185547
133.882, 0.0185547
133.943, 0.0185547
134.006, 0.0185547
134.071, 0.0185547
134.137, 0.0185547
134.197, 0.0185547
134.259, 0.0185547
134.322, 0.0185547
134.382, 0.0185547
134.443, 0.0185547
134.503, 0.0185547
134.565, 0.0185547
134.625, 0.0185547
134.686, 0.0185547
134.749, 0.0185547
134.814, 0.0185547
134.874, 0.0185547
134.935, 0.0185547
134.995, 0.0185547
135.057, 0.0185547
135.12, 0.0185547
135.185, 0.0185547
135.251, 0.0185547
135.319, 0.0185547
135.388, 0.0185547
135.448, 0.0185547
135.51, 0.0185547
135.573, 0.0185547
135.633, 0.0185547
135.694, 0.0185547
135.757, 0.0185547
135.822, 0.0185547
135.888, 0.0185547
135.948, 0.0185547
136.01, 0.0185547
136.073, 0.0185547
136.133, 0.0185547
136.194, 0.0185547
136.257, 0.0185547
136.317, 0.0185547
136.379, 0.0185547
136.442, 0.0185547
136.506, 0.0185547
136.573, 0.0185547
136.641, 0.0185547
136.701, 0.0185547
136.762, 0.0185547
136.825, 0.0185547
136.89, 0.0185547
136.95, 0.0185547
137.011, 0.0185547
137.074, 0.0185547
137.139, 0.0185547
137.199, 0.0185547
137.26, 0.0185547
137.323, 0.0185547
137.388, 0.0185547
137.454, 0.0185547
137.514, 0.0185547
137.576, 0.0185547
137.639, 0.0185547
137.699, 0.0185547
137.76, 0.0185547
137.823, 0.0185547
137.883, 0.0185547
137.945, 0.0185547
138.008, 0.0185547
138.068, 0.0185547
138.129, 0.0185547
138.192, 0.0185547
138.252, 0.0185547
138.314, 0.0185547
138.377, 0.0185547
138.442, 0.0185547
138.502, 0.0185547
138.563, 0.0185547
138.626, 0.0185547
138.686, 0.0185547
138.748, 0.0185547
138.811, 0.0185547
138.871, 0.0185547
138.932, 0.0185547
138.992, 0.0185547
139.054, 0.0185547
139.117, 0.0185547
139.177, 0.0185547
139.238, 0.0185547
139.298, 0.0185547
139.36, 0.0185547
139.423, 0.0185547
139.483, 0.0185547
139.544, 0.0185547
139.604, 0.0185547
139.666, 0.0185547
139.729, 0.0185547
139.789, 0.0185547
139.849, 0.0185547
139.91, 0.0185547
139.973, 0.0185547
140.038, 0.0185547
140.098, 0.0185547
140.159, 0.0185547
140.222, 0.0185547
140.287, 0.0185547
140.347, 0.0185547
140.408, 0.0185547
140.468, 0.0185547
140.53, 0.0185547
140.593, 0.0185547
140.653, 0.0185547
140.715, 0.0185547
140.778, 0.0185547
140.838, 0.0185547
140.899, 0.0185547
140.962, 0.0185547
141.027, 0.0185547
141.087, 0.0185547
141.148, 0.0185547
141.211, 0.0185547
141.271, 0.0185547
141.333, 0.0185547
141.396, 0.0185547
141.456, 0.0185547
141.517, 0.0185547
141.58, 0.0185547
141.645, 0.0185547
141.705, 0.0185547
141.766, 0.0185547
141.829, 0.0185547
141.894, 0.0185547
141.954, 0.0185547
142.016, 0.0185547
142.079, 0.0185547
142.143, 0.0185547
142.203, 0.0185547
142.263, 0.0185547
142.325, 0.0185547
142.388, 0.0185547
142.452, 0.0185547
142.519, 0.0185547
142.587, 0.0185547
142.647, 0.0185547
142.707, 0.0185547
142.768, 0.0185547
142.828, 0.0185547
142.89, 0.0185547
142.953, 0.0185547
143.017, 0.0185547
143.083, 0.0185547
143.151, 0.0185547
143.211, 0.0185547
143.273, 0.0185547
143.336, 0.0185547
143.4, 0.0185547
143.467, 0.0185547
143.535, 0.0185547
143.595, 0.0185547
143.655, 0.0185547
143.716, 0.0185547
143.776, 0.0185547
143.838, 0.0185547
143.901, 0.0185547
143.965, 0.0185547
144.025, 0.0185547
144.087, 0.0185547
144.15, 0.0185547
144.214, 0.0185547
144.274, 0.0185547
144.336, 0.0185547
144.399, 0.0185547
144.459, 0.0185547
144.52, 0.0185547
144.583, 0.0185547
144.643, 0.0185547
144.705, 0.0185547
144.768, 0.0185547
144.833, 0.0185547
144.893, 0.0185547
144.954, 0.0185547
145.017, 0.0185547
145.082, 0.0185547
145.148, 0.0185547
145.216, 0.0185547
145.276, 0.0185547
145.337, 0.0185547
145.4, 0.0185547
145.46, 0.0185547
145.52, 0.0185547
145.582, 0.0185547
145.645, 0.0185547
145.705, 0.0185547
145.766, 0.0185547
145.829, 0.0185547
145.894, 0.0185547
145.96, 0.0185547
146.028, 0.0185547
146.098, 0.0185547
146.169, 0.0185547
146.242, 0.0185547
146.317, 0.0185547
146.394, 0.0185547
146.473, 0.0185547
146.553, 0.0185547
146.636, 0.0185547
146.721, 0.0185547
146.808, 0.0185547
146.868, 0.0185547
146.929, 0.0185547
146.989, 0.0185547
147.051, 0.0185547
147.114, 0.0185547
147.178, 0.0185547
147.238, 0.0185547
147.3, 0.0185547
147.363, 0.0185547
147.428, 0.0185547
147.494, 0.0185547
147.562, 0.0185547
147.622, 0.0185547
147.683, 0.0185547
147.746, 0.0185547
147.811, 0.0185547
147.877, 0.0185547
147.945, 0.0185547
148.014, 0.0185547
148.086, 0.0185547
148.146, 0.0185547
148.207, 0.0185547
148.27, 0.0185547
148.33, 0.0185547
148.392, 0.0185547
148.455, 0.0185547
148.519, 0.0185547
148.579, 0.0185547
148.641, 0.0185547
148.704, 0.0185547
148.764, 0.0185547
148.824, 0.0185547
148.886, 0.0185547
148.946, 0.0185547
149.007, 0.0185547
149.067, 0.0185547
149.129, 0.0185547
149.192, 0.0185547
149.252, 0.0185547
149.313, 0.0185547
149.376, 0.0185547
149.441, 0.0185547
149.501, 0.0185547
149.562, 0.0185547
149.622, 0.0185547
149.684, 0.0185547
149.747, 0.0185547
149.811, 0.0185547
149.878, 0.0185547
149.938, 0.0185547
149.999, 0.0185547
150.062, 0.0185547
150.127, 0.0185547
150.193, 0.0185547
150.261, 0.0185547
150.33, 0.0185547
150.39, 0.0185547
150.452, 0.0185547
150.515, 0.0185547
150.58, 0.0185547
150.646, 0.0185547
150.706, 0.0185547
150.767, 0.0185547
150.827, 0.0185547
150.889, 0.0185547
150.952, 0.0185547
151.016, 0.0185547
151.083, 0.0185547
151.151, 0.0185547
151.22, 0.0185547
151.291, 0.0185547
151.351, 0.0185547
151.413, 0.0185547
151.476, 0.0185547
151.541, 0.0185547
151.607, 0.0185547
151.675, 0.0185547
151.735, 0.0185547
151.796, 0.0185547
151.859, 0.0185547
151.924, 0.0185547
151.99, 0.0185547
152.05, 0.0185547
152.112, 0.0185547
152.175, 0.0185547
152.239, 0.0185547
152.299, 0.0185547
152.361, 0.0185547
152.424, 0.0185547
152.488, 0.0185547
152.548, 0.0185547
152.61, 0.0185547
152.673, 0.0185547
152.738, 0.0185547
152.798, 0.0185547
152.859, 0.0185547
152.922, 0.0185547
152.987, 0.0185547
153.047, 0.0185547
153.108, 0.0185547
153.168, 0.0185547
153.23, 0.0185547
153.293, 0.0185547
153.353, 0.0185547
153.414, 0.0185547
153.477, 0.0185547
153.542, 0.0185547
153.608, 0.0185547
153.668, 0.0185547
153.73, 0.0185547
153.793, 0.0185547
153.857, 0.0185547
153.917, 0.0185547
153.979, 0.0185547
154.042, 0.0185547
154.106, 0.0185547
154.173, 0.0185547
154.233, 0.0185547
154.294, 0.0185547
154.357, 0.0185547
154.422, 0.0185547
154.488, 0.0185547
154.556, 0.0185547
154.626, 0.0185547
154.697, 0.0185547
154.757, 0.0185547
154.818, 0.0185547
154.881, 0.0185547
154.946, 0.0185547
155.012, 0.0185547
155.08, 0.0185547
155.14, 0.0185547
155.202, 0.0185547
155.265, 0.0185547
155.329, 0.0185547
155.395, 0.0185547
155.455, 0.0185547
155.517, 0.0185547
155.577, 0.0185547
155.637, 0.0185547
155.698, 0.0185547
155.762, 0.0185547
155.822, 0.0185547
155.883, 0.0185547
155.946, 0.0185547
156.011, 0.0185547
156.071, 0.0185547
156.132, 0.0185547
156.195, 0.0185547
156.255, 0.0185547
156.317, 0.0185547
156.377, 0.0185547
156.438, 0.0185547
156.498, 0.0185547
156.558, 0.0185547
156.62, 0.0185547
156.683, 0.0185547
156.747, 0.0185547
156.814, 0.0185547
156.881, 0.0185547
156.951, 0.0185547
157.011, 0.0185547
157.073, 0.0185547
157.136, 0.0185547
157.2, 0.0185547
157.26, 0.0185547
157.322, 0.0185547
157.385, 0.0185547
157.449, 0.0185547
157.509, 0.0185547
157.571, 0.0185547
157.634, 0.0185547
157.699, 0.0185547
157.765, 0.0185547
157.833, 0.0185547
157.902, 0.0185547
157.962, 0.0185547
158.024, 0.0185547
158.087, 0.0185547
158.151, 0.0185547
158.211, 0.0185547
158.271, 0.0185547
158.333, 0.0185547
158.396, 0.0185242
158.461, 0.0185242
158.521, 0.0185242
158.582, 0.0185242
158.642, 0.0185242
158.704, 0.0185242
158.767, 0.0185242
158.831, 0.0185242
158.891, 0.0185242
158.953, 0.0185242
159.016, 0.0185242
159.08, 0.0185242
159.14, 0.0185242
159.202, 0.0185242
159.265, 0.0185242
159.329, 0.0185242
159.389, 0.0185242
159.449, 0.0185242
159.511, 0.0185242
159.574, 0.0185242
159.639, 0.0185242
159.705, 0.0185242
159.773, 0.0185242
159.842, 0.0185242
159.902, 0.0185242
159.964, 0.0185242
160.027, 0.0185242
160.091, 0.0185242
160.151, 0.0185242
160.213, 0.0185242
160.276, 0.0185242
160.341, 0.0185242
160.407, 0.0185242
160.475, 0.0185242
160.535, 0.0185242
160.596, 0.0185242
160.659, 0.0185242
160.724, 0.0185242
160.784, 0.0185242
160.845, 0.0185242
160.908, 0.0185242
160.968, 0.0185242
161.03, 0.0185242
161.093, 0.0185242
161.158, 0.0185242
161.224, 0.0185242
161.292, 0.0185242
161.361, 0.0185242
161.421, 0.0185242
161.483, 0.0185242
161.546, 0.0185242
161.61, 0.0185242
161.67, 0.0185242
161.732, 0.0185242
161.792, 0.0185242
161.853, 0.0185242
161.916, 0.0185242
161.981, 0.0185242
162.047, 0.0185242
162.115, 0.0185242
162.175, 0.0185242
162.237, 0.0185242
162.3, 0.0185242
162.364, 0.0185242
162.431, 0.0185242
162.491, 0.0185242
162.552, 0.0185242
162.615, 0.0185242
162.68, 0.0185242
162.74, 0.0185242
162.801, 0.0185242
162.864, 0.0185242
162.929, 0.0185242
162.995, 0.0185242
163.055, 0.0185242
163.115, 0.0185242
163.177, 0.0185242
163.24, 0.0185242
163.3, 0.0185242
163.361, 0.0185242
163.424, 0.0185242
163.489, 0.0185242
163.549, 0.0185242
163.609, 0.0185242
163.67, 0.0185242
163.733, 0.0185242
163.793, 0.0185242
163.855, 0.0185242
163.915, 0.0185242
163.976, 0.0185242
164.039, 0.0185242
164.104, 0.0185242
164.164, 0.0185242
164.225, 0.0185242
164.289, 0.0185242
164.349, 0.0185242
164.41, 0.0185242
164.473, 0.0185242
164.538, 0.0185242
164.604, 0.0185242
164.672, 0.0185242
164.741, 0.0185242
164.801, 0.0185242
164.863, 0.0185242
164.926, 0.0185242
164.986, 0.0185242
165.047, 0.0185242
165.107, 0.0185242
165.169, 0.0185242
165.232, 0.0185242
165.297, 0.0185242
165.357, 0.0185242
165.418, 0.0185242
165.481, 0.0185242
165.541, 0.0185242
165.603, 0.0185242
165.666, 0.0185242
165.73, 0.0185242
165.79, 0.0185242
165.852, 0.0185242
165.915, 0.0185242
165.979, 0.0185242
166.039, 0.0185242
166.101, 0.0185242
166.164, 0.0185242
166.229, 0.0185242
166.289, 0.0185242
166.35, 0.0185242
166.41, 0.0185242
166.472, 0.0185242
166.535, 0.0185242
166.599, 0.0185242
166.659, 0.0185242
166.721, 0.0185242
166.784, 0.0185242
166.848, 0.0185242
166.908, 0.0185242
166.97, 0.0185242
167.03, 0.0185242
167.091, 0.0185242
167.154, 0.0185242
167.219, 0.0185242
167.279, 0.0185242
167.34, 0.0185242
167.404, 0.0185242
167.468, 0.0185242
167.528, 0.0184937
167.588, 0.0184937
167.65, 0.0184937
167.713, 0.0184937
167.777, 0.0184937
167.837, 0.0184937
167.899, 0.0184937
167.959, 0.0184937
168.02, 0.0184937
168.083, 0.0184937
168.148, 0.0184937
168.214, 0.0184937
168.282, 0.0184937
168.352, 0.0184937
168.423, 0.0184937
168.496, 0.0184937
168.556, 0.0184937
168.618, 0.0184937
168.681, 0.0184937
168.745, 0.0184937
168.811, 0.0184937
168.879, 0.0184937
168.939, 0.0184937
168.999, 0.0184937
169.061, 0.0184937
169.124, 0.0184937
169.188, 0.0184937
169.255, 0.0184937
169.315, 0.0184937
169.376, 0.0184937
169.439, 0.0184937
169.504, 0.0184937
169.564, 0.0184937
169.625, 0.0184937
169.688, 0.0184937
169.753, 0.0184937
169.813, 0.0184937
169.875, 0.0184937
169.935, 0.0184937
169.995, 0.0184937
170.056, 0.0184937
170.116, 0.0184937
170.178, 0.0184937
170.241, 0.0184937
170.305, 0.0184937
170.371, 0.0184937
170.439, 0.0184937
170.509, 0.0184937
170.569, 0.0184937
170.63, 0.0184937
170.693, 0.0184937
170.758, 0.0184937
170.824, 0.0184937
170.884, 0.0184937
170.946, 0.0184937
171.009, 0.0184937
171.073, 0.0184937
171.14, 0.0184937
171.2, 0.0184937
171.261, 0.0184937
171.321, 0.0184937
171.383, 0.0184937
171.446, 0.0184937
171.51, 0.0184937
171.57, 0.0184937
171.632, 0.0184937
171.695, 0.0184937
171.755, 0.0184937
171.816, 0.0184937
171.879, 0.0184937
171.944, 0.0184937
172.01, 0.0184937
172.078, 0.0184937
172.138, 0.0184937
172.2, 0.0184937
172.263, 0.0184937
172.327, 0.0184937
172.387, 0.0184937
172.449, 0.0184937
172.509, 0.0184937
172.57, 0.0184937
172.633, 0.0184937
172.698, 0.0184937
172.764, 0.0184937
172.824, 0.0184937
172.886, 0.0184937
172.949, 0.0184937
173.013, 0.0184937
173.079, 0.0184937
173.147, 0.0184937
173.207, 0.0184937
173.269, 0.0184937
173.332, 0.0184937
173.397, 0.0184937
173.463, 0.0184937
173.531, 0.0184937
173.6, 0.0184937
173.672, 0.0184937
173.745, 0.0184937
173.805, 0.0184937
173.866, 0.0184937
173.929, 0.0184937
173.994, 0.0184937
174.054, 0.0184937
174.115, 0.0184937
174.175, 0.0184937
174.237, 0.0184937
174.3, 0.0184937
174.364, 0.0184937
174.424, 0.0184937
174.486, 0.0184937
174.549, 0.0184937
174.614, 0.0184937
174.674, 0.0184937
174.735, 0.0184937
174.795, 0.0184937
174.855, 0.0184937
174.917, 0.0184937
174.977, 0.0184937
175.038, 0.0184937
175.101, 0.0184937
175.161, 0.0184937
175.223, 0.0184937
175.286, 0.0184937
175.35, 0.0184937
175.416, 0.0184937
175.484, 0.0184937
175.554, 0.0184937
175.614, 0.0184937
175.675, 0.0184937
175.735, 0.0184937
175.795, 0.0184937
175.857, 0.0184937
175.92, 0.0184937
175.985, 0.0184937
176.051, 0.0184937
176.119, 0.0184937
176.188, 0.0184937
176.26, 0.0184937
176.32, 0.0184937
176.381, 0.0184937
176.444, 0.0184937
176.504, 0.0184937
176.566, 0.0184937
176.629, 0.0184937
176.693, 0.0184937
176.76, 0.0184937
176.827, 0.0184937
176.897, 0.0184937
176.957, 0.0184937
177.019, 0.0184937
177.082, 0.0184937
177.146, 0.0184937
177.206, 0.0184937
177.268, 0.0184937
177.331, 0.0184937
177.391, 0.0184937
177.452, 0.0184937
177.512, 0.0184937
177.574, 0.0184937
177.637, 0.0184937
177.701, 0.0184937
177.761, 0.0184937
177.821, 0.0184937
177.883, 0.0184937
177.943, 0.0184937
178.004, 0.0184937
178.067, 0.0184937
178.127, 0.0184937
178.187, 0.0184937
178.249, 0.0184937
178.309, 0.0184937
178.37, 0.0184937
178.43, 0.0184937
178.49, 0.0184937
178.552, 0.0184937
178.615, 0.0184937
178.675, 0.0184937
178.736, 0.0184937
178.799, 0.0184937
178.864, 0.0184937
178.924, 0.0184937
178.986, 0.0184937
179.049, 0.0184937
179.113, 0.0184937
179.179, 0.0184937
179.247, 0.0184937
179.307, 0.0184937
179.369, 0.0184937
179.432, 0.0184937
179.492, 0.0184937
179.553, 0.0184937
179.616, 0.0184937
179.681, 0.0184937
179.747, 0.0184937
179.815, 0.0184937
179.885, 0.0184937
179.945, 0.0184937
180.006, 0.0184937
180.069, 0.0184937
180.134, 0.0184937
180.194, 0.0184937
180.255, 0.0184937
180.315, 0.0184937
180.377, 0.0184937
180.44, 0.0184937
180.505, 0.0184937
180.571, 0.0184937
180.639, 0.0184937
180.708, 0.0184937
180.768, 0.0184937
180.83, 0.0184937
180.89, 0.0184937
180.951, 0.0184937
181.014, 0.0184937
181.079, 0.0184937
181.145, 0.0184937
181.205, 0.0184937
181.267, 0.0184937
181.33, 0.0184937
181.394, 0.0184937
181.454, 0.0184937
181.516, 0.0184937
181.579, 0.0184937
181.643, 0.0184937
181.703, 0.0184937
181.765, 0.0184937
181.828, 0.0184937
181.893, 0.0184937
181.953, 0.0184937
182.014, 0.0184937
182.074, 0.0184937
182.136, 0.0184937
182.199, 0.0184937
182.259, 0.0184937
182.319, 0.0184937
182.38, 0.0184937
182.443, 0.0184937
182.508, 0.0184937
182.568, 0.0184937
182.629, 0.0184937
182.692, 0.0184937
182.757, 0.0184937
182.817, 0.0184937
182.878, 0.0184937
182.938, 0.0184937
183, 0.0184937
183.063, 0.0184937
183.128, 0.0184937
183.188, 0.0184937
183.249, 0.0184937
183.309, 0.0184937
183.371, 0.0184937
183.434, 0.0184937
183.498, 0.0184937
183.558, 0.0184937
183.618, 0.0184937
183.678, 0.0184937
183.74, 0.0184937
183.8, 0.0184937
183.861, 0.0184937
183.924, 0.0184937
183.989, 0.0184937
184.049, 0.0184937
184.11, 0.0184937
184.17, 0.0184937
184.232, 0.0184937
184.292, 0.0184937
184.352, 0.0184937
184.413, 0.0184937
184.476, 0.0184937
184.541, 0.0184937
184.601, 0.0184937
184.662, 0.0184937
184.726, 0.0184937
184.786, 0.0184937
184.846, 0.0184937
184.907, 0.0184937
184.97, 0.0184937
185.03, 0.0184937
185.092, 0.0184937
185.155, 0.0184937
185.219, 0.0184937
185.279, 0.0184937
185.339, 0.0184937
185.401, 0.0184937
185.461, 0.0184937
185.522, 0.0184937
185.585, 0.0184937
185.65, 0.0184937
185.71, 0.0184937
185.77, 0.0184937
185.831, 0.0184937
185.894, 0.0184937
185.959, 0.0184937
186.025, 0.0184937
186.085, 0.0184937
186.147, 0.0184937
186.21, 0.0184937
186.274, 0.0184937
186.334, 0.0184937
186.396, 0.0184937
186.459, 0.0184937
186.524, 0.0184937
186.59, 0.0184937
186.65, 0.0184937
186.711, 0.0184937
186.774, 0.0184937
186.834, 0.0184937
186.894, 0.0184937
186.956, 0.0184937
187.019, 0.0184937
187.083, 0.0184937
187.143, 0.0184937
187.205, 0.0184937
187.265, 0.0184937
187.325, 0.0184937
187.386, 0.0184937
187.45, 0.0184937
187.514, 0.0184937
187.58, 0.0184937
187.64, 0.0184937
187.702, 0.0184937
187.762, 0.0184937
187.823, 0.0184937
187.886, 0.0184937
187.946, 0.0184937
188.008, 0.0184937
188.071, 0.0184937
188.136, 0.0184937
188.202, 0.0184937
188.262, 0.0184937
188.323, 0.0184937
188.386, 0.0184937
188.451, 0.0184937
188.511, 0.0184937
188.572, 0.0184937
188.635, 0.0184937
188.7, 0.0184937
188.76, 0.0184937
188.82, 0.0184937
188.882, 0.0184937
188.945, 0.0184937
189.009, 0.0184937
189.069, 0.0184937
189.131, 0.0184937
189.194, 0.0184937
189.258, 0.0184937
189.325, 0.0184937
189.392, 0.0184937
189.462, 0.0184937
189.533, 0.0184937
189.606, 0.0184937
189.666, 0.0184937
189.728, 0.0184937
189.791, 0.0184937
189.856, 0.0184937
189.922, 0.0184937
189.982, 0.0184937
190.043, 0.0184937
190.106, 0.0184937
190.171, 0.0184937
190.231, 0.0184937
190.293, 0.0184937
190.356, 0.0184937
190.42, 0.0184937
190.48, 0.0184937
190.542, 0.0184937
190.602, 0.0184937
190.663, 0.0184937
190.726, 0.0184937
190.791, 0.0184937
190.857, 0.0184937
190.917, 0.0184937
190.979, 0.0184937
191.042, 0.0184937
191.106, 0.0184937
191.172, 0.0184937
191.24, 0.0184937
191.31, 0.0184937
191.381, 0.0184937
191.441, 0.0184937
191.503, 0.0184937
191.566, 0.0184937
191.63, 0.0184937
191.69, 0.0184937
191.752, 0.0184937
191.812, 0.0184937
191.873, 0.0184937
191.936, 0.0184937
192.001, 0.0184937
192.061, 0.0184937
192.123, 0.0184937
192.186, 0.0184937
192.25, 0.0184937
192.31, 0.0184937
192.372, 0.0184937
192.435, 0.0184937
192.499, 0.0184937
192.566, 0.0184631
192.633, 0.0184631
192.693, 0.0184631
192.755, 0.0184631
192.818, 0.0184631
192.878, 0.0184631
192.939, 0.0184631
193.003, 0.0184631
193.067, 0.0184631
193.133, 0.0184631
193.201, 0.0184631
193.261, 0.0184631
193.323, 0.0184631
193.386, 0.0184631
193.45, 0.0184631
193.517, 0.0184631
193.577, 0.0184631
193.638, 0.0184631
193.701, 0.0184631
193.766, 0.0184631
193.826, 0.0184631
193.887, 0.0184631
193.95, 0.0184631
194.015, 0.0184631
194.075, 0.0184631
194.136, 0.0184631
194.199, 0.0184631
194.264, 0.0184631
194.324, 0.0184631
194.386, 0.0184631
194.449, 0.0184631
194.513, 0.0184631
194.579, 0.0184631
194.647, 0.0184631
194.707, 0.0184631
194.769, 0.0184631
194.832, 0.0184631
194.892, 0.0184631
194.953, 0.0184631
195.016, 0.0184631
195.081, 0.0184631
195.141, 0.0184631
195.203, 0.0184631
195.266, 0.0184631
195.33, 0.0184631
195.396, 0.0184631
195.456, 0.0184631
195.516, 0.0184631
195.578, 0.0184631
195.641, 0.0184631
195.701, 0.0184631
195.762, 0.0184631
195.822, 0.0184631
195.882, 0.0184631
195.944, 0.0184631
196.007, 0.0184631
196.072, 0.0184631
196.138, 0.0184631
196.206, 0.0184631
196.266, 0.0184631
196.327, 0.0184631
196.39, 0.0184631
196.45, 0.0184631
196.512, 0.0184631
196.575, 0.0184631
196.639, 0.0184631
196.706, 0.0184631
196.774, 0.0184631
196.843, 0.0184631
196.903, 0.0184631
196.965, 0.0184631
197.025, 0.0184631
197.086, 0.0184631
197.149, 0.0184631
197.214, 0.0184631
197.28, 0.0184631
197.34, 0.0184631
197.401, 0.0184631
197.465, 0.0184631
197.529, 0.0184631
197.595, 0.0184631
197.655, 0.0184631
197.717, 0.0184631
197.78, 0.0184631
197.84, 0.0184631
197.9, 0.0184631
197.961, 0.0184631
198.024, 0.0184631
198.084, 0.0184631
198.144, 0.0184631
198.206, 0.0184631
198.269, 0.0184631
198.334, 0.0184631
198.394, 0.0184631
198.455, 0.0184631
198.518, 0.0184631
198.578, 0.0184631
198.64, 0.0184631
198.703, 0.0184631
198.767, 0.0184631
198.827, 0.0184631
198.889, 0.0184631
198.952, 0.0184631
199.016, 0.0184631
199.076, 0.0184631
199.136, 0.0184631
199.198, 0.0184631
199.261, 0.0184631
199.326, 0.0184631
199.386, 0.0184631
199.447, 0.0184631
199.51, 0.0184631
199.575, 0.0184631
199.641, 0.0184631
199.709, 0.0184631
199.769, 0.0184631
199.83, 0.0184631
199.89, 0.0184631
199.952, 0.0184631
200.015, 0.0184631
200.079, 0.0184631
200.146, 0.0184631
200.214, 0.0184631
200.274, 0.0184631
200.335, 0.0184631
200.398, 0.0184631
200.463, 0.0184631
200.523, 0.0184631
200.584, 0.0184631
200.647, 0.0184631
200.712, 0.0184631
200.772, 0.0184631
200.833, 0.0184631
200.896, 0.0184631
200.961, 0.0184631
201.027, 0.0184631
201.095, 0.0184631
201.155, 0.0184631
201.217, 0.0184631
201.28, 0.0184631
201.34, 0.0184631
201.401, 0.0184631
201.464, 0.0184631
201.529, 0.0184631
201.595, 0.0184631
201.663, 0.0184631
201.723, 0.0184631
201.784, 0.0184631
201.848, 0.0184631
201.912, 0.0184631
201.972, 0.0184631
202.034, 0.0184631
202.097, 0.0184631
202.161, 0.0184631
202.227, 0.0184631
202.295, 0.0184631
202.365, 0.0184631
202.425, 0.0184631
202.486, 0.0184631
202.549, 0.0184631
202.609, 0.0184631
202.671, 0.0184631
202.731, 0.0184631
202.792, 0.0184631
202.856, 0.0184631
202.916, 0.0184631
202.977, 0.0184631
203.04, 0.0184631
203.1, 0.0184631
203.162, 0.0184631
203.225, 0.0184631
203.289, 0.0184631
203.349, 0.0184631
203.411, 0.0184631
203.474, 0.0184631
203.534, 0.0184631
203.594, 0.0184631
203.655, 0.0184631
203.718, 0.0184631
203.783, 0.0184631
203.843, 0.0184631
203.904, 0.0184631
203.967, 0.0184631
204.032, 0.0184631
204.098, 0.0184631
204.166, 0.0184631
204.236, 0.0184631
204.307, 0.0184631
204.38, 0.0184631
204.455, 0.0184631
204.515, 0.0184631
204.577, 0.0184631
204.64, 0.0184631
204.704, 0.0184631
204.764, 0.0184631
204.826, 0.0184631
204.889, 0.0184631
204.953, 0.0184631
205.013, 0.0184631
205.075, 0.0184631
205.135, 0.0184631
205.196, 0.0184631
205.259, 0.0184631
205.324, 0.0184631
205.39, 0.0184326
205.45, 0.0184326
205.512, 0.0184326
205.572, 0.0184326
205.632, 0.0184326
205.693, 0.0184326
205.756, 0.0184326
205.821, 0.0184326
205.887, 0.0184326
205.955, 0.0184326
206.025, 0.0184326
206.085, 0.0184326
206.146, 0.0184326
206.209, 0.0184326
206.269, 0.0184326
206.331, 0.0184326
206.394, 0.0184326
206.458, 0.0184326
206.525, 0.0184326
206.585, 0.0184326
206.646, 0.0184326
206.709, 0.0184326
206.774, 0.0184326
206.84, 0.0184326
206.908, 0.0184326
206.968, 0.0184326
207.029, 0.0184326
207.092, 0.0184326
207.157, 0.0184326
207.223, 0.0184326
207.283, 0.0184326
207.345, 0.0184326
207.405, 0.0184326
207.466, 0.0184326
207.529, 0.0184326
207.594, 0.0184326
207.66, 0.0184326
207.72, 0.0184326
207.782, 0.0184326
207.845, 0.0184326
207.909, 0.0184326
207.975, 0.0184326
208.035, 0.0184326
208.097, 0.0184326
208.16, 0.0184326
208.225, 0.0184326
208.285, 0.0184326
208.346, 0.0184326
208.409, 0.0184326
208.474, 0.0184326
208.54, 0.0184326
208.608, 0.0184326
208.668, 0.0184326
208.729, 0.0184326
208.789, 0.0184326
208.851, 0.0184326
208.914, 0.0184326
208.979, 0.0184326
209.039, 0.0184326
209.099, 0.0184326
209.16, 0.0184326
209.223, 0.0184326
209.288, 0.0184326
209.348, 0.0184326
209.409, 0.0184326
209.469, 0.0184326
209.531, 0.0184326
209.594, 0.0184326
209.654, 0.0184326
209.715, 0.0184326
209.778, 0.0184326
209.843, 0.0184326
209.903, 0.0184326
209.964, 0.0184326
210.027, 0.0184326
210.092, 0.0184326
210.152, 0.0184326
210.214, 0.0184326
210.274, 0.0184326
210.335, 0.0184326
210.398, 0.0184326
210.463, 0.0184326
210.523, 0.0184326
210.584, 0.0184326
210.644, 0.0184326
210.706, 0.0184326
210.769, 0.0184326
210.833, 0.0184326
210.893, 0.0184326
210.953, 0.0184326
211.015, 0.0184326
211.078, 0.0184326
211.142, 0.0184326
211.209, 0.0184326
211.269, 0.0184326
211.33, 0.0184326
211.39, 0.0184326
211.452, 0.0184326
211.515, 0.0184326
211.579, 0.0184326
211.646, 0.0184326
211.706, 0.0184326
211.767, 0.0184326
211.83, 0.0184326
211.89, 0.0184326
211.952, 0.0184326
212.015, 0.0184326
212.075, 0.0184326
212.136, 0.0184326
212.199, 0.0184326
212.259, 0.0184326
212.321, 0.0184326
212.384, 0.0184326
212.448, 0.0184326
212.508, 0.0184326
212.568, 0.0184326
212.63, 0.0184326
212.693, 0.0184326
212.757, 0.0184326
212.817, 0.0184326
212.879, 0.0184326
212.939, 0.0184326
212.999, 0.0184326
213.06, 0.0184326
213.12, 0.0184326
213.18, 0.0184326
213.242, 0.0184326
213.302, 0.0184326
213.363, 0.0184326
213.427, 0.0184326
213.487, 0.0184326
213.548, 0.0184326
213.611, 0.0184326
213.671, 0.0184326
213.733, 0.0184326
213.796, 0.0184326
213.856, 0.0184326
213.917, 0.0184326
213.98, 0.0184326
214.045, 0.0184326
214.111, 0.0184326
214.171, 0.0184326
214.232, 0.0184326
214.292, 0.0184326
214.354, 0.0184326
214.414, 0.0184326
214.475, 0.0184326
214.539, 0.0184326
214.603, 0.0184326
214.669, 0.0184326
214.737, 0.0184326
214.807, 0.0184326
214.867, 0.0184326
214.928, 0.0184326
214.991, 0.0184326
215.051, 0.0184326
215.113, 0.0184326
215.176, 0.0184326
215.241, 0.0184326
215.307, 0.0184326
215.367, 0.0184326
215.428, 0.0184326
215.491, 0.0184326
215.556, 0.0184326
215.616, 0.0184326
215.677, 0.0184326
215.74, 0.0184326
215.805, 0.0184326
215.865, 0.0184326
215.925, 0.0184326
215.987, 0.0184326
216.05, 0.0184326
216.114, 0.0184326
216.174, 0.0184326
216.236, 0.0184326
216.296, 0.0184326
216.357, 0.0184326
216.42, 0.0184326
216.485, 0.0184326
216.545, 0.0184326
216.605, 0.0184326
216.666, 0.0184326
216.729, 0.0184326
216.789, 0.0184326
216.851, 0.0184326
216.911, 0.0184326
216.972, 0.0184326
217.035, 0.0184326
217.1, 0.0184326
217.16, 0.0184326
217.222, 0.0184326
217.285, 0.0184326
217.349, 0.0184326
217.409, 0.0184326
217.471, 0.0184326
217.534, 0.0184326
217.594, 0.0184326
217.655, 0.0184326
217.718, 0.0184326
217.783, 0.0184326
217.849, 0.0184326
217.909, 0.0184326
217.971, 0.0184326
218.031, 0.0184326
218.092, 0.0184326
218.155, 0.0184326
218.22, 0.0184326
218.28, 0.0184326
218.341, 0.0184326
218.404, 0.0184326
218.469, 0.0184326
218.529, 0.0184326
218.59, 0.0184326
218.65, 0.0184326
218.712, 0.0184326
218.775, 0.0184326
218.84, 0.0184326
218.9, 0.0184326
218.961, 0.0184326
219.024, 0.0184326
219.084, 0.0184326
219.146, 0.0184326
219.209, 0.0184326
219.269, 0.0184326
219.33, 0.0184326
219.393, 0.0184326
219.458, 0.0184326
219.524, 0.0184326
219.584, 0.0184326
219.646, 0.0184326
219.706, 0.0184326
219.767, 0.0184326
219.83, 0.0184326
219.89, 0.0184326
219.952, 0.0184326
220.012, 0.0184326
220.073, 0.0184326
220.136, 0.0184326
220.196, 0.0184326
220.258, 0.0184326
220.321, 0.0184326
220.381, 0.0184326
220.442, 0.0184326
220.502, 0.0184326
220.564, 0.0184326
220.627, 0.0184326
220.691, 0.0184326
220.758, 0.0184326
220.818, 0.0184326
220.879, 0.0184326
220.942, 0.0184326
221.007, 0.0184326
221.073, 0.0184326
221.133, 0.0184326
221.194, 0.0184326
221.257, 0.0184326
221.317, 0.0184326
221.379, 0.0184326
221.442, 0.0184326
221.507, 0.0184326
221.573, 0.0184326
221.641, 0.0184326
221.701, 0.0184326
221.762, 0.0184326
221.822, 0.0184326
221.884, 0.0184326
221.944, 0.0184326
222.005, 0.0184326
222.065, 0.0184326
222.125, 0.0184326
222.187, 0.0184326
222.25, 0.0184326
222.314, 0.0184326
222.381, 0.0184326
222.441, 0.0184326
222.502, 0.0184326
222.562, 0.0184326
222.624, 0.0184326
222.684, 0.0184326
222.745, 0.0184326
222.808, 0.0184326
222.873, 0.0184326
222.939, 0.0184326
222.999, 0.0184326
223.06, 0.0184326
223.123, 0.0184326
223.188, 0.0184326
223.248, 0.0184326
223.31, 0.0184326
223.373, 0.0184326
223.437, 0.0184326
223.503, 0.0184326
223.571, 0.0184326
223.631, 0.0184326
223.691, 0.0184326
223.753, 0.0184326
223.816, 0.0184326
223.881, 0.0184326
223.947, 0.0184326
224.007, 0.0184326
224.068, 0.0184326
224.131, 0.0184326
224.196, 0.0184326
224.256, 0.0184326
224.317, 0.0184326
224.377, 0.0184326
224.439, 0.0184326
224.499, 0.0184326
224.56, 0.0184326
224.623, 0.0184326
224.683, 0.0184326
224.745, 0.0184326
224.808, 0.0184326
224.873, 0.0184326
224.933, 0.0184326
224.994, 0.0184326
225.054, 0.0184326
225.116, 0.0184326
225.179, 0.0184326
225.243, 0.0184326
225.309, 0.0184326
225.377, 0.0184326
225.447, 0.0184326
225.518, 0.0184326
225.578, 0.0184326
225.64, 0.0184326
225.703, 0.0184326
225.763, 0.0184326
225.824, 0.0184326
225.884, 0.0184326
225.944, 0.0184326
226.006, 0.0184326
226.069, 0.0184326
226.133, 0.0184326
226.193, 0.0184326
226.255, 0.0184326
226.318, 0.0184326
226.383, 0.0184326
226.449, 0.0184326
226.517, 0.0184326
226.577, 0.0184326
226.638, 0.0184326
226.701, 0.0184326
226.766, 0.0184326
226.826, 0.0184326
226.887, 0.0184326
226.95, 0.0184326
227.01, 0.0184326
227.072, 0.0184326
227.132, 0.0184326
227.193, 0.0184326
227.256, 0.0184326
227.321, 0.0184326
227.387, 0.0184326
227.455, 0.0184326
227.515, 0.0184326
227.577, 0.0184326
227.64, 0.0184326
227.704, 0.0184326
227.771, 0.0184326
227.831, 0.0184326
227.892, 0.0184326
227.952, 0.0184326
228.014, 0.0184326
228.077, 0.0184326
228.137, 0.0184326
228.198, 0.0184326
228.261, 0.0184326
228.326, 0.0184326
228.386, 0.0184326
228.447, 0.0184326
228.507, 0.0184326
228.569, 0.0184326
228.632, 0.0184326
228.696, 0.0184326
228.756, 0.0184326
228.818, 0.0184326
228.881, 0.0184326
228.946, 0.0184326
229.006, 0.0184326
229.067, 0.0184326
229.127, 0.0184326
229.189, 0.0184326
229.252, 0.0184326
229.312, 0.0184326
229.373, 0.0184326
229.433, 0.0184326
229.495, 0.0184326
229.558, 0.0184326
229.618, 0.0184326
229.679, 0.0184326
229.742, 0.0184326
229.807, 0.0184326
229.867, 0.0184326
229.928, 0.0184326
229.991, 0.0184326
230.056, 0.0184326
230.122, 0.0184326
230.182, 0.0184326
230.244, 0.0184326
230.307, 0.0184326
230.367, 0.0184326
230.428, 0.0184326
230.491, 0.0184326
230.556, 0.0184326
230.622, 0.0184326
230.69, 0.0184326
230.75, 0.0184326
230.811, 0.0184326
230.874, 0.0184326
230.939, 0.0184326
230.999, 0.0184326
231.061, 0.0184326
231.121, 0.0184326
231.182, 0.0184326
231.245, 0.0184326
231.31, 0.0184326
231.376, 0.0184326
231.436, 0.0184326
231.497, 0.0184326
231.561, 0.0184326
231.625, 0.0184326
231.685, 0.0184326
231.747, 0.0184326
231.81, 0.0184326
231.874, 0.0184326
231.934, 0.0184326
231.996, 0.0184326
232.059, 0.0184326
232.123, 0.0184326
232.183, 0.0184326
232.245, 0.0184326
232.308, 0.0184326
232.373, 0.0184326
232.433, 0.0184326
232.494, 0.0184326
232.557, 0.0184326
232.617, 0.0184326
232.679, 0.0184326
232.742, 0.0184326
232.802, 0.0184326
232.863, 0.0184326
232.926, 0.0184326
232.991, 0.0184326
233.051, 0.0184326
233.112, 0.0184326
233.172, 0.0184326
233.234, 0.0184326
233.297, 0.0184326
233.357, 0.0184326
233.418, 0.0184326
233.481, 0.0184326
233.546, 0.0184326
233.612, 0.0184326
233.672, 0.0184326
233.734, 0.0184326
233.797, 0.0184326
233.861, 0.0184326
233.928, 0.0184326
233.995, 0.0184326
234.055, 0.0184326
234.117, 0.0184326
234.177, 0.0184326
234.238, 0.0184326
234.302, 0.0184326
234.362, 0.0184326
234.423, 0.0184326
234.486, 0.0184326
234.551, 0.0184326
234.617, 0.0184326
234.685, 0.0184326
234.745, 0.0184326
234.806, 0.0184326
234.869, 0.0184326
234.929, 0.0184326
234.991, 0.0184326
235.054, 0.0184326
235.118, 0.0184326
235.178, 0.0184326
235.24, 0.0184326
235.3, 0.0184326
235.361, 0.0184326
235.425, 0.0184326
235.485, 0.0184326
235.545, 0.0184326
235.606, 0.0184326
235.669, 0.0184326
235.729, 0.0184326
235.791, 0.0184326
235.854, 0.0184326
235.918, 0.0184326
235.984, 0.0184326
236.044, 0.0184326
236.104, 0.0184326
236.166, 0.0184326
236.229, 0.0184326
236.294, 0.0184326
236.36, 0.0184326
236.428, 0.0184326
236.488, 0.0184326
236.549, 0.0184326
236.609, 0.0184326
236.671, 0.0184326
236.734, 0.0184326
236.798, 0.0184326
236.865, 0.0184326
236.932, 0.0184326
237.002, 0.0184326
237.073, 0.0184326
237.146, 0.0184326
237.206, 0.0184326
237.268, 0.0184326
237.328, 0.0184326
237.389, 0.0184326
237.452, 0.0184326
237.517, 0.0184326
237.583, 0.0184326
237.651, 0.0184326
237.711, 0.0184326
237.773, 0.0184326
237.836, 0.0184326
237.9, 0.0184326
237.967, 0.0184326
238.034, 0.0184326
238.104, 0.0184326
238.175, 0.0184326
238.235, 0.0184326
238.297, 0.0184326
238.36, 0.0184326
238.425, 0.0184326
238.491, 0.0184326
238.551, 0.0184326
238.612, 0.0184326
238.675, 0.0184326
238.735, 0.0184326
238.797, 0.0184326
238.86, 0.0184326
238.924, 0.0184326
238.991, 0.0184326
239.059, 0.0184326
239.128, 0.0184326
239.199, 0.0184326
239.273, 0.0184326
239.333, 0.0184326
239.394, 0.0184326
239.457, 0.0184326
239.522, 0.0184326
239.582, 0.0184326
239.643, 0.0184326
239.706, 0.0184326
239.771, 0.0184326
239.831, 0.0184326
239.892, 0.0184326
239.952, 0.0184326
240.014, 0.0184326
240.077, 0.0184326
240.142, 0.0184326
240.202, 0.0184326
240.263, 0.0184326
240.326, 0.0184326
240.386, 0.0184326
240.448, 0.0184326
240.508, 0.0184326
240.569, 0.0184326
240.632, 0.0184326
240.697, 0.0184326
240.757, 0.0184326
240.818, 0.0184326
240.881, 0.0184326
240.946, 0.0184326
241.006, 0.0184326
241.066, 0.0184326
241.127, 0.0184326
241.187, 0.0184326
241.249, 0.0184326
241.309, 0.0184326
241.37, 0.0184326
241.43, 0.0184326
241.492, 0.0184326
241.555, 0.0184326
241.62, 0.0184326
241.686, 0.0184326
241.754, 0.0184326
241.814, 0.0184326
241.874, 0.0184326
241.935, 0.0184326
241.998, 0.0184326
242.058, 0.0184326
242.12, 0.0184326
242.183, 0.0184326
242.247, 0.0184326
242.314, 0.0184326
242.374, 0.0184326
242.435, 0.0184326
242.495, 0.0184326
242.557, 0.0184326
242.617, 0.0184326
242.678, 0.0184326
242.738, 0.0184326
242.8, 0.0184326
242.86, 0.0184326
242.921, 0.0184326
242.984, 0.0184326
243.044, 0.0184326
243.106, 0.0184326
243.169, 0.0184326
243.233, 0.0184326
243.299, 0.0184326
243.359, 0.0184326
243.421, 0.0184326
243.484, 0.0184326
243.549, 0.0184326
243.609, 0.0184326
243.67, 0.0184326
243.733, 0.0184326
243.798, 0.0184326
243.864, 0.0184326
243.924, 0.0184326
243.985, 0.0184326
244.045, 0.0184326
244.107, 0.0184326
244.17, 0.0184326
244.235, 0.0184326
244.295, 0.0184326
244.356, 0.0184326
244.419, 0.0184326
244.484, 0.0184326
244.544, 0.0184326
244.605, 0.0184326
244.665, 0.0184326
244.727, 0.0184326
244.79, 0.0184326
244.854, 0.0184326
244.921, 0.0184326
244.989, 0.0184326
245.049, 0.0184326
245.11, 0.0184326
245.173, 0.0184326
245.238, 0.0184326
245.298, 0.0184326
245.359, 0.0184326
245.419, 0.0184326
245.481, 0.0184326
245.544, 0.0184326
245.604, 0.0184326
245.665, 0.0184326
245.728, 0.0184326
245.788, 0.0184326
245.85, 0.0184326
245.913, 0.0184326
245.977, 0.0184326
246.044, 0.0184326
246.112, 0.0184326
246.172, 0.0184326
246.233, 0.0184326
246.296, 0.0184326
246.361, 0.0184326
246.427, 0.0184326
246.487, 0.0184326
246.548, 0.0184326
246.608, 0.0184326
246.67, 0.0184326
246.733, 0.0184326
246.798, 0.0184326
246.858, 0.0184326
246.919, 0.0184326
246.982, 0.0184326
247.047, 0.0184326
247.113, 0.0184326
247.181, 0.0184326
247.241, 0.0184326
247.302, 0.0184326
247.365, 0.0184326
247.425, 0.0184326
247.487, 0.0184326
247.55, 0.0184326
247.615, 0.0184326
247.681, 0.0184326
247.741, 0.0184326
247.801, 0.0184326
247.861, 0.0184326
247.922, 0.0184326
247.985, 0.0184326
248.05, 0.0184326
248.116, 0.0184326
248.176, 0.0184326
248.238, 0.0184326
248.301, 0.0184326
248.365, 0.0184326
248.425, 0.0184326
248.487, 0.0184326
248.55, 0.0184326
248.614, 0.0184326
248.681, 0.0184326
248.749, 0.0184326
248.818, 0.0184326
248.889, 0.0184326
248.949, 0.0184326
249.011, 0.0184326
249.074, 0.0184326
249.139, 0.0184326
249.199, 0.0184326
249.26, 0.0184326
249.323, 0.0184326
249.388, 0.0184326
249.448, 0.0184326
249.509, 0.0184326
249.569, 0.0184326
249.631, 0.0184326
249.694, 0.0184326
249.758, 0.0184326
249.825, 0.0184326
249.885, 0.0184326
249.946, 0.0184326
250.009, 0.0184326
250.074, 0.0184326
250.14, 0.0184326
250.208, 0.0184326
250.268, 0.0184326
250.329, 0.0184326
250.392, 0.0184326
250.457, 0.0184326
250.523, 0.0184326
250.583, 0.0184326
250.645, 0.0184326
250.708, 0.0184326
250.768, 0.0184326
250.828, 0.0184326
250.889, 0.0184326
