0.06, 0.0181274
0.12, 0.018158
0.18, 0.018158
0.2415, 0.018158
0.304538, 0.018158
0.369151, 0.018158
0.43538, 0.018158
0.503264, 0.018158
0.572846, 0.018158
0.644167, 0.018158
0.717271, 0.018158
0.792203, 0.018158
0.869008, 0.018158
0.947733, 0.018158
1.02843, 0.018158
1.11114, 0.018158
1.19592, 0.018158
1.28281, 0.018158
1.37188, 0.018158
1.46318, 0.018158
1.55676, 0.018158
1.65268, 0.018158
1.751, 0.018158
1.85177, 0.018158
1.95507, 0.0181274
2.06094, 0.0181274
2.12094, 0.0181274
2.18244, 0.0181274
2.24244, 0.0181274
2.30394, 0.0181274
2.36698, 0.0181274
2.43159, 0.0181274
2.49782, 0.0181274
2.56571, 0.0181274
2.62571, 0.0181274
2.68721, 0.0181274
2.75024, 0.0181274
2.81486, 0.0181274
2.88109, 0.0181274
2.94897, 0.0181274
3.01855, 0.0181274
3.08987, 0.0181274
3.16298, 0.0181274
3.23791, 0.0181274
3.31471, 0.0181274
3.39344, 0.0181274
3.47413, 0.0181274
3.55684, 0.0181274
3.64162, 0.0181274
3.72852, 0.0181274
3.81759, 0.0181274
3.90889, 0.0181274
4.00247, 0.0181274
4.09839, 0.0181274
4.1967, 0.0181274
4.29748, 0.0181274
4.40077, 0.0181274
4.50665, 0.0181274
4.56665, 0.0181274
4.62815, 0.0181274
4.69119, 0.0181274
4.7558, 0.0181274
4.8158, 0.0181274
4.8773, 0.0181274
4.9373, 0.0181274
4.9988, 0.0181274
5.0588, 0.0181274
5.1203, 0.0181274
5.18334, 0.0181274
5.24795, 0.0181274
5.30795, 0.0181274
5.36945, 0.0181274
5.43249, 0.0181274
5.49249, 0.0181274
5.55399, 0.0181274
5.61703, 0.0181274
5.67703, 0.0181274
5.73853, 0.0181274
5.79853, 0.0181274
5.86003, 0.0181274
5.92306, 0.0181274
5.98768, 0.0181274
6.04768, 0.0181274
6.10918, 0.0181274
6.17221, 0.0181274
6.23683, 0.0181274
6.30306, 0.0181274
6.37094, 0.0181274
6.44052, 0.0181274
6.51184, 0.0181274
6.58495, 0.0181274
6.64495, 0.0181274
6.70645, 0.0181274
6.76645, 0.0181274
6.82795, 0.0181274
6.89099, 0.0181274
6.9556, 0.0181274
7.02183, 0.0181274
7.08971, 0.0181274
7.14971, 0.0181274
7.21121, 0.0181274
7.27425, 0.0181274
7.33886, 0.0181274
7.40509, 0.0181274
7.47298, 0.0181274
7.54256, 0.0181274
7.61388, 0.0181274
7.68698, 0.0181274
7.74698, 0.0181274
7.80848, 0.0181274
7.86848, 0.0181274
7.92998, 0.0181274
7.98998, 0.0181274
8.05148, 0.0181274
8.11452, 0.0181274
8.17452, 0.0181274
8.23602, 0.0181274
8.29906, 0.0181274
8.36367, 0.0181274
8.4299, 0.0181274
8.49778, 0.0181274
8.56737, 0.0181274
8.62737, 0.0181274
8.68887, 0.0181274
8.7519, 0.0181274
8.8119, 0.0181274
8.8734, 0.0181274
8.93644, 0.0181274
8.99644, 0.0181274
9.05794, 0.0181274
9.12098, 0.0181274
9.18559, 0.0181274
9.25182, 0.0181274
9.31971, 0.0181274
9.37971, 0.0181274
9.44121, 0.0181274
9.50424, 0.0181274
9.56886, 0.0181274
9.62886, 0.0181274
9.69036, 0.0181274
9.75036, 0.0181274
9.81186, 0.0181274
9.87489, 0.0181274
9.93951, 0.0181274
9.99951, 0.0181274
10.0595, 0.0181274
10.121, 0.0181274
10.181, 0.0181274
10.2425, 0.0181274
10.3055, 0.0181274
10.3702, 0.0181274
10.4364, 0.0181274
10.5043, 0.0181274
10.5739, 0.0181274
10.6339, 0.0181274
10.6954, 0.0181274
10.7584, 0.0181274
10.823, 0.0181274
10.883, 0.0181274
10.9445, 0.0181274
11.0075, 0.0181274
11.0675, 0.0181274
11.129, 0.0181274
11.1921, 0.0181274
11.2521, 0.0181274
11.3136, 0.0181274
11.3766, 0.0181274
11.4412, 0.0181274
11.5012, 0.0181274
11.5627, 0.0181274
11.6258, 0.0181274
11.6904, 0.0181274
11.7566, 0.0181274
11.8245, 0.0181274
11.8941, 0.0181274
11.9654, 0.0181274
12.0254, 0.0181274
12.0854, 0.0181274
12.1469, 0.0181274
12.2099, 0.0181274
12.2745, 0.0181274
12.3345, 0.0181274
12.396, 0.0181274
12.4591, 0.0181274
12.5237, 0.0181274
12.5899, 0.0181274
12.6499, 0.0181274
12.7114, 0.0181274
12.7714, 0.0181274
12.8329, 0.0181274
12.896, 0.0181274
12.956, 0.0181274
13.0175, 0.0181274
13.0805, 0.0181274
13.1451, 0.0181274
13.2113, 0.0181274
13.2792, 0.0181274
13.3392, 0.0181274
13.4007, 0.0181274
13.4607, 0.0181274
13.5222, 0.0181274
13.5822, 0.0181274
13.6437, 0.0181274
13.7037, 0.0181274
13.7652, 0.0181274
13.8283, 0.0181274
13.8883, 0.0181274
13.9498, 0.0181274
14.0128, 0.0181274
14.0774, 0.0181274
14.1374, 0.0181274
14.1989, 0.0181274
14.262, 0.0181274
14.3266, 0.0181274
14.3866, 0.0181274
14.4481, 0.0181274
14.5081, 0.0181274
14.5696, 0.0181274
14.6296, 0.0181274
14.6896, 0.0181274
14.7511, 0.0181274
14.8111, 0.0181274
14.8726, 0.0181274
14.9356, 0.0181274
15.0002, 0.0181274
15.0664, 0.0181274
15.1343, 0.0181274
15.2039, 0.0181274
15.2752, 0.0181274
15.3483, 0.0181274
15.4083, 0.0181274
15.4698, 0.0181274
15.5298, 0.0181274
15.5913, 0.0181274
15.6513, 0.0181274
15.7128, 0.0181274
15.7728, 0.0181274
15.8343, 0.0181274
15.8943, 0.0181274
15.9558, 0.0181274
16.0189, 0.0181274
16.0835, 0.0181274
16.1497, 0.0181274
16.2176, 0.0181274
16.2872, 0.0181274
16.3585, 0.0181274
16.4316, 0.0181274
16.5065, 0.0181274
16.5665, 0.0181274
16.628, 0.0181274
16.6911, 0.0181274
16.7511, 0.0181274
16.8126, 0.0181274
16.8756, 0.0181274
16.9402, 0.0181274
17.0065, 0.0181274
17.0743, 0.0181274
17.1343, 0.0181274
17.1958, 0.0181274
17.2589, 0.0181274
17.3189, 0.0181274
17.3804, 0.0181274
17.4434, 0.0181274
17.508, 0.0181274
17.5743, 0.0181274
17.6343, 0.0181274
17.6958, 0.0181274
17.7588, 0.0181274
17.8234, 0.0181274
17.8834, 0.0181274
17.9449, 0.0181274
18.008, 0.0181274
18.0726, 0.0181274
18.1388, 0.0181274
18.1988, 0.0181274
18.2603, 0.0181274
18.3233, 0.0181274
18.3879, 0.0181274
18.4479, 0.0181274
18.5094, 0.0181274
18.5694, 0.0181274
18.6309, 0.0181274
18.694, 0.0181274
18.7586, 0.0181274
18.8248, 0.0181274
18.8927, 0.0181274
18.9623, 0.0181274
19.0336, 0.0181274
19.0936, 0.0181274
19.1551, 0.0181274
19.2151, 0.0181274
19.2766, 0.0181274
19.3366, 0.0181274
19.3981, 0.0181274
19.4581, 0.0181274
19.5181, 0.0181274
19.5781, 0.0181274
19.6396, 0.0181274
19.6996, 0.0181274
19.7596, 0.0181274
19.8211, 0.0181274
19.8841, 0.0181274
19.9441, 0.0181274
20.0056, 0.0181274
20.0687, 0.0181274
20.1333, 0.0181274
20.1933, 0.0181274
20.2548, 0.0181274
20.3178, 0.0181274
20.3824, 0.0181274
20.4487, 0.0181274
20.5166, 0.0181274
20.5766, 0.0181274
20.6381, 0.0181274
20.7011, 0.0181274
20.7657, 0.0181274
20.8319, 0.0181274
20.8998, 0.0181274
20.9694, 0.0181274
21.0294, 0.0181274
21.0909, 0.0181274
21.1509, 0.0181274
21.2124, 0.0181274
21.2754, 0.0181274
21.3401, 0.0181274
21.4001, 0.0181274
21.4616, 0.0181274
21.5216, 0.0181274
21.5831, 0.0181274
21.6461, 0.0181274
21.7107, 0.0181274
21.7707, 0.0181274
21.8322, 0.0181274
21.8922, 0.0181274
21.9537, 0.0181274
22.0167, 0.0181274
22.0814, 0.0181274
22.1476, 0.0181274
22.2155, 0.0181274
22.2755, 0.0181274
22.337, 0.0181274
22.397, 0.0181274
22.4585, 0.0181274
22.5185, 0.0181274
22.58, 0.0181274
22.643, 0.0181274
22.7076, 0.0181274
22.7739, 0.0181274
22.8417, 0.0181274
22.9113, 0.0181274
22.9713, 0.0181274
23.0328, 0.0181274
23.0959, 0.0181274
23.1605, 0.0181274
23.2267, 0.0181274
23.2946, 0.0181274
23.3642, 0.0181274
23.4242, 0.0181274
23.4857, 0.0181274
23.5487, 0.0181274
23.6087, 0.0181274
23.6702, 0.0181274
23.7302, 0.0181274
23.7917, 0.0181274
23.8547, 0.0181274
23.9147, 0.0181274
23.9762, 0.0181274
24.0362, 0.0181274
24.0977, 0.0181274
24.1608, 0.0181274
24.2254, 0.0181274
24.2854, 0.0181274
24.3469, 0.0181274
24.4099, 0.0181274
24.4745, 0.0181274
24.5408, 0.0181274
24.6087, 0.0181274
24.6687, 0.0181274
24.7302, 0.0181274
24.7902, 0.0181274
24.8517, 0.0181274
24.9147, 0.0181274
24.9793, 0.0181274
25.0455, 0.0181274
25.1134, 0.0181274
25.183, 0.0181274
25.243, 0.0181274
25.3045, 0.0181274
25.3645, 0.0181274
25.426, 0.0181274
25.489, 0.0181274
25.5537, 0.0181274
25.6199, 0.0181274
25.6878, 0.0181274
25.7573, 0.0181274
25.8173, 0.0181274
25.8788, 0.0181274
25.9419, 0.0181274
26.0019, 0.0181274
26.0634, 0.0181274
26.1264, 0.0181274
26.191, 0.0181274
26.251, 0.0181274
26.3125, 0.0181274
26.3756, 0.0181274
26.4402, 0.0181274
26.5064, 0.0181274
26.5743, 0.0181274
26.6343, 0.0181274
26.6958, 0.0181274
26.7558, 0.0181274
26.8173, 0.0181274
26.8803, 0.0181274
26.945, 0.0181274
27.005, 0.0181274
27.065, 0.0181274
27.1265, 0.0181274
27.1865, 0.0181274
27.248, 0.0181274
27.311, 0.0181274
27.3756, 0.0181274
27.4418, 0.0181274
27.5097, 0.0181274
27.5697, 0.0181274
27.6312, 0.0181274
27.6943, 0.0181274
27.7589, 0.0181274
27.8189, 0.0181274
27.8804, 0.0181274
27.9434, 0.0181274
28.008, 0.0181274
28.068, 0.0181274
28.1295, 0.0181274
28.1895, 0.0181274
28.251, 0.0181274
28.311, 0.0181274
28.3725, 0.0181274
28.4356, 0.0181274
28.4956, 0.0181274
28.5571, 0.0181274
28.6171, 0.0181274
28.6786, 0.0181274
28.7386, 0.0181274
28.8001, 0.0181274
28.8601, 0.0181274
28.9216, 0.0181274
28.9846, 0.0181274
29.0492, 0.0181274
29.1092, 0.0181274
29.1707, 0.0181274
29.2307, 0.0181274
29.2922, 0.0181274
29.3552, 0.0181274
29.4199, 0.0181274
29.4799, 0.0181274
29.5414, 0.0181274
29.6014, 0.0181274
29.6629, 0.0181274
29.7229, 0.0181274
29.7844, 0.0181274
29.8444, 0.0181274
29.9059, 0.0181274
29.9689, 0.0181274
30.0289, 0.0181274
30.0904, 0.0181274
30.1504, 0.0181274
30.2104, 0.0181274
30.2719, 0.0181274
30.3319, 0.0181274
30.3934, 0.0181274
30.4534, 0.0181274
30.5149, 0.0181274
30.5779, 0.0181274
30.6379, 0.0181274
30.6994, 0.0181274
30.7625, 0.0181274
30.8225, 0.0181274
30.884, 0.0181274
30.947, 0.0181274
31.007, 0.0181274
31.0685, 0.0181274
31.1315, 0.0181274
31.1915, 0.0181274
31.253, 0.0181274
31.313, 0.0181274
31.3745, 0.0181274
31.4376, 0.0181274
31.5022, 0.0181274
31.5684, 0.0181274
31.6363, 0.0181274
31.6963, 0.0181274
31.7578, 0.0181274
31.8208, 0.0181274
31.8808, 0.0181274
31.9423, 0.0181274
32.0054, 0.0181274
32.07, 0.0181274
32.1362, 0.0181274
32.2041, 0.0181274
32.2641, 0.0181274
32.3256, 0.0181274
32.3856, 0.0181274
32.4471, 0.0181274
32.5071, 0.0181274
32.5686, 0.0181274
32.6286, 0.0181274
32.6901, 0.0181274
32.7501, 0.0181274
32.8116, 0.0181274
32.8746, 0.0181274
32.9393, 0.0181274
33.0055, 0.0181274
33.0655, 0.0181274
33.127, 0.0181274
33.19, 0.0181274
33.25, 0.0181274
33.3115, 0.0181274
33.3746, 0.0181274
33.4346, 0.0181274
33.4961, 0.0181274
33.5591, 0.0181274
33.6191, 0.0181274
33.6791, 0.0181274
33.7406, 0.0181274
33.8006, 0.0181274
33.8621, 0.0181274
33.9221, 0.0181274
33.9836, 0.0181274
34.0436, 0.0181274
34.1051, 0.0181274
34.1651, 0.0181274
34.2266, 0.0181274
34.2866, 0.0181274
34.3481, 0.0181274
34.4111, 0.0181274
34.4711, 0.0181274
34.5326, 0.0181274
34.5957, 0.0181274
34.6603, 0.0181274
34.7265, 0.0181274
34.7944, 0.0181274
34.8544, 0.0181274
34.9144, 0.0181274
34.9759, 0.0181274
35.0389, 0.0181274
35.0989, 0.0181274
35.1604, 0.0181274
35.2235, 0.0181274
35.2835, 0.0181274
35.345, 0.0181274
35.408, 0.0181274
35.468, 0.0181274
35.5295, 0.0181274
35.5895, 0.0181274
35.651, 0.0181274
35.7141, 0.0181274
35.7787, 0.0181274
35.8449, 0.0181274
35.9128, 0.0181274
35.9824, 0.0181274
36.0424, 0.0181274
36.1039, 0.0181274
36.1669, 0.0181274
36.2315, 0.0181274
36.2915, 0.0181274
36.353, 0.0181274
36.413, 0.0181274
36.4745, 0.0181274
36.5376, 0.0181274
36.5976, 0.0181274
36.6591, 0.0181274
36.7221, 0.0181274
36.7821, 0.0181274
36.8436, 0.0181274
36.9066, 0.0181274
36.9712, 0.0181274
37.0312, 0.0181274
37.0927, 0.0181274
37.1558, 0.0181274
37.2204, 0.0181274
37.2866, 0.0181274
37.3545, 0.0181274
37.4241, 0.0181274
37.4841, 0.0181274
37.5456, 0.0181274
37.6086, 0.0181274
37.6686, 0.0181274
37.7301, 0.0181274
37.7901, 0.0181274
37.8516, 0.0181274
37.9147, 0.0181274
37.9793, 0.0181274
38.0393, 0.0181274
38.1008, 0.0181274
38.1608, 0.0181274
38.2223, 0.0181274
38.2853, 0.0181274
38.3499, 0.0181274
38.4099, 0.0181274
38.4714, 0.0181274
38.5345, 0.0181274
38.5945, 0.0181274
38.656, 0.0181274
38.716, 0.0181274
38.7775, 0.0181274
38.8405, 0.0181274
38.9005, 0.0181274
38.962, 0.0181274
39.022, 0.0181274
39.082, 0.0181274
39.1435, 0.0181274
39.2035, 0.0181274
39.265, 0.0181274
39.328, 0.0181274
39.3927, 0.0181274
39.4589, 0.0181274
39.5268, 0.0181274
39.5868, 0.0181274
39.6483, 0.0181274
39.7113, 0.0181274
39.7759, 0.0181274
39.8421, 0.0181274
39.9021, 0.0181274
39.9636, 0.0181274
40.0236, 0.0181274
40.0851, 0.0181274
40.1482, 0.0181274
40.2128, 0.0181274
40.279, 0.0181274
40.3469, 0.0181274
40.4165, 0.0181274
40.4878, 0.0181274
40.5478, 0.0181274
40.6093, 0.0181274
40.6693, 0.0181274
40.7308, 0.0181274
40.7938, 0.0181274
40.8585, 0.0181274
40.9247, 0.0181274
40.9926, 0.0181274
41.0622, 0.0181274
41.1335, 0.0181274
41.2066, 0.0181274
41.2815, 0.0181274
41.3415, 0.0181274
41.4015, 0.0181274
41.463, 0.0181274
41.5261, 0.0181274
41.5861, 0.0181274
41.6476, 0.0181274
41.7076, 0.0181274
41.7691, 0.0181274
41.8321, 0.0181274
41.8967, 0.0181274
41.9567, 0.0181274
42.0182, 0.0181274
42.0812, 0.0181274
42.1459, 0.0181274
42.2059, 0.0181274
42.2674, 0.0181274
42.3274, 0.0181274
42.3889, 0.0181274
42.4489, 0.0181274
42.5104, 0.0181274
42.5704, 0.0181274
42.6319, 0.0181274
42.6919, 0.0181274
42.7534, 0.0181274
42.8164, 0.0181274
42.881, 0.0181274
42.9472, 0.0181274
43.0151, 0.0181274
43.0751, 0.0181274
43.1366, 0.0181274
43.1997, 0.0181274
43.2643, 0.0181274
43.3305, 0.0181274
43.3905, 0.0181274
43.452, 0.0181274
43.512, 0.0181274
43.5735, 0.0181274
43.6365, 0.0181274
43.7011, 0.0181274
43.7674, 0.0181274
43.8353, 0.0181274
43.9048, 0.0181274
43.9648, 0.0181274
44.0263, 0.0181274
44.0894, 0.0181274
44.154, 0.0181274
44.214, 0.0181274
44.2755, 0.0181274
44.3355, 0.0181274
44.397, 0.0181274
44.46, 0.0181274
44.5246, 0.0181274
44.5846, 0.0181274
44.6446, 0.0181274
44.7061, 0.0181274
44.7692, 0.0181274
44.8338, 0.0181274
44.9, 0.0181274
44.9679, 0.0181274
45.0375, 0.0181274
45.1088, 0.0181274
45.1819, 0.0181274
45.2568, 0.0181274
45.3168, 0.0181274
45.3783, 0.0181274
45.4383, 0.0181274
45.4998, 0.0181274
45.5629, 0.0181274
45.6275, 0.0181274
45.6937, 0.0181274
45.7616, 0.0181274
45.8216, 0.0181274
45.8831, 0.0181274
45.9461, 0.0181274
46.0108, 0.0181274
46.077, 0.0181274
46.1449, 0.0181274
46.2145, 0.0181274
46.2858, 0.0181274
46.3589, 0.0181274
46.4189, 0.0181274
46.4804, 0.0181274
46.5434, 0.0181274
46.608, 0.0181274
46.668, 0.0181274
46.7295, 0.0181274
46.7895, 0.0181274
46.851, 0.0181274
46.911, 0.0181274
46.971, 0.0181274
47.0325, 0.0181274
47.0956, 0.0181274
47.1602, 0.0181274
47.2264, 0.0181274
47.2943, 0.0181274
47.3543, 0.0181274
47.4143, 0.0181274
47.4758, 0.0181274
47.5388, 0.0181274
47.6034, 0.0181274
47.6697, 0.0181274
47.7376, 0.0181274
47.7976, 0.0181274
47.8591, 0.0181274
47.9221, 0.0181274
47.9867, 0.0181274
48.0467, 0.0181274
48.1082, 0.0181274
48.1713, 0.0181274
48.2313, 0.0181274
48.2928, 0.0181274
48.3558, 0.0181274
48.4204, 0.0181274
48.4804, 0.0181274
48.5419, 0.0181274
48.6049, 0.0181274
48.6696, 0.0181274
48.7296, 0.0181274
48.7911, 0.0181274
48.8511, 0.0181274
48.9126, 0.0181274
48.9756, 0.0181274
49.0402, 0.0181274
49.1002, 0.0181274
49.1617, 0.0181274
49.2247, 0.0181274
49.2894, 0.0181274
49.3494, 0.0181274
49.4109, 0.0181274
49.4739, 0.0181274
49.5385, 0.0181274
49.5985, 0.0181274
49.66, 0.0181274
49.723, 0.0181274
49.783, 0.0181274
49.8445, 0.0181274
49.9076, 0.0181274
49.9722, 0.0181274
50.0384, 0.0181274
50.0984, 0.0181274
50.1584, 0.0181274
50.2199, 0.0181274
50.283, 0.0181274
50.343, 0.0181274
50.4045, 0.0181274
50.4645, 0.0181274
50.526, 0.0181274
50.589, 0.0181274
50.6536, 0.0181274
50.7198, 0.0181274
50.7877, 0.0181274
50.8477, 0.0181274
50.9092, 0.0181274
50.9723, 0.0181274
51.0369, 0.0181274
51.1031, 0.0181274
51.171, 0.0181274
51.2406, 0.0181274
51.3006, 0.0181274
51.3621, 0.0181274
51.4221, 0.0181274
51.4836, 0.0181274
51.5466, 0.0181274
51.6112, 0.0181274
51.6712, 0.0181274
51.7327, 0.0181274
51.7927, 0.0181274
51.8542, 0.0181274
51.9173, 0.0181274
51.9773, 0.0181274
52.0388, 0.0181274
52.1018, 0.0181274
52.1618, 0.0181274
52.2233, 0.0181274
52.2863, 0.0181274
52.3509, 0.0181274
52.4109, 0.0181274
52.4724, 0.0181274
52.5355, 0.0181274
52.5955, 0.0181274
52.657, 0.0181274
52.72, 0.0181274
52.78, 0.0181274
52.8415, 0.0181274
52.9046, 0.0181274
52.9692, 0.0181274
53.0292, 0.0181274
53.0907, 0.0181274
53.1537, 0.0181274
53.2183, 0.0181274
53.2846, 0.0181274
53.3524, 0.0181274
53.4124, 0.0181274
53.4739, 0.0181274
53.537, 0.0181274
53.597, 0.0181274
53.6585, 0.0181274
53.7185, 0.0181274
53.78, 0.0181274
53.84, 0.0181274
53.9015, 0.0181274
53.9645, 0.0181274
54.0245, 0.0181274
54.086, 0.0181274
54.149, 0.0181274
54.209, 0.0181274
54.269, 0.0181274
54.3305, 0.0181274
54.3936, 0.0181274
54.4536, 0.0181274
54.5151, 0.0181274
54.5781, 0.0181274
54.6381, 0.0181274
54.6996, 0.0181274
54.7627, 0.0181274
54.8273, 0.0181274
54.8935, 0.0181274
54.9614, 0.0181274
55.0214, 0.0181274
55.0829, 0.0181274
55.1459, 0.0181274
55.2105, 0.0181274
55.2768, 0.0181274
55.3368, 0.0181274
55.3983, 0.0181274
55.4583, 0.0181274
55.5183, 0.0181274
55.5798, 0.0181274
55.6398, 0.0181274
55.7013, 0.0181274
55.7643, 0.0181274
55.8243, 0.0181274
55.8858, 0.0181274
55.9488, 0.0181274
56.0135, 0.0181274
56.0735, 0.0181274
56.135, 0.0181274
56.195, 0.0181274
56.2565, 0.0181274
56.3165, 0.0181274
56.378, 0.0181274
56.441, 0.0181274
56.501, 0.0181274
56.5625, 0.0181274
56.6225, 0.0181274
56.684, 0.0181274
56.744, 0.0181274
56.8055, 0.0181274
56.8655, 0.0181274
56.927, 0.0181274
56.99, 0.0181274
57.0546, 0.0181274
57.1209, 0.0181274
57.1809, 0.0181274
57.2424, 0.0181274
57.3054, 0.0181274
57.37, 0.0181274
57.43, 0.0181274
57.4915, 0.0181274
57.5546, 0.0181274
57.6192, 0.0181274
57.6854, 0.0181274
57.7533, 0.0181274
57.8229, 0.0181274
57.8942, 0.0181274
57.9673, 0.0181274
58.0273, 0.0181274
58.0888, 0.0181274
58.1518, 0.0181274
58.2164, 0.0181274
58.2764, 0.0181274
58.3379, 0.0181274
58.401, 0.0181274
58.4656, 0.0181274
58.5256, 0.0181274
58.5871, 0.0181274
58.6501, 0.0181274
58.7101, 0.0181274
58.7716, 0.0181274
58.8347, 0.0181274
58.8947, 0.0181274
58.9562, 0.0181274
59.0192, 0.0181274
59.0838, 0.0181274
59.1438, 0.0181274
59.2053, 0.0181274
59.2684, 0.0181274
59.333, 0.0181274
59.393, 0.0181274
59.4545, 0.0181274
59.5175, 0.0181274
59.5821, 0.0181274
59.6484, 0.0181274
59.7162, 0.0181274
59.7858, 0.0181274
59.8571, 0.0181274
59.9171, 0.0181274
59.9771, 0.0181274
60.0386, 0.0181274
60.1017, 0.0181274
60.1663, 0.0181274
60.2325, 0.0181274
60.3004, 0.0181274
60.37, 0.0181274
60.43, 0.0181274
60.4915, 0.0181274
60.5545, 0.0181274
60.6191, 0.0181274
60.6791, 0.0181274
60.7406, 0.0181274
60.8037, 0.0181274
60.8637, 0.0181274
60.9252, 0.0181274
60.9882, 0.0181274
61.0482, 0.0181274
61.1082, 0.0181274
61.1697, 0.0181274
61.2328, 0.0181274
61.2928, 0.0181274
61.3543, 0.0181274
61.4173, 0.0181274
61.4773, 0.0181274
61.5388, 0.0181274
61.5988, 0.0181274
61.6603, 0.0181274
61.7233, 0.0181274
61.7833, 0.0181274
61.8448, 0.0181274
61.9079, 0.0181274
61.9679, 0.0181274
62.0294, 0.0181274
62.0924, 0.0181274
62.157, 0.0181274
62.2232, 0.0181274
62.2832, 0.0181274
62.3447, 0.0181274
62.4078, 0.0181274
62.4678, 0.0181274
62.5293, 0.0181274
62.5923, 0.0181274
62.6523, 0.0181274
62.7138, 0.0181274
62.7738, 0.0181274
62.8353, 0.0181274
62.8953, 0.0181274
62.9568, 0.0181274
63.0199, 0.0181274
63.0845, 0.0181274
63.1507, 0.0181274
63.2107, 0.0181274
63.2722, 0.0181274
63.3352, 0.0181274
63.3998, 0.0181274
63.4661, 0.0181274
63.534, 0.0181274
63.6035, 0.0181274
63.6635, 0.0181274
63.725, 0.0181274
63.785, 0.0181274
63.8465, 0.0181274
63.9096, 0.0181274
63.9696, 0.0181274
64.0311, 0.0181274
64.0941, 0.0181274
64.1587, 0.0181274
64.225, 0.0181274
64.2928, 0.0181274
64.3624, 0.0181274
64.4224, 0.0181274
64.4839, 0.0181274
64.5439, 0.0181274
64.6054, 0.0181274
64.6685, 0.0181274
64.7331, 0.0181274
64.7931, 0.0181274
64.8546, 0.0181274
64.9176, 0.0181274
64.9776, 0.0181274
65.0391, 0.0181274
65.1022, 0.0181274
65.1668, 0.0181274
65.2268, 0.0181274
65.2883, 0.0181274
65.3483, 0.0181274
65.4098, 0.0181274
65.4728, 0.0181274
65.5328, 0.0181274
65.5943, 0.0181274
65.6573, 0.0181274
65.722, 0.0181274
65.782, 0.0181274
65.8435, 0.0181274
65.9065, 0.0181274
65.9665, 0.0181274
66.028, 0.0181274
66.091, 0.0181274
66.1556, 0.0181274
66.2219, 0.0181274
66.2898, 0.0181274
66.3593, 0.0181274
66.4307, 0.0181274
66.5038, 0.0181274
66.5638, 0.0181274
66.6253, 0.0181274
66.6853, 0.0181274
66.7468, 0.0181274
66.8068, 0.0181274
66.8683, 0.0181274
66.9283, 0.0181274
66.9898, 0.0181274
67.0528, 0.0181274
67.1128, 0.0181274
67.1743, 0.0181274
67.2343, 0.0181274
67.2958, 0.0181274
67.3558, 0.0181274
67.4173, 0.0181274
67.4803, 0.0181274
67.545, 0.0181274
67.6112, 0.0181274
67.6712, 0.0181274
67.7327, 0.0181274
67.7957, 0.0181274
67.8557, 0.0181274
67.9172, 0.0181274
67.9803, 0.0181274
68.0403, 0.0181274
68.1018, 0.0181274
68.1648, 0.0181274
68.2248, 0.0181274
68.2863, 0.0181274
68.3493, 0.0181274
68.4093, 0.0181274
68.4708, 0.0181274
68.5339, 0.0181274
68.5985, 0.0181274
68.6585, 0.0181274
68.72, 0.0181274
68.78, 0.0181274
68.84, 0.0181274
68.9015, 0.0181274
68.9645, 0.0181274
69.0245, 0.0181274
69.086, 0.0181274
69.1491, 0.0181274
69.2137, 0.0181274
69.2737, 0.0181274
69.3352, 0.0181274
69.3952, 0.0181274
69.4567, 0.0181274
69.5197, 0.0181274
69.5797, 0.0181274
69.6412, 0.0181274
69.7012, 0.0181274
69.7627, 0.0181274
69.8257, 0.0181274
69.8857, 0.0181274
69.9472, 0.0181274
70.0072, 0.0181274
70.0687, 0.0181274
70.1287, 0.0181274
70.1902, 0.0181274
70.2502, 0.0181274
70.3117, 0.0181274
70.3717, 0.0181274
70.4332, 0.0181274
70.4932, 0.0181274
70.5532, 0.0181274
70.6147, 0.0181274
70.6778, 0.0181274
70.7378, 0.0181274
70.7993, 0.0181274
70.8623, 0.0181274
70.9223, 0.0181274
70.9838, 0.0181274
71.0469, 0.0181274
71.1069, 0.0181274
71.1684, 0.0181274
71.2314, 0.0181274
71.296, 0.0181274
71.3622, 0.0181274
71.4301, 0.0181274
71.4997, 0.0181274
71.571, 0.0181274
71.631, 0.0181274
71.6925, 0.0181274
71.7525, 0.0181274
71.814, 0.0181274
71.8771, 0.0181274
71.9371, 0.0181274
71.9986, 0.0181274
72.0616, 0.0181274
72.1216, 0.0181274
72.1831, 0.0181274
72.2461, 0.0181274
72.3108, 0.0181274
72.3708, 0.0181274
72.4323, 0.0181274
72.4953, 0.0181274
72.5553, 0.0181274
72.6168, 0.0181274
72.6798, 0.0181274
72.7398, 0.0181274
72.8013, 0.0181274
72.8613, 0.0181274
72.9228, 0.0181274
72.9859, 0.0181274
73.0459, 0.0181274
73.1059, 0.0181274
73.1674, 0.0181274
73.2304, 0.0181274
73.295, 0.0181274
73.3612, 0.0181274
73.4291, 0.0181274
73.4987, 0.0181274
73.57, 0.0181274
73.6431, 0.0181274
73.7181, 0.0181274
73.7949, 0.0181274
73.8736, 0.0181274
73.9543, 0.0181274
74.0143, 0.0181274
74.0758, 0.0181274
74.1388, 0.0181274
74.1988, 0.0181274
74.2603, 0.0181274
74.3203, 0.0181274
74.3803, 0.0181274
74.4418, 0.0181274
74.5018, 0.0181274
74.5633, 0.0181274
74.6264, 0.0181274
74.6864, 0.0181274
74.7479, 0.0181274
74.8109, 0.0181274
74.8755, 0.0181274
74.9355, 0.0181274
74.997, 0.0181274
75.0601, 0.0181274
75.1247, 0.0181274
75.1847, 0.0181274
75.2462, 0.0181274
75.3092, 0.0181274
75.3738, 0.0181274
75.44, 0.0181274
75.5079, 0.0181274
75.5775, 0.0181274
75.6488, 0.0181274
75.7219, 0.0181274
75.7819, 0.0181274
75.8434, 0.0181274
75.9065, 0.0181274
75.9711, 0.0181274
76.0311, 0.0181274
76.0926, 0.0181274
76.1526, 0.0181274
76.2141, 0.0181274
76.2741, 0.0181274
76.3356, 0.0181274
76.3986, 0.0181274
76.4632, 0.0181274
76.5295, 0.0181274
76.5974, 0.0181274
76.6669, 0.0181274
76.7383, 0.0181274
76.7983, 0.0181274
76.8598, 0.0181274
76.9228, 0.0181274
76.9874, 0.0181274
77.0474, 0.0181274
77.1089, 0.0181274
77.1689, 0.0181274
77.2304, 0.0181274
77.2934, 0.0181274
77.3534, 0.0181274
77.4149, 0.0181274
77.478, 0.0181274
77.5426, 0.0181274
77.6026, 0.0181274
77.6641, 0.0181274
77.7241, 0.0181274
77.7856, 0.0181274
77.8456, 0.0181274
77.9071, 0.0181274
77.9701, 0.0181274
78.0301, 0.0181274
78.0916, 0.0181274
78.1547, 0.0181274
78.2193, 0.0181274
78.2855, 0.0181274
78.3534, 0.0181274
78.4134, 0.0181274
78.4749, 0.0181274
78.5349, 0.0181274
78.5964, 0.0181274
78.6594, 0.0181274
78.724, 0.0181274
78.784, 0.0181274
78.8455, 0.0181274
78.9055, 0.0181274
78.967, 0.0181274
79.0301, 0.0181274
79.0947, 0.0181274
79.1547, 0.0181274
79.2162, 0.0181274
79.2792, 0.0181274
79.3392, 0.0181274
79.4007, 0.0181274
79.4638, 0.0181274
79.5238, 0.0181274
79.5853, 0.0181274
79.6453, 0.0181274
79.7068, 0.0181274
79.7698, 0.0181274
79.8298, 0.0181274
79.8913, 0.0181274
79.9513, 0.0181274
80.0128, 0.0181274
80.0758, 0.0181274
80.1358, 0.0181274
80.1973, 0.0181274
80.2604, 0.0181274
80.325, 0.0181274
80.3912, 0.0181274
80.4591, 0.0181274
80.5191, 0.0181274
80.5806, 0.0181274
80.6437, 0.0181274
80.7083, 0.0181274
80.7683, 0.0181274
80.8298, 0.0181274
80.8928, 0.0181274
80.9528, 0.0181274
81.0143, 0.0181274
81.0773, 0.0181274
81.142, 0.0181274
81.202, 0.0181274
81.262, 0.0181274
81.3235, 0.0181274
81.3835, 0.0181274
81.445, 0.0181274
81.505, 0.0181274
81.5665, 0.0181274
81.6295, 0.0181274
81.6895, 0.0181274
81.7495, 0.0181274
81.811, 0.0181274
81.874, 0.0181274
81.9386, 0.0181274
82.0049, 0.0181274
82.0728, 0.0181274
82.1328, 0.0181274
82.1928, 0.0181274
82.2543, 0.0181274
82.3173, 0.0181274
82.3773, 0.0181274
82.4388, 0.0181274
82.4988, 0.0181274
82.5603, 0.0181274
82.6203, 0.0181274
82.6818, 0.0181274
82.7418, 0.0181274
82.8033, 0.0181274
82.8663, 0.0181274
82.9263, 0.0181274
82.9878, 0.0181274
83.0509, 0.0181274
83.1109, 0.0181274
83.1724, 0.0181274
83.2324, 0.0181274
83.2939, 0.0181274
83.3569, 0.0181274
83.4215, 0.0181274
83.4877, 0.0181274
83.5556, 0.0181274
83.6156, 0.0181274
83.6771, 0.0181274
83.7402, 0.0181274
83.8048, 0.0181274
83.8648, 0.0181274
83.9263, 0.0181274
83.9893, 0.0181274
84.0493, 0.0181274
84.1108, 0.0181274
84.1739, 0.0181274
84.2339, 0.0181274
84.2954, 0.0181274
84.3584, 0.0181274
84.423, 0.0181274
84.4892, 0.0181274
84.5571, 0.0181274
84.6267, 0.0181274
84.698, 0.0181274
84.7711, 0.0181274
84.8461, 0.0181274
84.9229, 0.0181274
84.9829, 0.0181274
85.0444, 0.0181274
85.1074, 0.0181274
85.1674, 0.0181274
85.2289, 0.0181274
85.2919, 0.0181274
85.3566, 0.0181274
85.4228, 0.0181274
85.4828, 0.0181274
85.5443, 0.0181274
85.6073, 0.0181274
85.6673, 0.0181274
85.7288, 0.0181274
85.7919, 0.0181274
85.8519, 0.0181274
85.9134, 0.0181274
85.9764, 0.0181274
86.0364, 0.0181274
86.0979, 0.0181274
86.1609, 0.0181274
86.2255, 0.0181274
86.2918, 0.0181274
86.3518, 0.0181274
86.4133, 0.0181274
86.4763, 0.0181274
86.5409, 0.0181274
86.6072, 0.0181274
86.6672, 0.0181274
86.7287, 0.0181274
86.7917, 0.0181274
86.8563, 0.0181274
86.9225, 0.0181274
86.9904, 0.0181274
87.06, 0.0181274
87.1313, 0.0181274
87.1913, 0.0181274
87.2528, 0.0181274
87.3159, 0.0181274
87.3805, 0.0181274
87.4467, 0.0181274
87.5146, 0.0181274
87.5842, 0.0181274
87.6555, 0.0181274
87.7286, 0.0181274
87.8035, 0.0181274
87.8803, 0.0181274
87.9591, 0.0181274
88.0397, 0.0181274
88.1225, 0.0181274
88.2072, 0.0181274
88.2672, 0.0181274
88.3287, 0.0181274
88.3887, 0.0181274
88.4502, 0.0181274
88.5102, 0.0181274
88.5702, 0.0181274
88.6317, 0.0181274
88.6948, 0.0181274
88.7594, 0.0181274
88.8256, 0.0181274
88.8935, 0.0181274
88.9535, 0.0181274
89.015, 0.0181274
89.078, 0.0181274
89.1427, 0.0181274
89.2027, 0.0181274
89.2642, 0.0181274
89.3272, 0.0181274
89.3872, 0.0181274
89.4487, 0.0181274
89.5117, 0.0181274
89.5763, 0.0181274
89.6426, 0.0181274
89.7026, 0.0181274
89.7641, 0.0181274
89.8241, 0.0181274
89.8856, 0.0181274
89.9486, 0.0181274
90.0086, 0.0181274
90.0701, 0.0181274
90.1331, 0.0181274
90.1931, 0.0181274
90.2546, 0.0181274
90.3146, 0.0181274
90.3761, 0.0181274
90.4392, 0.0181274
90.4992, 0.0181274
90.5607, 0.0181274
90.6207, 0.0181274
90.6822, 0.0181274
90.7452, 0.0181274
90.8098, 0.0181274
90.8698, 0.0181274
90.9313, 0.0181274
90.9913, 0.0181274
91.0528, 0.0181274
91.1159, 0.0181274
91.1759, 0.0181274
91.2374, 0.0181274
91.3004, 0.0181274
91.365, 0.0181274
91.4312, 0.0181274
91.4912, 0.0181274
91.5527, 0.0181274
91.6158, 0.0181274
91.6758, 0.0181274
91.7373, 0.0181274
91.8003, 0.0181274
91.8603, 0.0181274
91.9203, 0.0181274
91.9818, 0.0181274
92.0449, 0.0181274
92.1095, 0.0181274
92.1695, 0.0181274
92.231, 0.0181274
92.294, 0.0181274
92.3586, 0.0181274
92.4186, 0.0181274
92.4801, 0.0181274
92.5401, 0.0181274
92.6016, 0.0181274
92.6647, 0.0181274
92.7247, 0.0181274
92.7862, 0.0181274
92.8462, 0.0181274
92.9062, 0.0181274
92.9677, 0.0181274
93.0307, 0.0181274
93.0907, 0.0181274
93.1522, 0.0181274
93.2152, 0.0181274
93.2752, 0.0181274
93.3367, 0.0181274
93.3967, 0.0181274
93.4582, 0.0181274
93.5182, 0.0181274
93.5797, 0.0181274
93.6397, 0.0181274
93.7012, 0.0181274
93.7643, 0.0181274
93.8243, 0.0181274
93.8858, 0.0181274
93.9458, 0.0181274
94.0073, 0.0181274
94.0703, 0.0181274
94.1303, 0.0181274
94.1918, 0.0181274
94.2518, 0.0181274
94.3133, 0.0181274
94.3733, 0.0181274
94.4348, 0.0181274
94.4948, 0.0181274
94.5563, 0.0181274
94.6194, 0.0181274
94.6794, 0.0181274
94.7409, 0.0181274
94.8039, 0.0181274
94.8639, 0.0181274
94.9254, 0.0181274
94.9884, 0.0181274
95.0484, 0.0181274
95.1099, 0.0181274
95.1699, 0.0181274
95.2314, 0.0181274
95.2945, 0.0181274
95.3545, 0.0181274
95.416, 0.0181274
95.479, 0.0181274
95.539, 0.0181274
95.599, 0.0181274
95.6605, 0.0181274
95.7205, 0.0181274
95.782, 0.0181274
95.845, 0.0181274
95.9097, 0.0181274
95.9697, 0.0181274
96.0312, 0.0181274
96.0942, 0.0181274
96.1588, 0.0181274
96.225, 0.0181274
96.2929, 0.0181274
96.3529, 0.0181274
96.4144, 0.0181274
96.4744, 0.0181274
96.5359, 0.0181274
96.5959, 0.0181274
96.6574, 0.0181274
96.7205, 0.0181274
96.7851, 0.0181274
96.8513, 0.0181274
96.9113, 0.0181274
96.9728, 0.0181274
97.0328, 0.0181274
97.0943, 0.0181274
97.1543, 0.0181274
97.2158, 0.0181274
97.2788, 0.0181274
97.3388, 0.0181274
97.4003, 0.0181274
97.4634, 0.0181274
97.528, 0.0181274
97.588, 0.0181274
97.6495, 0.0181274
97.7125, 0.0181274
97.7771, 0.0181274
97.8434, 0.0181274
97.9112, 0.0181274
97.9808, 0.0181274
98.0522, 0.0181274
98.1253, 0.0181274
98.2002, 0.0181274
98.277, 0.0181274
98.337, 0.0181274
98.3985, 0.0181274
98.4615, 0.0181274
98.5261, 0.0181274
98.5861, 0.0181274
98.6476, 0.0181274
98.7107, 0.0181274
98.7753, 0.0181274
98.8415, 0.0181274
98.9015, 0.0181274
98.963, 0.0181274
99.0261, 0.0181274
99.0861, 0.0181274
99.1476, 0.0181274
99.2106, 0.0181274
99.2706, 0.0181274
99.3321, 0.0181274
99.3951, 0.0181274
99.4551, 0.0181274
99.5151, 0.0181274
99.5766, 0.0181274
99.6397, 0.0181274
99.6997, 0.0181274
99.7612, 0.0181274
99.8242, 0.0181274
99.8888, 0.0181274
99.9551, 0.0181274
100.023, 0.0181274
100.093, 0.0181274
100.153, 0.0181274
100.214, 0.0181274
100.277, 0.0181274
100.342, 0.0181274
100.402, 0.0181274
100.463, 0.0181274
100.526, 0.0181274
100.586, 0.0181274
100.648, 0.0181274
100.708, 0.0181274
100.769, 0.0181274
100.832, 0.0181274
100.897, 0.0181274
100.963, 0.0181274
101.031, 0.0181274
101.091, 0.0181274
101.152, 0.0181274
101.216, 0.0181274
101.28, 0.0181274
101.346, 0.0181274
101.414, 0.0181274
101.484, 0.0181274
101.544, 0.0181274
101.605, 0.0181274
101.665, 0.0181274
101.727, 0.0181274
101.79, 0.0181274
101.854, 0.0181274
101.921, 0.0181274
101.989, 0.0181274
102.049, 0.0181274
102.11, 0.0181274
102.17, 0.0181274
102.232, 0.0181274
102.295, 0.0181274
102.359, 0.0181274
102.419, 0.0181274
102.481, 0.0181274
102.544, 0.0181274
102.604, 0.0181274
102.665, 0.0181274
102.728, 0.0181274
102.788, 0.0181274
102.85, 0.0181274
102.91, 0.0181274
102.971, 0.0181274
103.034, 0.0181274
103.099, 0.0181274
103.159, 0.0181274
103.22, 0.0181274
103.28, 0.0181274
103.342, 0.0181274
103.405, 0.0181274
103.47, 0.0181274
103.53, 0.0181274
103.591, 0.0181274
103.651, 0.0181274
103.713, 0.0181274
103.776, 0.0181274
103.84, 0.0181274
103.9, 0.0181274
103.962, 0.0181274
104.022, 0.0181274
104.083, 0.0181274
104.146, 0.0181274
104.206, 0.0181274
104.268, 0.0181274
104.328, 0.0181274
104.389, 0.0181274
104.452, 0.0181274
104.517, 0.0181274
104.583, 0.0181274
104.643, 0.0181274
104.705, 0.0181274
104.768, 0.0181274
104.832, 0.0181274
104.892, 0.0181274
104.954, 0.0181274
105.017, 0.0181274
105.077, 0.0181274
105.138, 0.0181274
105.198, 0.0181274
105.26, 0.0181274
105.32, 0.0181274
105.381, 0.0181274
105.444, 0.0181274
105.504, 0.0181274
105.566, 0.0181274
105.629, 0.0181274
105.694, 0.0181274
105.76, 0.0181274
105.828, 0.0181274
105.897, 0.0181274
105.957, 0.0181274
106.019, 0.0181274
106.082, 0.0181274
106.146, 0.0181274
106.206, 0.0181274
106.268, 0.0181274
106.331, 0.0181274
106.396, 0.0181274
106.456, 0.0181274
106.517, 0.0181274
106.577, 0.0181274
106.639, 0.0181274
106.702, 0.0181274
106.766, 0.0181274
106.826, 0.0181274
106.888, 0.0181274
106.951, 0.0181274
107.015, 0.0181274
107.082, 0.0181274
107.142, 0.0181274
107.203, 0.0181274
107.266, 0.0181274
107.331, 0.0181274
107.391, 0.0181274
107.452, 0.0181274
107.512, 0.0181274
107.574, 0.0181274
107.637, 0.0181274
107.701, 0.0181274
107.761, 0.0181274
107.823, 0.0181274
107.883, 0.0181274
107.944, 0.0181274
108.007, 0.0181274
108.067, 0.0181274
108.129, 0.0181274
108.192, 0.0181274
108.252, 0.0181274
108.313, 0.0181274
108.376, 0.0181274
108.436, 0.0181274
108.498, 0.0181274
108.561, 0.0181274
108.626, 0.0181274
108.686, 0.0181274
108.747, 0.0181274
108.81, 0.0181274
108.87, 0.0181274
108.932, 0.0181274
108.995, 0.0181274
109.059, 0.0181274
109.119, 0.0181274
109.181, 0.0181274
109.244, 0.0181274
109.304, 0.0181274
109.365, 0.0181274
109.428, 0.0181274
109.488, 0.0181274
109.55, 0.0181274
109.61, 0.0181274
109.671, 0.0181274
109.734, 0.0181274
109.799, 0.0181274
109.859, 0.0181274
109.921, 0.0181274
109.984, 0.0181274
110.044, 0.0181274
110.105, 0.0181274
110.165, 0.0181274
110.227, 0.0181274
110.287, 0.0181274
110.348, 0.0181274
110.411, 0.0181274
110.476, 0.0181274
110.542, 0.0181274
110.61, 0.0181274
110.679, 0.0181274
110.739, 0.0181274
110.801, 0.0181274
110.861, 0.0181274
110.922, 0.0181274
110.982, 0.0181274
111.044, 0.0181274
111.104, 0.0181274
111.165, 0.0181274
111.228, 0.0181274
111.293, 0.0181274
111.359, 0.0181274
111.427, 0.0181274
111.487, 0.0181274
111.549, 0.0181274
111.612, 0.0181274
111.676, 0.0181274
111.743, 0.0181274
111.81, 0.0181274
111.87, 0.0181274
111.932, 0.0181274
111.995, 0.0181274
112.06, 0.0181274
112.12, 0.0181274
112.18, 0.0181274
112.241, 0.0181274
112.304, 0.0181274
112.364, 0.0181274
112.426, 0.0181274
112.489, 0.0181274
112.553, 0.0181274
112.613, 0.0181274
112.675, 0.0181274
112.738, 0.0181274
112.798, 0.0181274
112.859, 0.0181274
112.922, 0.0181274
112.987, 0.0181274
113.047, 0.0181274
113.109, 0.0181274
113.172, 0.0181274
113.236, 0.0181274
113.296, 0.0181274
113.358, 0.0181274
113.421, 0.0181274
113.485, 0.0181274
113.545, 0.0181274
113.607, 0.0181274
113.67, 0.0181274
113.734, 0.0181274
113.801, 0.0181274
113.869, 0.0181274
113.929, 0.0181274
113.99, 0.0181274
114.053, 0.0181274
114.118, 0.0181274
114.178, 0.0181274
114.239, 0.0181274
114.299, 0.0181274
114.361, 0.0181274
114.424, 0.0181274
114.488, 0.0181274
114.548, 0.0181274
114.608, 0.0181274
114.67, 0.0181274
114.73, 0.0181274
114.791, 0.0181274
114.851, 0.0181274
114.913, 0.0181274
114.976, 0.0181274
115.036, 0.0181274
115.096, 0.0181274
115.157, 0.0181274
115.22, 0.0181274
115.285, 0.0181274
115.345, 0.0181274
115.407, 0.0181274
115.467, 0.0181274
115.528, 0.0181274
115.588, 0.0181274
115.65, 0.0181274
115.713, 0.0181274
115.777, 0.0181274
115.837, 0.0181274
115.899, 0.0181274
115.962, 0.0181274
116.026, 0.0181274
116.086, 0.0181274
116.148, 0.0181274
116.208, 0.0181274
116.268, 0.0181274
116.329, 0.0181274
116.392, 0.0181274
116.457, 0.0181274
116.517, 0.0181274
116.579, 0.0181274
116.642, 0.0181274
116.702, 0.0181274
116.763, 0.0181274
116.826, 0.0181274
116.891, 0.0181274
116.957, 0.0181274
117.017, 0.0181274
117.078, 0.0181274
117.141, 0.0181274
117.206, 0.0181274
117.266, 0.0181274
117.328, 0.0181274
117.388, 0.0181274
117.449, 0.0181274
117.512, 0.0181274
117.577, 0.0181274
117.637, 0.0181274
117.698, 0.0181274
117.758, 0.0181274
117.82, 0.0181274
117.883, 0.0181274
117.943, 0.0181274
118.004, 0.0181274
118.067, 0.0181274
118.132, 0.0181274
118.198, 0.0181274
118.258, 0.0181274
118.32, 0.0181274
118.383, 0.0181274
118.443, 0.0181274
118.503, 0.0181274
118.564, 0.0181274
118.624, 0.0181274
118.686, 0.0181274
118.749, 0.0181274
118.813, 0.0181274
118.88, 0.0181274
118.947, 0.0181274
119.007, 0.0181274
119.069, 0.0181274
119.129, 0.0181274
119.19, 0.0181274
119.25, 0.0181274
119.312, 0.0181274
119.375, 0.0181274
119.435, 0.0181274
119.496, 0.0181274
119.556, 0.0181274
119.618, 0.0181274
119.681, 0.0181274
119.741, 0.0181274
119.803, 0.0181274
119.866, 0.0181274
119.93, 0.0181274
119.996, 0.0181274
120.056, 0.0181274
120.118, 0.0181274
120.178, 0.0181274
120.239, 0.0181274
120.302, 0.0181274
120.362, 0.0181274
120.424, 0.0181274
120.484, 0.0181274
120.545, 0.0181274
120.605, 0.0181274
120.667, 0.0181274
120.727, 0.0181274
120.788, 0.0181274
120.848, 0.0181274
120.91, 0.0181274
120.973, 0.0181274
121.033, 0.0181274
121.094, 0.0181274
121.158, 0.0181274
121.222, 0.0181274
121.282, 0.0181274
121.344, 0.0181274
121.407, 0.0181274
121.471, 0.0181274
121.531, 0.0181274
121.593, 0.0181274
121.653, 0.0181274
121.714, 0.0181274
121.777, 0.0181274
121.837, 0.0181274
121.899, 0.0181274
121.962, 0.0181274
122.026, 0.0181274
122.086, 0.0181274
122.148, 0.0181274
122.208, 0.0181274
122.269, 0.0181274
122.333, 0.0181274
122.397, 0.0181274
122.457, 0.0181274
122.519, 0.0181274
122.579, 0.0181274
122.64, 0.0181274
122.703, 0.0181274
122.768, 0.0181274
122.834, 0.0181274
122.894, 0.0181274
122.955, 0.0181274
123.015, 0.0181274
123.077, 0.0181274
123.137, 0.0181274
123.198, 0.0181274
123.262, 0.0181274
123.326, 0.0181274
123.386, 0.0181274
123.448, 0.0181274
123.511, 0.0181274
123.575, 0.0181274
123.635, 0.0181274
123.695, 0.0181274
123.757, 0.0181274
123.82, 0.0181274
123.88, 0.0181274
123.941, 0.0181274
124.004, 0.0181274
124.069, 0.0181274
124.129, 0.0181274
124.19, 0.0181274
124.25, 0.0181274
124.312, 0.0181274
124.375, 0.0181274
124.44, 0.0181274
124.506, 0.0181274
124.566, 0.0181274
124.627, 0.0181274
124.69, 0.0181274
124.755, 0.0181274
124.815, 0.0181274
124.877, 0.0181274
124.94, 0.0181274
125.004, 0.0181274
125.07, 0.0181274
125.13, 0.0181274
125.192, 0.0181274
125.252, 0.0181274
125.313, 0.0181274
125.373, 0.0181274
125.435, 0.0181274
125.498, 0.0181274
125.563, 0.0181274
125.629, 0.0181274
125.689, 0.0181274
125.75, 0.0181274
125.813, 0.0181274
125.878, 0.0181274
125.944, 0.0181274
126.004, 0.0181274
126.066, 0.0181274
126.126, 0.0181274
126.187, 0.0181274
126.247, 0.0181274
126.309, 0.0181274
126.369, 0.0181274
126.43, 0.0181274
126.493, 0.0181274
126.558, 0.0181274
126.618, 0.0181274
126.679, 0.0181274
126.739, 0.0181274
126.801, 0.0181274
126.864, 0.0181274
126.928, 0.0181274
126.995, 0.0181274
127.055, 0.0181274
127.116, 0.0181274
127.179, 0.0181274
127.244, 0.0181274
127.304, 0.0181274
127.365, 0.0181274
127.428, 0.0181274
127.493, 0.0181274
127.553, 0.0181274
127.614, 0.0181274
127.678, 0.0181274
127.742, 0.0181274
127.802, 0.0181274
127.864, 0.0181274
127.927, 0.0181274
127.991, 0.0181274
128.058, 0.0181274
128.118, 0.0181274
128.179, 0.0181274
128.239, 0.0181274
128.301, 0.0181274
128.361, 0.0181274
128.422, 0.0181274
128.482, 0.0181274
128.544, 0.0181274
128.604, 0.0181274
128.665, 0.0181274
128.728, 0.0181274
128.788, 0.0181274
128.85, 0.0181274
128.913, 0.0181274
128.977, 0.0181274
129.037, 0.0181274
129.099, 0.0181274
129.162, 0.0181274
129.222, 0.0181274
129.283, 0.0181274
129.346, 0.0181274
129.411, 0.0181274
129.471, 0.0181274
129.532, 0.0181274
129.592, 0.0181274
129.654, 0.0181274
129.717, 0.0181274
129.777, 0.0181274
129.838, 0.0181274
129.898, 0.0181274
129.96, 0.0181274
130.02, 0.0181274
130.081, 0.0181274
130.141, 0.0181274
130.203, 0.0181274
130.266, 0.0181274
130.331, 0.0181274
130.397, 0.0181274
130.465, 0.0181274
130.525, 0.0181274
130.586, 0.0181274
130.646, 0.0181274
130.706, 0.0181274
130.768, 0.0181274
130.828, 0.0181274
130.888, 0.0181274
130.949, 0.0181274
131.012, 0.0181274
131.077, 0.0181274
131.137, 0.0181274
131.198, 0.0181274
131.261, 0.0181274
131.326, 0.0181274
131.386, 0.0181274
131.448, 0.0181274
131.511, 0.0181274
131.575, 0.0181274
131.641, 0.0181274
131.701, 0.0181274
131.763, 0.0181274
131.826, 0.0181274
131.886, 0.0181274
131.947, 0.0181274
132.01, 0.0181274
132.075, 0.0181274
132.141, 0.0181274
132.201, 0.0181274
132.263, 0.0181274
132.323, 0.0181274
132.384, 0.0181274
132.444, 0.0181274
132.506, 0.0181274
132.569, 0.0181274
132.633, 0.0181274
132.693, 0.0181274
132.755, 0.0181274
132.815, 0.0181274
132.876, 0.0181274
132.936, 0.0181274
132.998, 0.0181274
133.061, 0.0181274
133.126, 0.0181274
133.186, 0.0181274
133.247, 0.0181274
133.31, 0.0181274
133.375, 0.0181274
133.441, 0.0181274
133.509, 0.0181274
133.569, 0.0181274
133.63, 0.0181274
133.693, 0.0181274
133.758, 0.0181274
133.824, 0.0181274
133.884, 0.0181274
133.946, 0.0181274
134.009, 0.0181274
134.069, 0.0181274
134.13, 0.0181274
134.193, 0.0181274
134.258, 0.0181274
134.318, 0.0181274
134.379, 0.0181274
134.439, 0.0181274
134.501, 0.0181274
134.564, 0.0181274
134.629, 0.0181274
134.689, 0.0181274
134.75, 0.0181274
134.813, 0.0181274
134.878, 0.0181274
134.944, 0.0181274
135.004, 0.0181274
135.065, 0.0181274
135.129, 0.0181274
135.189, 0.0181274
135.25, 0.0181274
135.31, 0.0181274
135.372, 0.0181274
135.432, 0.0181274
135.493, 0.0181274
135.556, 0.0181274
135.616, 0.0181274
135.678, 0.0181274
135.738, 0.0181274
135.798, 0.0181274
135.859, 0.0181274
135.919, 0.0181274
135.981, 0.0181274
136.044, 0.0181274
136.108, 0.0181274
136.168, 0.0181274
136.23, 0.0181274
136.293, 0.0181274
136.357, 0.0181274
136.424, 0.0181274
136.484, 0.0181274
136.545, 0.0181274
136.608, 0.0181274
136.673, 0.0181274
136.739, 0.0181274
136.807, 0.0181274
136.867, 0.0181274
136.928, 0.0181274
136.991, 0.0181274
137.051, 0.0181274
137.113, 0.0181274
137.176, 0.0181274
137.241, 0.0181274
137.307, 0.0181274
137.367, 0.0181274
137.428, 0.0181274
137.488, 0.0181274
137.55, 0.0181274
137.613, 0.0181274
137.677, 0.0181274
137.737, 0.0181274
137.797, 0.0181274
137.859, 0.0181274
137.922, 0.0181274
137.987, 0.0181274
138.047, 0.0181274
138.108, 0.0181274
138.171, 0.0181274
138.236, 0.0181274
138.302, 0.0181274
138.37, 0.0181274
138.439, 0.0181274
138.499, 0.0181274
138.561, 0.0181274
138.624, 0.0181274
138.689, 0.0181274
138.749, 0.0181274
138.81, 0.0181274
138.873, 0.0181274
138.938, 0.0181274
138.998, 0.0181274
139.059, 0.0181274
139.119, 0.0181274
139.181, 0.0181274
139.244, 0.0181274
139.308, 0.0181274
139.375, 0.0181274
139.442, 0.0181274
139.502, 0.0181274
139.564, 0.0181274
139.624, 0.0181274
139.685, 0.0181274
139.745, 0.0181274
139.807, 0.0181274
139.867, 0.0181274
139.928, 0.0181274
139.992, 0.0181274
140.056, 0.0181274
140.122, 0.0181274
140.182, 0.0181274
140.244, 0.0181274
140.307, 0.0181274
140.371, 0.0181274
140.431, 0.0181274
140.493, 0.0181274
140.556, 0.0181274
140.621, 0.0181274
140.681, 0.0181274
140.742, 0.0181274
140.805, 0.0181274
140.87, 0.0181274
140.93, 0.0181274
140.991, 0.0181274
141.054, 0.0181274
141.119, 0.0181274
141.179, 0.0181274
141.24, 0.0181274
141.303, 0.0181274
141.363, 0.0181274
141.425, 0.0181274
141.488, 0.0181274
141.553, 0.0181274
141.619, 0.0181274
141.679, 0.0181274
141.74, 0.0181274
141.803, 0.0181274
141.863, 0.0181274
141.925, 0.0181274
141.985, 0.0181274
142.046, 0.0181274
142.109, 0.0181274
142.169, 0.0181274
142.231, 0.0181274
142.291, 0.0181274
142.352, 0.0181274
142.415, 0.0181274
142.475, 0.0181274
142.537, 0.0181274
142.597, 0.0181274
142.658, 0.0181274
142.722, 0.0181274
142.786, 0.0181274
142.852, 0.0181274
142.92, 0.0181274
142.98, 0.0181274
143.042, 0.0181274
143.105, 0.0181274
143.169, 0.0181274
143.236, 0.0181274
143.296, 0.0181274
143.357, 0.0181274
143.417, 0.0181274
143.479, 0.0181274
143.539, 0.0181274
143.6, 0.0181274
143.663, 0.0181274
143.723, 0.0181274
143.785, 0.0181274
143.848, 0.0181274
143.908, 0.0181274
143.969, 0.0181274
144.029, 0.0181274
144.091, 0.0181274
144.151, 0.0181274
144.212, 0.0181274
144.272, 0.0181274
144.334, 0.0181274
144.394, 0.0181274
144.455, 0.0181274
144.518, 0.0181274
144.578, 0.0181274
144.64, 0.0181274
144.703, 0.0181274
144.763, 0.0181274
144.824, 0.0181274
144.884, 0.0181274
144.946, 0.0181274
145.009, 0.0181274
145.069, 0.0181274
145.13, 0.0181274
145.19, 0.0181274
145.252, 0.0181274
145.312, 0.0181274
145.373, 0.0181274
145.433, 0.0181274
145.495, 0.0181274
145.555, 0.0181274
145.616, 0.0181274
145.676, 0.0181274
145.738, 0.0181274
145.801, 0.0181274
145.865, 0.0181274
145.932, 0.0181274
145.992, 0.0181274
146.053, 0.0181274
146.116, 0.0181274
146.181, 0.0181274
146.241, 0.0181274
146.302, 0.0181274
146.365, 0.0181274
146.43, 0.0181274
146.496, 0.0181274
146.564, 0.0181274
146.624, 0.0181274
146.686, 0.0181274
146.749, 0.0181274
146.813, 0.0181274
146.879, 0.0181274
146.947, 0.0181274
147.017, 0.0181274
147.088, 0.0181274
147.161, 0.0181274
147.236, 0.0181274
147.313, 0.0181274
147.392, 0.0181274
147.473, 0.0181274
147.533, 0.0181274
147.594, 0.0181274
147.657, 0.0181274
147.722, 0.0181274
147.788, 0.0181274
147.848, 0.0181274
147.909, 0.0181274
147.972, 0.0181274
148.037, 0.0181274
148.103, 0.0181274
148.171, 0.0181274
148.231, 0.0181274
148.293, 0.0181274
148.353, 0.0181274
148.414, 0.0181274
148.477, 0.0181274
148.537, 0.0181274
148.599, 0.0181274
148.662, 0.0181274
148.726, 0.0181274
148.786, 0.0181274
148.848, 0.0181274
148.911, 0.0181274
148.971, 0.0181274
149.032, 0.0181274
149.095, 0.0181274
149.155, 0.0181274
149.217, 0.0181274
149.28, 0.0181274
149.345, 0.0181274
149.411, 0.0181274
149.471, 0.0181274
149.532, 0.0181274
149.592, 0.0181274
149.654, 0.0181274
149.717, 0.0181274
149.777, 0.0181274
149.838, 0.0181274
149.901, 0.0181274
149.966, 0.0181274
150.032, 0.0181274
150.1, 0.0181274
150.17, 0.0181274
150.241, 0.0181274
150.314, 0.0181274
150.374, 0.0181274
150.436, 0.0181274
150.496, 0.0181274
150.557, 0.0181274
150.617, 0.0181274
150.679, 0.0181274
150.742, 0.0181274
150.802, 0.0181274
150.863, 0.0181274
150.926, 0.0181274
150.991, 0.0181274
151.057, 0.0181274
151.125, 0.0181274
151.195, 0.0181274
151.266, 0.0181274
151.339, 0.0181274
151.414, 0.0181274
151.474, 0.0181274
151.535, 0.0181274
151.598, 0.0181274
151.663, 0.0181274
151.729, 0.0181274
151.789, 0.0181274
151.851, 0.0181274
151.914, 0.0181274
151.978, 0.0181274
152.038, 0.0181274
152.098, 0.0181274
152.16, 0.0181274
152.22, 0.0181274
152.281, 0.0181274
152.341, 0.0181274
152.403, 0.0181274
152.463, 0.0181274
152.524, 0.0181274
152.584, 0.0181274
152.646, 0.0181274
152.706, 0.0181274
152.767, 0.0181274
152.83, 0.0181274
152.895, 0.0181274
152.955, 0.0181274
153.015, 0.0181274
153.077, 0.0181274
153.14, 0.0181274
153.204, 0.0181274
153.264, 0.0181274
153.326, 0.0181274
153.389, 0.0181274
153.453, 0.0181274
153.52, 0.0181274
153.58, 0.0181274
153.641, 0.0181274
153.704, 0.0181274
153.764, 0.0181274
153.826, 0.0181274
153.889, 0.0181274
153.949, 0.0181274
154.01, 0.0181274
154.07, 0.0181274
154.132, 0.0181274
154.192, 0.0181274
154.253, 0.0181274
154.313, 0.0181274
154.375, 0.0181274
154.435, 0.0181274
154.496, 0.0181274
154.559, 0.0181274
154.624, 0.0181274
154.684, 0.0181274
154.745, 0.0181274
154.808, 0.0181274
154.873, 0.0181274
154.939, 0.0181274
155.007, 0.0181274
155.077, 0.0181274
155.148, 0.0181274
155.221, 0.0181274
155.281, 0.0181274
155.343, 0.0181274
155.403, 0.0181274
155.464, 0.0181274
155.527, 0.0181274
155.587, 0.0181274
155.647, 0.0181274
155.709, 0.0181274
155.769, 0.0181274
155.83, 0.0181274
155.893, 0.0181274
155.958, 0.0181274
156.018, 0.0181274
156.079, 0.0181274
156.139, 0.0181274
156.201, 0.0181274
156.264, 0.0181274
156.328, 0.0181274
156.388, 0.0181274
156.45, 0.0181274
156.51, 0.0181274
156.571, 0.0181274
156.634, 0.0181274
156.699, 0.0181274
156.759, 0.0181274
156.821, 0.0181274
156.884, 0.0181274
156.948, 0.0181274
157.014, 0.0181274
157.082, 0.0181274
157.142, 0.0181274
157.204, 0.0181274
157.267, 0.0181274
157.327, 0.0181274
157.388, 0.0181274
157.451, 0.0181274
157.516, 0.0181274
157.582, 0.0181274
157.65, 0.0181274
157.72, 0.0181274
157.791, 0.0181274
157.864, 0.0181274
157.939, 0.0181274
158.016, 0.0181274
158.095, 0.0181274
158.175, 0.0181274
158.258, 0.0181274
158.343, 0.0181274
158.43, 0.0181274
158.519, 0.0181274
158.61, 0.0181274
158.67, 0.0181274
158.732, 0.0181274
158.795, 0.0181274
158.859, 0.0181274
158.925, 0.0181274
158.993, 0.0181274
159.053, 0.0181274
159.115, 0.0181274
159.175, 0.0181274
159.236, 0.0181274
159.296, 0.0181274
159.358, 0.0181274
159.421, 0.0181274
159.481, 0.0181274
159.542, 0.0181274
159.605, 0.0181274
159.665, 0.0181274
159.727, 0.0181274
159.79, 0.0181274
159.855, 0.0181274
159.921, 0.0181274
159.989, 0.0181274
160.058, 0.0181274
160.13, 0.0181274
160.203, 0.0181274
160.278, 0.0181274
160.354, 0.0181274
160.433, 0.0181274
160.514, 0.0181274
160.597, 0.0181274
160.657, 0.0181274
160.718, 0.0181274
160.781, 0.0181274
160.846, 0.0181274
160.906, 0.0181274
160.967, 0.0181274
161.03, 0.0181274
161.095, 0.0181274
161.155, 0.0181274
161.216, 0.0181274
161.279, 0.0181274
161.344, 0.0181274
161.404, 0.0181274
161.465, 0.0181274
161.525, 0.0181274
161.587, 0.0181274
161.65, 0.0181274
161.71, 0.0181274
161.772, 0.0181274
161.835, 0.0181274
161.899, 0.0181274
161.965, 0.0181274
162.025, 0.0181274
162.087, 0.0181274
162.15, 0.0181274
162.215, 0.0181274
162.275, 0.0181274
162.335, 0.0181274
162.396, 0.0181274
162.459, 0.0181274
162.524, 0.0181274
162.584, 0.0181274
162.645, 0.0181274
162.708, 0.0181274
162.773, 0.0181274
162.833, 0.0181274
162.894, 0.0181274
162.954, 0.0181274
163.016, 0.0181274
163.076, 0.0181274
163.137, 0.0181274
163.197, 0.0181274
163.259, 0.0181274
163.319, 0.0181274
163.38, 0.0181274
163.44, 0.0181274
163.502, 0.0181274
163.565, 0.0181274
163.629, 0.0181274
163.696, 0.0181274
163.764, 0.0181274
163.824, 0.0181274
163.885, 0.0181274
163.948, 0.0181274
164.008, 0.0181274
164.07, 0.0181274
164.13, 0.0181274
164.191, 0.0181274
164.254, 0.0181274
164.319, 0.0181274
164.385, 0.0181274
164.453, 0.0181274
164.513, 0.0181274
164.574, 0.0181274
164.634, 0.0181274
164.696, 0.0181274
164.759, 0.0181274
164.824, 0.0181274
164.89, 0.0181274
164.958, 0.0181274
165.027, 0.0181274
165.099, 0.0181274
165.172, 0.0181274
165.247, 0.0181274
165.323, 0.0181274
165.402, 0.0181274
165.462, 0.0181274
165.524, 0.0181274
165.587, 0.0181274
165.651, 0.0181274
165.718, 0.0181274
165.785, 0.0181274
165.855, 0.0181274
165.926, 0.0181274
165.986, 0.0181274
166.048, 0.0181274
166.111, 0.0181274
166.175, 0.0181274
166.242, 0.0181274
166.31, 0.0181274
166.37, 0.0181274
166.431, 0.0181274
166.494, 0.0181274
166.559, 0.0181274
166.619, 0.0181274
166.68, 0.0181274
166.74, 0.0181274
166.802, 0.0181274
166.865, 0.0181274
166.929, 0.0181274
166.989, 0.0181274
167.051, 0.0181274
167.114, 0.0181274
167.174, 0.0181274
167.235, 0.0181274
167.298, 0.0181274
167.363, 0.0181274
167.423, 0.0181274
167.485, 0.0181274
167.545, 0.0181274
167.606, 0.0181274
167.666, 0.0181274
167.728, 0.0181274
167.791, 0.0181274
167.851, 0.0181274
167.911, 0.0181274
167.972, 0.0181274
168.032, 0.0181274
168.094, 0.0181274
168.157, 0.0181274
168.221, 0.0181274
168.287, 0.0181274
168.355, 0.0181274
168.415, 0.0181274
168.477, 0.0181274
168.54, 0.0181274
168.6, 0.0181274
168.661, 0.0181274
168.724, 0.0181274
168.784, 0.0181274
168.846, 0.0181274
168.909, 0.0181274
168.974, 0.0181274
169.04, 0.0181274
169.108, 0.0181274
169.168, 0.0181274
169.229, 0.0181274
169.289, 0.0181274
169.351, 0.0181274
169.411, 0.0181274
169.472, 0.0181274
169.535, 0.0181274
169.6, 0.0181274
169.666, 0.0181274
169.734, 0.0181274
169.794, 0.0181274
169.855, 0.0181274
169.919, 0.0181274
169.983, 0.0181274
170.049, 0.0181274
170.109, 0.0181274
170.171, 0.0181274
170.234, 0.0181274
170.299, 0.0181274
170.365, 0.0181274
170.433, 0.0181274
170.493, 0.0181274
170.554, 0.0181274
170.614, 0.0181274
170.676, 0.0181274
170.739, 0.0181274
170.803, 0.0181274
170.869, 0.0181274
170.929, 0.0181274
170.991, 0.0181274
171.051, 0.0181274
171.112, 0.0181274
171.172, 0.0181274
171.234, 0.0181274
171.297, 0.0181274
171.362, 0.0181274
171.428, 0.0181274
171.496, 0.0181274
171.556, 0.0181274
171.617, 0.0181274
171.68, 0.0181274
171.745, 0.0181274
171.805, 0.0181274
171.866, 0.0181274
171.929, 0.0181274
171.989, 0.0181274
172.051, 0.0181274
172.111, 0.0181274
172.172, 0.0181274
172.232, 0.0181274
172.294, 0.0181274
172.354, 0.0181274
172.415, 0.0181274
172.478, 0.0181274
172.538, 0.0181274
172.6, 0.0181274
172.663, 0.0181274
172.728, 0.0181274
172.788, 0.0181274
172.849, 0.0181274
172.909, 0.0181274
172.971, 0.0181274
173.034, 0.0181274
173.098, 0.0181274
173.158, 0.0181274
173.22, 0.0181274
173.283, 0.0181274
173.347, 0.0181274
173.407, 0.0181274
173.467, 0.0181274
173.527, 0.0181274
173.589, 0.0181274
173.652, 0.0181274
173.712, 0.0181274
173.773, 0.0181274
173.833, 0.0181274
173.895, 0.0181274
173.958, 0.0181274
174.018, 0.0181274
174.078, 0.0181274
174.14, 0.0181274
174.203, 0.0181274
174.267, 0.0181274
174.327, 0.0181274
174.389, 0.0181274
174.452, 0.0181274
174.516, 0.0181274
174.576, 0.0181274
174.638, 0.0181274
174.698, 0.0181274
174.758, 0.0181274
174.819, 0.0181274
174.879, 0.0181274
174.941, 0.0181274
175.004, 0.0181274
175.068, 0.0181274
175.135, 0.0181274
175.203, 0.0181274
175.263, 0.0181274
175.324, 0.0181274
175.387, 0.0181274
175.452, 0.0181274
175.512, 0.0181274
175.573, 0.0181274
175.633, 0.0181274
175.695, 0.0181274
175.758, 0.0181274
175.822, 0.0181274
175.889, 0.0181274
175.956, 0.0181274
176.016, 0.0181274
176.078, 0.0181274
176.138, 0.0181274
176.199, 0.0181274
176.263, 0.0181274
176.323, 0.0181274
176.384, 0.0181274
176.447, 0.0181274
176.507, 0.0181274
176.569, 0.0181274
176.632, 0.0181274
176.696, 0.0181274
176.762, 0.0181274
176.822, 0.0181274
176.884, 0.0181274
176.947, 0.0181274
177.007, 0.0181274
177.068, 0.0181274
177.132, 0.0181274
177.192, 0.0181274
177.253, 0.0181274
177.313, 0.0181274
177.375, 0.0181274
177.438, 0.0181274
177.498, 0.0181274
177.559, 0.0181274
177.622, 0.0181274
177.682, 0.0181274
177.742, 0.0181274
177.804, 0.0181274
177.864, 0.0181274
177.925, 0.0181274
177.985, 0.0181274
178.047, 0.0181274
178.11, 0.0181274
178.17, 0.0181274
178.231, 0.0181274
178.291, 0.0181274
178.353, 0.0181274
178.416, 0.0181274
178.476, 0.0181274
178.537, 0.0181274
178.6, 0.0181274
178.665, 0.0181274
178.731, 0.0181274
178.799, 0.0181274
178.859, 0.0181274
178.92, 0.0181274
178.98, 0.0181274
179.042, 0.0181274
179.105, 0.0181274
179.165, 0.0181274
179.226, 0.0181274
179.286, 0.0181274
179.348, 0.0181274
179.408, 0.0181274
179.469, 0.0181274
179.529, 0.0181274
179.591, 0.0181274
179.654, 0.0181274
179.714, 0.0181274
179.776, 0.0181274
179.839, 0.0181274
179.903, 0.0181274
179.963, 0.0181274
180.025, 0.0181274
180.085, 0.0181274
180.146, 0.0181274
180.209, 0.0181274
180.269, 0.0181274
180.331, 0.0181274
180.394, 0.0181274
180.458, 0.0181274
180.525, 0.0181274
180.585, 0.0181274
180.646, 0.0181274
180.709, 0.0181274
180.769, 0.0181274
180.829, 0.0181274
180.891, 0.0181274
180.951, 0.0181274
181.012, 0.0181274
181.075, 0.0181274
181.14, 0.0181274
181.206, 0.0181274
181.274, 0.0181274
181.343, 0.0181274
181.415, 0.0181274
181.488, 0.0181274
181.563, 0.0181274
181.623, 0.0181274
181.684, 0.0181274
181.744, 0.0181274
181.806, 0.0181274
181.866, 0.0181274
181.927, 0.0181274
181.99, 0.0181274
182.05, 0.0181274
182.112, 0.0181274
182.172, 0.0181274
182.233, 0.0181274
182.293, 0.0181274
182.355, 0.0181274
182.415, 0.0181274
182.476, 0.0181274
182.539, 0.0181274
182.604, 0.0181274
182.67, 0.0181274
182.73, 0.0181274
182.792, 0.0181274
182.855, 0.0181274
182.915, 0.0181274
182.976, 0.0181274
183.036, 0.0181274
183.098, 0.0181274
183.158, 0.0181274
183.219, 0.0181274
183.279, 0.0181274
183.341, 0.0181274
183.404, 0.0181274
183.468, 0.0181274
183.528, 0.0181274
183.588, 0.0181274
183.65, 0.0181274
183.713, 0.0181274
183.778, 0.0181274
183.838, 0.0181274
183.899, 0.0181274
183.962, 0.0181274
184.022, 0.0181274
184.084, 0.0181274
184.144, 0.0181274
184.205, 0.0181274
184.265, 0.0181274
184.327, 0.0181274
184.387, 0.0181274
184.448, 0.0181274
184.508, 0.0181274
184.57, 0.0181274
184.63, 0.0181274
184.691, 0.0181274
184.754, 0.0181274
184.819, 0.0181274
184.879, 0.0181274
184.94, 0.0181274
185.003, 0.0181274
185.063, 0.0181274
185.125, 0.0181274
185.188, 0.0181274
185.252, 0.0181274
185.312, 0.0181274
185.374, 0.0181274
185.434, 0.0181274
185.495, 0.0181274
185.558, 0.0181274
185.623, 0.0181274
185.683, 0.0181274
185.745, 0.0181274
185.808, 0.0181274
185.872, 0.0181274
185.938, 0.0181274
186.006, 0.0181274
186.076, 0.0181274
186.136, 0.0181274
186.197, 0.0181274
186.26, 0.0181274
186.325, 0.0181274
186.385, 0.0181274
186.447, 0.0181274
186.51, 0.0181274
186.574, 0.0181274
186.64, 0.0181274
186.708, 0.0181274
186.768, 0.0181274
186.83, 0.0181274
186.89, 0.0181274
186.951, 0.0181274
187.011, 0.0181274
187.073, 0.0181274
187.133, 0.0181274
187.194, 0.0181274
187.254, 0.0181274
187.316, 0.0181274
187.376, 0.0181274
187.437, 0.0181274
187.5, 0.0181274
187.565, 0.0181274
187.625, 0.0181274
187.687, 0.0181274
187.747, 0.0181274
187.808, 0.0181274
187.871, 0.0181274
187.936, 0.0181274
188.002, 0.0181274
188.062, 0.0181274
188.122, 0.0181274
188.183, 0.0181274
188.246, 0.0181274
188.311, 0.0181274
188.371, 0.0181274
188.433, 0.0181274
188.493, 0.0181274
188.554, 0.0181274
188.614, 0.0181274
188.676, 0.0181274
188.736, 0.0181274
188.797, 0.0181274
188.86, 0.0181274
188.92, 0.0181274
188.982, 0.0181274
189.042, 0.0181274
189.103, 0.0181274
189.163, 0.0181274
189.225, 0.0181274
189.288, 0.0181274
189.348, 0.0181274
189.408, 0.0181274
189.469, 0.0181274
189.532, 0.0181274
189.592, 0.0181274
189.654, 0.0181274
189.714, 0.0181274
189.775, 0.0181274
189.838, 0.0181274
189.903, 0.0181274
189.969, 0.0181274
190.037, 0.0181274
190.107, 0.0181274
190.167, 0.0181274
190.228, 0.0181274
190.288, 0.0181274
190.35, 0.0181274
190.41, 0.0181274
190.471, 0.0181274
190.534, 0.0181274
190.594, 0.0181274
190.656, 0.0181274
190.719, 0.0181274
190.779, 0.0181274
190.84, 0.0181274
190.9, 0.0181274
190.962, 0.0181274
191.025, 0.0181274
191.085, 0.0181274
191.146, 0.0181274
191.209, 0.0181274
191.274, 0.0181274
191.34, 0.0181274
191.408, 0.0181274
191.477, 0.0181274
191.537, 0.0181274
191.599, 0.0181274
191.659, 0.0181274
191.72, 0.0181274
191.78, 0.0181274
191.842, 0.0181274
191.905, 0.0181274
191.97, 0.0181274
192.036, 0.0181274
192.096, 0.0181274
192.157, 0.0181274
192.217, 0.0181274
192.277, 0.0181274
192.339, 0.0181274
192.402, 0.0181274
192.462, 0.0181274
192.523, 0.0181274
192.586, 0.0181274
192.646, 0.0181274
192.708, 0.0181274
192.768, 0.0181274
192.829, 0.0181274
192.892, 0.0181274
192.952, 0.0181274
193.014, 0.0181274
193.077, 0.0181274
193.137, 0.0181274
193.198, 0.0181274
193.258, 0.0181274
193.32, 0.0181274
193.38, 0.0181274
193.441, 0.0181274
193.501, 0.0181274
193.563, 0.0181274
193.623, 0.0181274
193.684, 0.0181274
193.744, 0.0181274
193.806, 0.0181274
193.869, 0.0181274
193.934, 0.0181274
194, 0.0181274
194.068, 0.0181274
194.137, 0.0181274
194.209, 0.0181274
194.282, 0.0181274
194.342, 0.0181274
194.403, 0.0181274
194.466, 0.0181274
194.531, 0.0181274
194.597, 0.0181274
194.657, 0.0181274
194.719, 0.0181274
194.782, 0.0181274
194.846, 0.0181274
194.906, 0.0181274
194.968, 0.0181274
195.028, 0.0181274
195.089, 0.0181274
195.152, 0.0181274
195.217, 0.0181274
195.277, 0.0181274
195.338, 0.0181274
195.401, 0.0181274
195.466, 0.0181274
195.532, 0.0181274
195.592, 0.0181274
195.654, 0.0181274
195.717, 0.0181274
195.781, 0.0181274
195.848, 0.0181274
195.908, 0.0181274
195.968, 0.0181274
196.029, 0.0181274
196.089, 0.0181274
196.151, 0.0181274
196.214, 0.0181274
196.278, 0.0181274
196.345, 0.0181274
196.412, 0.0181274
196.482, 0.0181274
196.542, 0.0181274
196.602, 0.0181274
196.664, 0.0181274
196.724, 0.0181274
196.785, 0.0181274
196.845, 0.0181274
196.907, 0.0181274
196.97, 0.0181274
197.034, 0.0181274
197.1, 0.0181274
197.16, 0.0181274
197.222, 0.0181274
197.282, 0.0181274
197.343, 0.0181274
197.403, 0.0181274
197.465, 0.0181274
197.528, 0.0181274
197.588, 0.0181274
197.649, 0.0181274
197.713, 0.0181274
197.777, 0.0181274
197.837, 0.0181274
197.899, 0.0181274
197.962, 0.0181274
198.026, 0.0181274
198.086, 0.0181274
198.146, 0.0181274
198.208, 0.0181274
198.268, 0.0181274
198.329, 0.0181274
198.392, 0.0181274
198.457, 0.0181274
198.523, 0.0181274
198.591, 0.0181274
198.651, 0.0181274
198.713, 0.0181274
198.776, 0.0181274
198.836, 0.0181274
198.897, 0.0181274
198.957, 0.0181274
199.019, 0.0181274
199.079, 0.0181274
199.14, 0.0181274
199.2, 0.0181274
199.262, 0.0181274
199.325, 0.0181274
199.389, 0.0181274
199.455, 0.0181274
199.523, 0.0181274
199.593, 0.0181274
199.653, 0.0181274
199.714, 0.0181274
199.774, 0.0181274
199.836, 0.0181274
199.899, 0.0181274
199.964, 0.0181274
200.03, 0.0181274
200.098, 0.0181274
200.167, 0.0181274
200.227, 0.0181274
200.289, 0.0181274
200.352, 0.0181274
200.416, 0.0181274
200.483, 0.0181274
200.551, 0.0181274
200.62, 0.0181274
200.691, 0.0181274
200.765, 0.0181274
200.839, 0.0181274
200.916, 0.0181274
200.976, 0.0181274
201.038, 0.0181274
201.101, 0.0181274
201.165, 0.0181274
201.232, 0.0181274
201.3, 0.0181274
201.369, 0.0181274
201.44, 0.0181274
201.514, 0.0181274
201.574, 0.0181274
201.635, 0.0181274
201.695, 0.0181274
201.757, 0.0181274
201.817, 0.0181274
201.878, 0.0181274
201.941, 0.0181274
202.006, 0.0181274
202.072, 0.0181274
202.132, 0.0181274
202.193, 0.0181274
202.256, 0.0181274
202.321, 0.0181274
202.387, 0.0181274
202.455, 0.0181274
202.525, 0.0181274
202.596, 0.0181274
202.656, 0.0181274
202.716, 0.0181274
202.778, 0.0181274
202.841, 0.0181274
202.905, 0.0181274
202.971, 0.0181274
203.031, 0.0181274
203.093, 0.0181274
203.156, 0.0181274
203.221, 0.0181274
203.287, 0.0181274
203.347, 0.0181274
203.408, 0.0181274
203.468, 0.0181274
203.53, 0.0181274
203.59, 0.0181274
203.651, 0.0181274
203.714, 0.0181274
203.779, 0.0181274
203.839, 0.0181274
203.901, 0.0181274
203.961, 0.0181274
204.022, 0.0181274
204.082, 0.0181274
204.144, 0.0181274
204.204, 0.0181274
204.265, 0.0181274
204.328, 0.0181274
204.393, 0.0181274
204.453, 0.0181274
204.514, 0.0181274
204.574, 0.0181274
204.636, 0.0181274
204.696, 0.0181274
204.757, 0.0181274
204.82, 0.0181274
204.885, 0.0181274
204.945, 0.0181274
205.006, 0.0181274
205.066, 0.0181274
205.128, 0.0181274
205.191, 0.0181274
205.255, 0.0181274
205.315, 0.0181274
205.377, 0.0181274
205.437, 0.0181274
205.498, 0.0181274
205.558, 0.0181274
205.62, 0.0181274
205.68, 0.0181274
205.741, 0.0181274
205.801, 0.0181274
205.863, 0.0181274
205.926, 0.0181274
205.986, 0.0181274
206.047, 0.0181274
206.111, 0.0181274
206.171, 0.0181274
206.232, 0.0181274
206.295, 0.0181274
206.36, 0.0181274
206.42, 0.0181274
206.481, 0.0181274
206.544, 0.0181274
206.609, 0.0181274
206.675, 0.0181274
206.735, 0.0181274
206.795, 0.0181274
206.857, 0.0181274
206.92, 0.0181274
206.984, 0.0181274
207.05, 0.0181274
207.118, 0.0181274
207.178, 0.0181274
207.24, 0.0181274
207.303, 0.0181274
207.367, 0.0181274
207.434, 0.0181274
207.502, 0.0181274
207.562, 0.0181274
207.623, 0.0181274
207.683, 0.0181274
207.745, 0.0181274
207.805, 0.0181274
207.866, 0.0181274
207.929, 0.0181274
207.994, 0.0181274
208.06, 0.0181274
208.128, 0.0181274
208.188, 0.0181274
208.249, 0.0181274
208.309, 0.0181274
208.371, 0.0181274
208.434, 0.0181274
208.499, 0.0181274
208.559, 0.0181274
208.62, 0.0181274
208.68, 0.0181274
208.74, 0.0181274
208.802, 0.0181274
208.865, 0.0181274
208.925, 0.0181274
208.985, 0.0181274
209.046, 0.0181274
209.109, 0.0181274
209.174, 0.0181274
209.24, 0.0181274
209.3, 0.0181274
209.361, 0.0181274
209.424, 0.0181274
209.489, 0.0181274
209.555, 0.0181274
209.615, 0.0181274
209.677, 0.0181274
209.74, 0.0181274
209.8, 0.0181274
209.861, 0.0181274
209.921, 0.0181274
209.983, 0.0181274
210.043, 0.0181274
210.104, 0.0181274
210.164, 0.0181274
210.226, 0.0181274
210.289, 0.0181274
210.353, 0.0181274
210.42, 0.0181274
210.488, 0.0181274
210.548, 0.0181274
210.608, 0.0181274
210.669, 0.0181274
210.732, 0.0181274
210.792, 0.0181274
210.854, 0.0181274
210.914, 0.0181274
210.975, 0.0181274
211.038, 0.0181274
211.103, 0.0181274
211.169, 0.0181274
211.237, 0.0181274
211.306, 0.0181274
211.378, 0.0181274
211.451, 0.0181274
211.526, 0.0181274
211.603, 0.0181274
211.681, 0.0181274
211.762, 0.0181274
211.845, 0.0181274
211.93, 0.0181274
212.016, 0.0181274
212.106, 0.0181274
212.166, 0.0181274
212.227, 0.0181274
212.29, 0.0181274
212.355, 0.0181274
212.421, 0.0181274
212.481, 0.0181274
212.542, 0.0181274
212.605, 0.0181274
212.665, 0.0181274
212.727, 0.0181274
212.787, 0.0181274
212.847, 0.0181274
212.908, 0.0181274
212.968, 0.0181274
213.028, 0.0181274
213.09, 0.0181274
213.153, 0.0181274
213.218, 0.0181274
213.278, 0.0181274
213.339, 0.0181274
213.402, 0.0181274
213.467, 0.0181274
213.533, 0.0181274
213.593, 0.0181274
213.654, 0.0181274
213.718, 0.0181274
213.778, 0.0181274
213.839, 0.0181274
213.899, 0.0181274
213.961, 0.0181274
214.021, 0.0181274
214.082, 0.0181274
214.145, 0.0181274
214.205, 0.0181274
214.267, 0.0181274
214.33, 0.0181274
214.39, 0.0181274
214.45, 0.0181274
214.511, 0.0181274
214.571, 0.0181274
214.633, 0.0181274
214.693, 0.0181274
214.754, 0.0181274
214.817, 0.0181274
214.877, 0.0181274
214.939, 0.0181274
214.999, 0.0181274
215.06, 0.0181274
215.12, 0.0181274
215.182, 0.0181274
215.242, 0.0181274
215.303, 0.0181274
215.363, 0.0181274
215.425, 0.0181274
215.488, 0.0181274
215.552, 0.0181274
215.619, 0.0181274
215.679, 0.0181274
215.74, 0.0181274
215.803, 0.0181274
215.863, 0.0181274
215.925, 0.0181274
215.988, 0.0181274
216.052, 0.0181274
216.118, 0.0181274
216.186, 0.0181274
216.246, 0.0181274
216.308, 0.0181274
216.371, 0.0181274
216.431, 0.0181274
216.492, 0.0181274
216.555, 0.0181274
216.62, 0.0181274
216.68, 0.0181274
216.741, 0.0181274
216.801, 0.0181274
216.863, 0.0181274
216.923, 0.0181274
216.984, 0.0181274
217.044, 0.0181274
217.106, 0.0181274
217.169, 0.0181274
217.234, 0.0181274
217.3, 0.0181274
217.368, 0.0181274
217.428, 0.0181274
217.489, 0.0181274
217.549, 0.0181274
217.611, 0.0181274
217.674, 0.0181274
217.738, 0.0181274
217.805, 0.0181274
217.865, 0.0181274
217.926, 0.0181274
217.989, 0.0181274
218.049, 0.0181274
218.111, 0.0181274
218.171, 0.0181274
218.232, 0.0181274
218.295, 0.0181274
218.36, 0.0181274
218.426, 0.0181274
218.494, 0.0181274
218.554, 0.0181274
218.615, 0.0181274
218.678, 0.0181274
218.743, 0.0181274
218.809, 0.0181274
218.869, 0.0181274
218.931, 0.0181274
218.991, 0.0181274
219.052, 0.0181274
219.112, 0.0181274
219.174, 0.0181274
219.237, 0.0181274
219.301, 0.0181274
219.361, 0.0181274
219.423, 0.0181274
219.486, 0.0181274
219.546, 0.0181274
219.608, 0.0181274
219.668, 0.0181274
219.729, 0.0181274
219.789, 0.0181274
219.851, 0.0181274
219.911, 0.0181274
219.972, 0.0181274
220.032, 0.0181274
220.094, 0.0181274
220.154, 0.0181274
220.215, 0.0181274
220.275, 0.0181274
220.337, 0.0181274
220.397, 0.0181274
220.458, 0.0181274
220.518, 0.0181274
220.58, 0.0181274
220.643, 0.0181274
220.707, 0.0181274
220.773, 0.0181274
220.841, 0.0181274
220.911, 0.0181274
220.971, 0.0181274
221.032, 0.0181274
221.095, 0.0181274
221.155, 0.0181274
221.217, 0.0181274
221.277, 0.0181274
221.338, 0.0181274
221.398, 0.0181274
221.46, 0.0181274
221.523, 0.0181274
221.588, 0.0181274
221.654, 0.0181274
221.722, 0.0181274
221.791, 0.0181274
221.851, 0.0181274
221.913, 0.0181274
221.976, 0.0181274
222.036, 0.0181274
222.097, 0.0181274
222.157, 0.0181274
222.219, 0.0181274
222.279, 0.0181274
222.34, 0.0181274
222.4, 0.0181274
222.462, 0.0181274
222.522, 0.0181274
222.583, 0.0181274
222.646, 0.0181274
222.706, 0.0181274
222.768, 0.0181274
222.831, 0.0181274
222.891, 0.0181274
222.952, 0.0181274
223.012, 0.0181274
223.074, 0.0181274
223.134, 0.0181274
223.195, 0.0181274
223.255, 0.0181274
223.317, 0.0181274
223.38, 0.0181274
223.44, 0.0181274
223.501, 0.0181274
223.561, 0.0181274
223.623, 0.0181274
223.683, 0.0181274
223.743, 0.0181274
223.804, 0.0181274
223.864, 0.0181274
223.926, 0.0181274
223.986, 0.0181274
224.047, 0.0181274
224.11, 0.0181274
224.175, 0.0180969
224.235, 0.0180969
224.297, 0.0180969
224.36, 0.0180969
224.42, 0.0180969
224.481, 0.0180969
224.541, 0.0180969
224.603, 0.0180969
224.663, 0.0180969
224.724, 0.0180969
224.784, 0.0180969
224.846, 0.0180969
224.909, 0.0180969
224.969, 0.0180969
225.03, 0.0180969
225.093, 0.0180969
225.153, 0.0180969
225.215, 0.0180969
225.278, 0.0180969
225.342, 0.0180969
225.409, 0.0180969
225.469, 0.0180969
225.53, 0.0180969
225.59, 0.0180969
225.652, 0.0180969
225.712, 0.0180969
225.773, 0.0180969
225.836, 0.0180969
225.896, 0.0180969
225.958, 0.0180969
226.018, 0.0180969
226.079, 0.0180969
226.142, 0.0180969
226.207, 0.0180969
226.273, 0.0180969
226.341, 0.0180969
226.41, 0.0180969
226.482, 0.0180969
226.555, 0.0180969
226.63, 0.0180969
226.707, 0.0180969
226.785, 0.0180969
226.845, 0.0180969
226.907, 0.0180969
226.967, 0.0180969
227.028, 0.0180969
227.088, 0.0180969
227.148, 0.0180969
227.21, 0.0180969
227.273, 0.0180969
227.333, 0.0180969
227.394, 0.0180969
227.457, 0.0180969
227.517, 0.0180969
227.579, 0.0180969
227.642, 0.0180969
227.707, 0.0180969
227.767, 0.0180969
227.828, 0.0180969
227.888, 0.0180969
227.95, 0.0180969
228.013, 0.0180969
228.077, 0.0180969
228.143, 0.0180969
228.211, 0.0180969
228.281, 0.0180969
228.341, 0.0180969
228.402, 0.0180969
228.465, 0.0180969
228.525, 0.0180969
228.585, 0.0180969
228.647, 0.0180969
228.707, 0.0180969
228.768, 0.0180969
228.831, 0.0180969
228.891, 0.0180969
228.953, 0.0180969
229.016, 0.0180969
229.081, 0.0180969
229.141, 0.0180969
229.202, 0.0180969
229.262, 0.0180969
229.324, 0.0180969
229.384, 0.0180969
229.445, 0.0180969
229.505, 0.0180969
229.567, 0.0180969
229.627, 0.0180969
229.688, 0.0180969
229.748, 0.0180969
229.81, 0.0180969
229.873, 0.0180969
229.933, 0.0180969
229.994, 0.0180969
230.054, 0.0180969
230.116, 0.0180969
230.179, 0.0180969
230.239, 0.0180969
230.299, 0.0180969
230.36, 0.0180969
230.42, 0.0180969
230.48, 0.0180969
230.542, 0.0180969
230.602, 0.0180969
230.662, 0.0180969
230.723, 0.0180969
230.786, 0.0180969
230.846, 0.0180969
230.908, 0.0180969
230.968, 0.0180969
231.029, 0.0180969
231.089, 0.0180969
231.151, 0.0180969
231.211, 0.0180969
231.272, 0.0180969
231.332, 0.0180969
231.394, 0.0180969
231.454, 0.0180969
231.515, 0.0180969
231.578, 0.0180969
231.643, 0.0180969
231.703, 0.0180969
231.764, 0.0180969
231.824, 0.0180969
231.886, 0.0180969
231.949, 0.0180969
232.009, 0.0180969
232.07, 0.0180969
232.133, 0.0180969
232.198, 0.0180969
232.264, 0.0180969
232.332, 0.0180969
232.392, 0.0180969
232.454, 0.0180969
232.517, 0.0180969
232.581, 0.0180969
232.648, 0.0180969
232.715, 0.0180969
232.775, 0.0180969
232.837, 0.0180969
232.897, 0.0180969
232.958, 0.0180969
233.018, 0.0180969
233.08, 0.0180969
233.14, 0.0180969
233.201, 0.0180969
233.264, 0.0180969
233.329, 0.0180969
233.389, 0.0180969
233.451, 0.0180969
233.511, 0.0180969
233.572, 0.0180969
233.632, 0.0180969
233.694, 0.0180969
233.754, 0.0180969
233.815, 0.0180969
233.878, 0.0180969
233.943, 0.0180969
234.009, 0.0180969
234.077, 0.0180969
234.137, 0.0180969
234.198, 0.0180969
234.258, 0.0180969
234.32, 0.0180969
234.383, 0.0180969
234.447, 0.0180969
234.514, 0.0180969
234.582, 0.0180969
234.642, 0.0180969
234.703, 0.0180969
234.763, 0.0180969
234.825, 0.0180969
234.888, 0.0180969
234.952, 0.0180969
235.012, 0.0180969
235.074, 0.0180969
235.134, 0.0180969
235.195, 0.0180969
235.255, 0.0180969
235.317, 0.0180969
235.377, 0.0180969
235.438, 0.0180969
235.498, 0.0180969
235.56, 0.0180969
235.62, 0.0180969
235.681, 0.0180969
235.744, 0.0180969
235.809, 0.0180969
235.875, 0.0180969
235.935, 0.0180969
235.997, 0.0180969
236.057, 0.0180969
236.118, 0.0180969
236.181, 0.0180969
236.241, 0.0180969
236.303, 0.0180969
236.366, 0.0180969
236.43, 0.0180969
236.49, 0.0180969
236.552, 0.0180969
236.612, 0.0180969
236.673, 0.0180969
236.733, 0.0180969
236.795, 0.0180969
236.858, 0.0180969
236.922, 0.0180969
236.989, 0.0180969
237.057, 0.0180969
237.126, 0.0180969
237.197, 0.0180969
237.257, 0.0180969
237.319, 0.0180969
237.379, 0.0180969
237.44, 0.0180969
237.5, 0.0180969
237.562, 0.0180969
237.622, 0.0180969
237.683, 0.0180969
237.743, 0.0180969
237.805, 0.0180969
237.868, 0.0180969
237.933, 0.0180969
237.999, 0.0180969
238.067, 0.0180969
238.136, 0.0180969
238.208, 0.0180969
238.281, 0.0180969
238.341, 0.0180969
238.402, 0.0180969
238.462, 0.0180969
238.524, 0.0180969
238.584, 0.0180969
238.645, 0.0180969
238.705, 0.0180969
238.765, 0.0180969
238.827, 0.0180969
238.89, 0.0180969
238.954, 0.0180969
239.021, 0.0180969
239.089, 0.0180969
239.158, 0.0180969
239.218, 0.0180969
239.28, 0.0180969
239.34, 0.0180969
239.401, 0.0180969
239.461, 0.0180969
239.523, 0.0180969
239.583, 0.0180969
239.644, 0.0180969
239.707, 0.0180969
239.772, 0.0180969
239.838, 0.0180969
239.906, 0.0180969
239.975, 0.0180969
240.047, 0.0180969
240.107, 0.0180969
240.168, 0.0180969
240.231, 0.0180969
240.291, 0.0180969
240.353, 0.0180969
240.416, 0.0180969
240.476, 0.0180969
240.537, 0.0180969
240.6, 0.0180969
240.665, 0.0180969
240.725, 0.0180969
240.785, 0.0180969
240.847, 0.0180969
240.907, 0.0180969
240.968, 0.0180969
241.031, 0.0180969
241.096, 0.0180969
241.162, 0.0180969
241.23, 0.0180969
241.299, 0.0180969
241.359, 0.0180969
241.421, 0.0180969
241.484, 0.0180969
241.548, 0.0180969
241.615, 0.0180969
241.683, 0.0180969
241.743, 0.0180969
241.803, 0.0180969
241.864, 0.0180969
241.924, 0.0180969
241.986, 0.0180969
242.046, 0.0180969
242.107, 0.0180969
242.167, 0.0180969
242.229, 0.0180969
242.289, 0.0180969
242.349, 0.0180969
242.41, 0.0180969
242.473, 0.0180969
242.538, 0.0180969
242.598, 0.0180969
242.659, 0.0180969
242.722, 0.0180969
242.787, 0.0180969
242.853, 0.0180969
242.921, 0.0180969
242.981, 0.0180969
243.043, 0.0180969
243.106, 0.0180969
243.166, 0.0180969
243.227, 0.0180969
243.29, 0.0180969
243.355, 0.0180969
243.421, 0.0180969
243.481, 0.0180969
243.542, 0.0180969
243.602, 0.0180969
243.664, 0.0180969
243.724, 0.0180969
243.785, 0.0180969
243.848, 0.0180969
243.908, 0.0180969
243.97, 0.0180969
244.03, 0.0180969
244.091, 0.0180969
244.151, 0.0180969
244.213, 0.0180969
244.273, 0.0180969
244.334, 0.0180969
244.398, 0.0180969
244.462, 0.0180969
244.522, 0.0180969
244.584, 0.0180969
244.647, 0.0180969
244.711, 0.0180969
244.771, 0.0180969
244.833, 0.0180969
244.896, 0.0180969
244.96, 0.0180969
245.027, 0.0180969
245.087, 0.0180969
245.148, 0.0180969
245.208, 0.0180969
245.27, 0.0180969
245.333, 0.0180969
245.397, 0.0180969
245.464, 0.0180969
245.524, 0.0180969
245.585, 0.0180969
245.648, 0.0180969
245.708, 0.0180969
245.77, 0.0180969
245.833, 0.0180969
245.893, 0.0180969
245.954, 0.0180969
246.017, 0.0180969
246.082, 0.0180969
246.148, 0.0180969
246.208, 0.0180969
246.269, 0.0180969
246.333, 0.0180969
246.397, 0.0180969
246.463, 0.0180969
246.531, 0.0180969
246.591, 0.0180969
246.653, 0.0180969
246.716, 0.0180969
246.78, 0.0180969
246.847, 0.0180969
246.915, 0.0180969
246.984, 0.0180969
247.055, 0.0180969
247.129, 0.0180969
247.203, 0.0180969
247.28, 0.0180969
247.34, 0.0180969
247.402, 0.0180969
247.465, 0.0180969
247.529, 0.0180969
247.589, 0.0180969
247.651, 0.0180969
247.714, 0.0180969
247.774, 0.0180969
247.835, 0.0180969
247.895, 0.0180969
247.957, 0.0180969
248.02, 0.0180969
248.085, 0.0180969
248.151, 0.0180969
248.211, 0.0180969
248.272, 0.0180969
248.332, 0.0180969
248.394, 0.0180969
248.457, 0.0180969
248.517, 0.0180969
248.578, 0.0180969
248.641, 0.0180969
248.706, 0.0180969
248.772, 0.0180969
248.84, 0.0180969
248.91, 0.0180969
248.97, 0.0180969
249.031, 0.0180969
249.094, 0.0180969
249.159, 0.0180969
249.225, 0.0180969
249.285, 0.0180969
249.347, 0.0180969
249.41, 0.0180969
249.474, 0.0180969
249.54, 0.0180969
249.6, 0.0180969
249.662, 0.0180969
249.722, 0.0180969
249.783, 0.0180969
249.847, 0.0180969
249.907, 0.0180969
249.968, 0.0180969
250.028, 0.0180969
250.09, 0.0180969
250.15, 0.0180969
250.211, 0.0180969
250.271, 0.0180969
250.333, 0.0180969
250.396, 0.0180664
250.46, 0.0180664
250.52, 0.0180664
250.582, 0.0180664
250.642, 0.0180664
250.703, 0.0180664
250.763, 0.0180664
250.825, 0.0180664
250.885, 0.0180664
250.946, 0.0180664
251.006, 0.0180664
251.068, 0.0180664
251.128, 0.0180664
251.189, 0.0180664
251.252, 0.0180664
251.317, 0.0180664
251.383, 0.0180664
251.451, 0.0180664
251.511, 0.0180664
