0.06, 530.222950010
0.12, 530.224937764
0.18, 530.224595060
0.2415, 530.224246411
0.304538, 530.223886582
0.369151, 530.223521725
0.43538, 530.223148383
0.503264, 530.222759703
0.572846, 530.222368933
0.644167, 530.221965256
0.717271, 530.221554940
0.792203, 530.221132672
0.869008, 530.220701573
0.947733, 530.220256704
1.02843, 530.219806473
1.11114, 530.219341560
1.19592, 530.218869105
1.28281, 530.218388877
1.37188, 530.218044807
1.46318, 530.217960795
1.55676, 530.217957655
1.65268, 530.217955625
1.751, 530.217952583
1.85177, 530.217951585
1.95507, 530.217950874
2.06094, 530.217945465
2.16947, 530.217944393
2.2807, 530.217942376
2.39472, 530.217939863
2.51159, 530.217936919
2.63138, 530.217935042
2.75416, 530.217934391
2.88002, 530.217931128
3.00902, 530.217926838
3.14124, 530.217929233
3.20124, 530.217928408
3.26274, 530.217927087
3.32578, 530.217922791
3.39039, 530.217926662
3.45039, 530.217925406
3.51189, 530.217920335
3.57493, 530.217917279
3.63954, 530.217920758
3.69954, 530.217917567
3.76104, 530.217918980
3.82104, 530.217917061
3.88254, 530.217913010
3.94558, 530.217914740
4.00558, 530.217911191
4.06708, 530.217909595
4.13012, 530.217911350
4.19012, 530.217906462
4.25162, 530.217906645
4.31162, 530.217907697
4.37162, 530.217902028
4.43312, 530.217904886
4.49312, 530.217900368
4.55462, 530.217901622
4.61462, 530.217903369
4.67462, 530.217897197
4.73612, 530.217897995
4.79612, 530.217897020
4.85762, 530.217897577
4.91762, 530.217898247
4.97762, 530.217895773
5.03912, 530.217892547
5.10216, 530.217895469
5.16216, 530.217890633
5.22366, 530.217887141
5.28669, 530.217886474
5.35131, 530.217892797
5.41131, 530.217888718
5.47281, 530.217886752
5.53584, 530.217885958
5.60046, 530.217883767
5.66669, 530.217880338
5.73457, 530.217881633
5.79457, 530.217880812
5.85607, 530.217878093
5.91911, 530.217876177
5.98372, 530.217876352
6.04372, 530.217875162
6.10522, 530.217873646
6.16826, 530.217876442
6.22826, 530.217873448
6.28976, 530.217868788
6.3528, 530.217870542
6.4128, 530.217867169
6.4743, 530.217867529
6.5343, 530.217866048
6.5958, 530.217864055
6.65884, 530.217864341
6.71884, 530.217862649
6.78034, 530.217862600
6.84337, 530.217862178
6.90799, 530.217858711
6.97421, 530.217859996
7.03421, 530.217858215
7.09571, 530.217852745
7.15875, 530.217854695
7.21875, 530.217854158
7.28025, 530.217850790
7.34329, 530.217854012
7.40329, 530.217853881
7.46479, 530.217848738
7.52783, 530.217847475
7.59244, 530.217850924
7.65244, 530.217846217
7.71394, 530.217848679
7.77394, 530.217844443
7.83544, 530.217847965
7.89544, 530.217842810
7.95694, 530.217839832
8.01998, 530.217839387
8.08459, 530.217839811
8.14459, 530.217834684
8.20609, 530.217833719
8.26913, 530.217831273
8.33374, 530.217834008
8.39374, 530.217830247
8.45524, 530.217831414
8.51524, 530.217826563
8.57674, 530.217828129
8.63674, 530.217826502
8.69824, 530.217823596
8.76128, 530.217824702
8.82128, 530.217826285
8.88128, 530.217824486
8.94278, 530.217819975
9.00582, 530.217822350
9.06582, 530.217823351
9.12582, 530.217819319
9.18732, 530.217820121
9.24732, 530.217817346
9.30882, 530.217817295
9.37186, 530.217814827
9.43647, 530.217815323
9.49647, 530.217812410
9.55797, 530.217813858
9.61797, 530.217809959
9.67947, 530.217808929
9.74251, 530.217809910
9.80251, 530.217806257
9.86401, 530.217803424
9.92704, 530.217807649
9.98704, 530.217801886
10.0485, 530.217802582
10.1085, 530.217797107
10.17, 530.217799724
10.23, 530.217801478
10.29, 530.217796896
10.3515, 530.217794862
10.4146, 530.217792776
10.4792, 530.217795501
10.5392, 530.217790959
10.6007, 530.217792028
10.6607, 530.217789187
10.7222, 530.217788880
10.7852, 530.217788249
10.8498, 530.217787703
10.9161, 530.217788067
10.9761, 530.217783928
11.0376, 530.217783004
11.1006, 530.217782009
11.1652, 530.217779237
11.2315, 530.217776601
11.2993, 530.217775715
11.3689, 530.217776949
11.4289, 530.217778462
11.4889, 530.217772784
11.5504, 530.217776487
11.6104, 530.217770763
11.6719, 530.217771843
11.7319, 530.217772027
11.7919, 530.217771189
11.8534, 530.217767156
11.9165, 530.217767585
11.9765, 530.217768040
12.0365, 530.217765935
12.098, 530.217765216
12.161, 530.217762179
12.2256, 530.217763737
12.2856, 530.217759615
12.3471, 530.217760103
12.4071, 530.217760444
12.4671, 530.217757934
12.5286, 530.217755947
12.5916, 530.217756696
12.6516, 530.217753804
12.7131, 530.217750609
12.7762, 530.217752335
12.8362, 530.217747281
12.8977, 530.217749568
12.9577, 530.217747955
13.0192, 530.217747223
13.0822, 530.217744438
13.1468, 530.217741566
13.2131, 530.217742685
13.2731, 530.217738207
13.3346, 530.217741198
13.3946, 530.217740220
13.4561, 530.217741234
13.5161, 530.217742071
13.5761, 530.217736025
13.6376, 530.217731272
13.7006, 530.217735151
13.7606, 530.217733304
13.8221, 530.217734853
13.8821, 530.217730994
13.9436, 530.217732316
14.0036, 530.217729994
14.0651, 530.217729781
14.1281, 530.217726843
14.1928, 530.217730093
14.2528, 530.217725353
14.3143, 530.217725061
14.3773, 530.217723305
14.4419, 530.217721598
14.5081, 530.217720602
14.576, 530.217722884
14.636, 530.217721433
14.6975, 530.217714526
14.7606, 530.217713552
14.8252, 530.217716038
14.8852, 530.217711501
14.9467, 530.217710758
15.0097, 530.217712899
15.0697, 530.217707436
15.1312, 530.217709484
15.1912, 530.217707664
15.2527, 530.217704383
15.3157, 530.217705994
15.3757, 530.217700649
15.4372, 530.217703474
15.4972, 530.217697502
15.5587, 530.217705240
15.6187, 530.217698958
15.6802, 530.217696830
15.7433, 530.217696957
15.8033, 530.217693514
15.8648, 530.217698815
15.9248, 530.217694099
15.9863, 530.217695026
16.0463, 530.217692512
16.1078, 530.217690636
16.1708, 530.217686915
16.2354, 530.217692598
16.2954, 530.217684888
16.3569, 530.217684686
16.42, 530.217682737
16.4846, 530.217684942
16.5446, 530.217683601
16.6061, 530.217681000
16.6691, 530.217680675
16.7337, 530.217677470
16.8, 530.217679929
16.86, 530.217676634
16.9215, 530.217676955
16.9815, 530.217672189
17.043, 530.217671598
17.106, 530.217673405
17.166, 530.217673473
17.226, 530.217670081
17.2875, 530.217672233
17.3475, 530.217669426
17.409, 530.217669484
17.469, 530.217663006
17.5305, 530.217665713
17.5905, 530.217662800
17.652, 530.217660997
17.715, 530.217662591
17.775, 530.217657882
17.8365, 530.217657567
17.8996, 530.217656367
17.9642, 530.217655639
18.0304, 530.217654684
18.0983, 530.217655318
18.1583, 530.217648785
18.2198, 530.217651560
18.2798, 530.217651219
18.3413, 530.217647665
18.4043, 530.217649759
18.4643, 530.217648213
18.5258, 530.217644243
18.5889, 530.217643696
18.6535, 530.217641846
18.7197, 530.217643264
18.7797, 530.217643222
18.8412, 530.217641520
18.9043, 530.217636272
18.9689, 530.217637719
19.0289, 530.217639163
19.0889, 530.217633332
19.1504, 530.217633407
19.2104, 530.217638601
19.2704, 530.217634023
19.3319, 530.217630402
19.3949, 530.217629606
19.4595, 530.217632986
19.5195, 530.217628994
19.581, 530.217624839
19.6441, 530.217624622
19.7087, 530.217628823
19.7687, 530.217623656
19.8302, 530.217622574
19.8932, 530.217624033
19.9532, 530.217623999
20.0147, 530.217617645
20.0777, 530.217616966
20.1424, 530.217617228
20.2024, 530.217616485
20.2639, 530.217612915
20.3269, 530.217611493
20.3915, 530.217613357
20.4515, 530.217608475
20.513, 530.217609321
20.573, 530.217611052
20.633, 530.217607314
20.6945, 530.217603443
20.7575, 530.217607851
20.8175, 530.217604670
20.879, 530.217603025
20.9421, 530.217601020
21.0067, 530.217599521
21.0729, 530.217598949
21.1408, 530.217599487
21.2008, 530.217596878
21.2623, 530.217593414
21.3253, 530.217595643
21.3853, 530.217595391
21.4468, 530.217592213
21.5099, 530.217592459
21.5699, 530.217589724
21.6314, 530.217591340
21.6914, 530.217587426
21.7529, 530.217581662
21.8159, 530.217589748
21.8759, 530.217587117
21.9374, 530.217584472
22.0005, 530.217579000
22.0651, 530.217583221
22.1251, 530.217579084
22.1866, 530.217578303
22.2496, 530.217575814
22.3142, 530.217576960
22.3742, 530.217574079
22.4357, 530.217575041
22.4957, 530.217573005
22.5572, 530.217573925
22.6172, 530.217571963
22.6787, 530.217572670
22.7387, 530.217569091
22.8002, 530.217570315
22.8602, 530.217566954
22.9217, 530.217565457
22.9848, 530.217564689
23.0494, 530.217564073
23.1156, 530.217561246
23.1835, 530.217564029
23.2435, 530.217556639
23.305, 530.217556682
23.365, 530.217555231
23.4265, 530.217553646
23.4895, 530.217553909
23.5495, 530.217554728
23.6095, 530.217549182
23.671, 530.217549964
23.731, 530.217546865
23.7925, 530.217549815
23.8525, 530.217547900
23.914, 530.217548315
23.974, 530.217549546
24.034, 530.217547698
24.0955, 530.217543759
24.1586, 530.217543387
24.2232, 530.217542863
24.2894, 530.217542227
24.3573, 530.217543089
24.4173, 530.217537562
24.4788, 530.217536948
24.5418, 530.217536283
24.6064, 530.217535626
24.6727, 530.217537490
24.7327, 530.217530937
24.7942, 530.217532391
24.8542, 530.217530325
24.9157, 530.217527905
24.9787, 530.217528932
25.0387, 530.217528848
25.1002, 530.217522558
25.1632, 530.217529791
25.2232, 530.217523493
25.2847, 530.217520342
25.3478, 530.217520037
25.4124, 530.217523441
25.4724, 530.217514845
25.5339, 530.217516528
25.5939, 530.217513588
25.6554, 530.217512703
25.7184, 530.217515600
25.7784, 530.217512760
25.8399, 530.217514017
25.8999, 530.217515774
25.9599, 530.217508685
26.0214, 530.217510663
26.0814, 530.217506172
26.1429, 530.217508297
26.2029, 530.217507641
26.2644, 530.217506991
26.3275, 530.217503417
26.3921, 530.217505825
26.4521, 530.217502442
26.5136, 530.217500052
26.5766, 530.217501020
26.6366, 530.217497384
26.6981, 530.217496751
26.7612, 530.217495317
26.8258, 530.217496950
26.8858, 530.217494810
26.9473, 530.217492789
27.0103, 530.217489778
27.0749, 530.217489696
27.1412, 530.217491509
27.2012, 530.217487658
27.2627, 530.217486341
27.3257, 530.217486236
27.3903, 530.217483975
27.4565, 530.217484107
27.5165, 530.217481278
27.578, 530.217480512
27.6411, 530.217480345
27.7057, 530.217476631
27.7719, 530.217477633
27.8319, 530.217474525
27.8934, 530.217472610
27.9565, 530.217471566
28.0211, 530.217474419
28.0811, 530.217468229
28.1426, 530.217473310
28.2026, 530.217470027
28.2641, 530.217469106
28.3271, 530.217466585
28.3917, 530.217468146
28.4517, 530.217468882
28.5117, 530.217466490
28.5732, 530.217463237
28.6363, 530.217460997
28.7009, 530.217460739
28.7671, 530.217459678
28.835, 530.217456588
28.9046, 530.217455305
28.9759, 530.217455291
29.049, 530.217453294
29.1239, 530.217455614
29.1839, 530.217453191
29.2454, 530.217454875
29.3054, 530.217451123
29.3669, 530.217450116
29.43, 530.217447485
29.4946, 530.217447630
29.5546, 530.217444393
29.6161, 530.217443891
29.6791, 530.217440184
29.7437, 530.217442056
29.8037, 530.217440332
29.8652, 530.217434529
29.9283, 530.217438703
29.9883, 530.217435715
30.0498, 530.217437572
30.1098, 530.217437074
30.1713, 530.217434252
30.2343, 530.217434181
30.2989, 530.217429514
30.3651, 530.217432058
30.4251, 530.217427863
30.4866, 530.217426804
30.5497, 530.217424603
30.6143, 530.217427681
30.6743, 530.217425315
30.7358, 530.217422180
30.7988, 530.217422511
30.8588, 530.217420403
30.9203, 530.217419660
30.9834, 530.217415314
31.048, 530.217416171
31.108, 530.217416598
31.168, 530.217414188
31.2295, 530.217414946
31.2895, 530.217412980
31.351, 530.217411081
31.414, 530.217411166
31.474, 530.217408582
31.5355, 530.217410375
31.5955, 530.217406060
31.657, 530.217405505
31.7201, 530.217407829
31.7801, 530.217401472
31.8416, 530.217402857
31.9016, 530.217402032
31.9631, 530.217399538
32.0261, 530.217396851
32.0907, 530.217397763
32.1507, 530.217393505
32.2122, 530.217394169
32.2722, 530.217394703
32.3322, 530.217394376
32.3937, 530.217388232
32.4567, 530.217390465
32.5167, 530.217387634
32.5782, 530.217388489
32.6382, 530.217387954
32.6997, 530.217388164
32.7597, 530.217382840
32.8212, 530.217389410
32.8812, 530.217381289
32.9427, 530.217383904
33.0027, 530.217380990
33.0642, 530.217382476
33.1242, 530.217375788
33.1857, 530.217377544
33.2457, 530.217374827
33.3072, 530.217374596
33.3703, 530.217372505
33.4349, 530.217373890
33.4949, 530.217371479
33.5564, 530.217368934
33.6194, 530.217368785
33.684, 530.217369176
33.744, 530.217367842
33.8055, 530.217363590
33.8686, 530.217362844
33.9332, 530.217363442
33.9932, 530.217362723
34.0547, 530.217362824
34.1147, 530.217364540
34.1747, 530.217361376
34.2362, 530.217358756
34.2992, 530.217358004
34.3638, 530.217359241
34.4238, 530.217354846
34.4853, 530.217353571
34.5484, 530.217352307
34.613, 530.217350511
34.6792, 530.217352871
34.7392, 530.217349340
34.8007, 530.217352635
34.8607, 530.217348345
34.9222, 530.217347038
34.9853, 530.217344817
35.0499, 530.217343425
35.1161, 530.217343754
35.1761, 530.217339454
35.2376, 530.217344871
35.2976, 530.217339905
35.3591, 530.217336483
35.4221, 530.217337216
35.4821, 530.217335912
35.5436, 530.217333070
35.6067, 530.217333507
35.6667, 530.217334000
35.7267, 530.217333345
35.7882, 530.217330930
35.8512, 530.217328184
35.9158, 530.217328873
35.9758, 530.217325438
36.0373, 530.217325908
36.0973, 530.217324625
36.1588, 530.217323180
36.2219, 530.217321266
36.2865, 530.217322736
36.3465, 530.217318815
36.408, 530.217320246
36.468, 530.217318946
36.5295, 530.217316592
36.5925, 530.217314737
36.6571, 530.217316990
36.7171, 530.217314636
36.7786, 530.217312563
36.8417, 530.217309357
36.9063, 530.217310580
36.9663, 530.217304962
37.0278, 530.217306324
37.0878, 530.217305542
37.1493, 530.217308689
37.2093, 530.217304420
37.2708, 530.217300754
37.3338, 530.217303353
37.3938, 530.217302318
37.4553, 530.217299850
37.5184, 530.217298418
37.583, 530.217299345
37.643, 530.217297214
37.7045, 530.217294824
37.7675, 530.217292498
37.8321, 530.217295276
37.8921, 530.217292868
37.9536, 530.217289678
38.0167, 530.217292008
38.0767, 530.217289671
38.1382, 530.217286349
38.2012, 530.217287063
38.2612, 530.217284661
38.3227, 530.217284593
38.3857, 530.217280555
38.4503, 530.217282581
38.5103, 530.217279789
38.5718, 530.217282954
38.6318, 530.217279005
38.6933, 530.217277313
38.7564, 530.217279021
38.8164, 530.217275167
38.8779, 530.217272117
38.9409, 530.217268684
39.0055, 530.217273132
39.0655, 530.217271813
39.127, 530.217271641
39.1901, 530.217265545
39.2547, 530.217269799
39.3147, 530.217267433
39.3762, 530.217265465
39.4392, 530.217262977
39.5038, 530.217261440
39.5701, 530.217261783
39.6301, 530.217260686
39.6916, 530.217258950
39.7546, 530.217259174
39.8146, 530.217256136
39.8761, 530.217255140
39.9391, 530.217254958
40.0038, 530.217255900
40.0638, 530.217250355
40.1253, 530.217248924
40.1883, 530.217252179
40.2483, 530.217248091
40.3098, 530.217245740
40.3728, 530.217247291
40.4328, 530.217248467
40.4928, 530.217243823
40.5543, 530.217242156
40.6174, 530.217244026
40.6774, 530.217239656
40.7389, 530.217242195
40.7989, 530.217238664
40.8604, 530.217240186
40.9204, 530.217237613
40.9819, 530.217234755
41.0449, 530.217233094
41.1095, 530.217234067
41.1695, 530.217231693
41.231, 530.217234166
41.291, 530.217229821
41.3525, 530.217226022
41.4156, 530.217226460
41.4756, 530.217227922
41.5356, 530.217226219
41.5971, 530.217219775
41.6601, 530.217220258
41.7201, 530.217222004
41.7801, 530.217221949
41.8416, 530.217219476
41.9046, 530.217219551
41.9646, 530.217217515
42.0261, 530.217215669
42.0892, 530.217215318
42.1538, 530.217216573
42.2138, 530.217212258
42.2753, 530.217214067
42.3353, 530.217211389
42.3968, 530.217212170
42.4568, 530.217210533
42.5183, 530.217207160
42.5813, 530.217208753
42.6413, 530.217202409
42.7028, 530.217202345
42.7659, 530.217200069
42.8305, 530.217201181
42.8905, 530.217199900
42.952, 530.217198317
43.015, 530.217195026
43.0796, 530.217197119
43.1396, 530.217197024
43.2011, 530.217192689
43.2642, 530.217195232
43.3242, 530.217190394
43.3857, 530.217189765
43.4487, 530.217191327
43.5087, 530.217191756
43.5687, 530.217188643
43.6302, 530.217190448
43.6902, 530.217187286
43.7517, 530.217184703
43.8147, 530.217183846
43.8793, 530.217181186
43.9456, 530.217179056
44.0135, 530.217179940
44.0735, 530.217178413
44.135, 530.217176808
44.198, 530.217176963
44.258, 530.217177225
44.318, 530.217173422
44.3795, 530.217175762
44.4395, 530.217173233
44.501, 530.217169673
44.564, 530.217171735
44.624, 530.217165512
44.6855, 530.217171019
44.7455, 530.217165492
44.807, 530.217164823
44.8701, 530.217164664
44.9347, 530.217166840
44.9947, 530.217161556
45.0562, 530.217159555
45.1192, 530.217161636
45.1792, 530.217159556
45.2407, 530.217157393
45.3038, 530.217157960
45.3638, 530.217156410
45.4253, 530.217155987
45.4883, 530.217154371
45.5529, 530.217154390
45.6129, 530.217151975
45.6744, 530.217150902
45.7374, 530.217151660
45.7974, 530.217147724
45.8589, 530.217148023
45.9189, 530.217144307
45.9804, 530.217145981
46.0404, 530.217142678
46.1019, 530.217140928
46.165, 530.217137579
46.2296, 530.217140339
46.2896, 530.217141381
46.3496, 530.217141277
46.4111, 530.217135597
46.4741, 530.217135583
46.5388, 530.217133449
46.605, 530.217137706
46.665, 530.217132032
46.7265, 530.217134293
46.7865, 530.217127582
46.848, 530.217129150
46.908, 530.217128088
46.9695, 530.217127998
47.0325, 530.217127133
47.0971, 530.217126838
47.1634, 530.217123033
47.2312, 530.217119884
47.3008, 530.217118289
47.3721, 530.217118240
47.4453, 530.217118092
47.5202, 530.217116901
47.597, 530.217115253
47.6757, 530.217115945
47.7357, 530.217114433
47.7972, 530.217111965
47.8603, 530.217111547
47.9249, 530.217108292
47.9911, 530.217111017
48.0511, 530.217106496
48.1126, 530.217103438
48.1756, 530.217102751
48.2402, 530.217102235
48.3065, 530.217104673
48.3665, 530.217098204
48.428, 530.217098932
48.488, 530.217099449
48.548, 530.217093915
48.6095, 530.217094150
48.6695, 530.217096401
48.7295, 530.217092710
48.791, 530.217096496
48.851, 530.217090461
48.9125, 530.217089827
48.9755, 530.217090887
49.0355, 530.217089798
49.097, 530.217088433
49.16, 530.217088107
49.2247, 530.217084252
49.2909, 530.217082811
49.3588, 530.217080546
49.4284, 530.217080987
49.4884, 530.217078721
49.5499, 530.217081221
49.6099, 530.217076228
49.6714, 530.217078075
49.7314, 530.217071024
49.7929, 530.217073543
49.8529, 530.217074850
49.9129, 530.217072638
49.9744, 530.217068352
50.0374, 530.217072360
50.0974, 530.217070829
50.1589, 530.217067698
50.2219, 530.217066825
50.2865, 530.217068952
50.3465, 530.217063032
50.408, 530.217061030
50.4711, 530.217063333
50.5311, 530.217058857
50.5926, 530.217058950
50.6526, 530.217055342
50.7141, 530.217056604
50.7741, 530.217060669
50.8341, 530.217053733
50.8956, 530.217054676
50.9556, 530.217050196
51.0171, 530.217051164
51.0771, 530.217049025
51.1386, 530.217050081
51.1986, 530.217048055
51.2601, 530.217044889
51.3231, 530.217045305
51.3831, 530.217047336
51.4431, 530.217045940
51.5046, 530.217042018
51.5677, 530.217041977
51.6323, 530.217041058
51.6985, 530.217040401
51.7664, 530.217044014
51.8264, 530.217037824
51.8879, 530.217035666
51.9509, 530.217035790
52.0109, 530.217033575
52.0724, 530.217034348
52.1324, 530.217030138
52.1939, 530.217033792
52.2539, 530.217029391
52.3154, 530.217030140
52.3754, 530.217030912
52.4354, 530.217030031
52.4969, 530.217029043
52.56, 530.217024766
52.6246, 530.217024477
52.6908, 530.217023467
52.7587, 530.217021209
52.8283, 530.217021066
52.8996, 530.217018866
52.9727, 530.217015733
53.0476, 530.217011308
53.1244, 530.217016012
53.1844, 530.217015188
53.2459, 530.217011116
53.309, 530.217013696
53.369, 530.217006172
53.4305, 530.217010878
53.4905, 530.217008630
53.552, 530.217002346
53.615, 530.217001752
53.6796, 530.217003559
53.7396, 530.217002876
53.8011, 530.217002830
53.8642, 530.217004814
53.9242, 530.217002171
53.9857, 530.216998595
54.0487, 530.216997633
54.1133, 530.216998468
54.1733, 530.216995616
54.2348, 530.216994999
54.2978, 530.216993942
54.3625, 530.216993747
54.4287, 530.216990447
54.4966, 530.216989711
54.5662, 530.216986782
54.6375, 530.216987590
54.6975, 530.216985661
54.759, 530.216985640
54.822, 530.216983165
54.8866, 530.216984321
54.9466, 530.216981834
55.0081, 530.216979648
55.0712, 530.216977430
55.1358, 530.216975405
55.202, 530.216973965
55.2699, 530.216976345
55.3299, 530.216973279
55.3914, 530.216971752
55.4544, 530.216969668
55.519, 530.216970422
55.579, 530.216969178
55.6405, 530.216967796
55.7036, 530.216969920
55.7636, 530.216968052
55.8251, 530.216966026
55.8881, 530.216965568
55.9527, 530.216965591
56.0127, 530.216962887
56.0742, 530.216963772
56.1342, 530.216960320
56.1957, 530.216961691
56.2557, 530.216956741
56.3172, 530.216959525
56.3772, 530.216955414
56.4387, 530.216955894
56.4987, 530.216951542
56.5602, 530.216949731
56.6233, 530.216949485
56.6879, 530.216954111
56.7479, 530.216947983
56.8094, 530.216944144
56.8724, 530.216945290
56.9324, 530.216944949
56.9939, 530.216946221
57.0539, 530.216942405
57.1154, 530.216946526
57.1754, 530.216944243
57.2369, 530.216942335
57.3, 530.216935101
57.3646, 530.216933626
57.4308, 530.216931889
57.4987, 530.216933105
57.5587, 530.216933287
57.6187, 530.216934462
57.6787, 530.216936043
57.7387, 530.216929117
57.8002, 530.216927188
57.8632, 530.216926916
57.9278, 530.216925961
57.9941, 530.216924045
58.0619, 530.216929551
58.1219, 530.216924651
58.1834, 530.216920168
58.2465, 530.216922842
58.3065, 530.216919777
58.368, 530.216920060
58.428, 530.216916554
58.4895, 530.216914055
58.5525, 530.216916945
58.6125, 530.216915896
58.674, 530.216915481
58.7371, 530.216913190
58.8017, 530.216913559
58.8617, 530.216907169
58.9232, 530.216908340
58.9832, 530.216906445
59.0447, 530.216904995
59.1077, 530.216903763
59.1723, 530.216905408
59.2323, 530.216906637
59.2923, 530.216904794
59.3538, 530.216903728
59.4169, 530.216905544
59.4769, 530.216900662
59.5384, 530.216899239
59.6014, 530.216894634
59.666, 530.216897052
59.726, 530.216895475
59.7875, 530.216893883
59.8505, 530.216893345
59.9152, 530.216890381
59.9814, 530.216889513
60.0493, 530.216892934
60.1093, 530.216887861
60.1708, 530.216886610
60.2338, 530.216887375
60.2938, 530.216885108
60.3553, 530.216885431
60.4153, 530.216882815
60.4768, 530.216878983
60.5398, 530.216878942
60.6045, 530.216882288
60.6645, 530.216877787
60.726, 530.216872558
60.789, 530.216873440
60.849, 530.216874072
60.909, 530.216876569
60.969, 530.216872074
61.0305, 530.216872958
61.0905, 530.216869644
61.152, 530.216871759
61.212, 530.216866830
61.2735, 530.216868737
61.3335, 530.216865817
61.395, 530.216861340
61.458, 530.216863895
61.518, 530.216861246
61.5795, 530.216861732
61.6395, 530.216858184
61.701, 530.216861101
61.761, 530.216859411
61.8225, 530.216862807
61.8825, 530.216851933
61.944, 530.216857295
62.004, 530.216850325
62.0655, 530.216850411
62.1255, 530.216850726
62.1855, 530.216849102
62.247, 530.216847935
62.3101, 530.216849107
62.3701, 530.216847613
62.4316, 530.216844218
62.4946, 530.216843416
62.5592, 530.216846209
62.6192, 530.216841339
62.6807, 530.216843266
62.7407, 530.216843850
62.8007, 530.216835093
62.8622, 530.216837757
62.9222, 530.216837852
62.9822, 530.216837158
63.0437, 530.216836320
63.1068, 530.216833873
63.1714, 530.216830073
63.2376, 530.216833039
63.2976, 530.216830688
63.3591, 530.216828166
63.4221, 530.216826528
63.4868, 530.216824037
63.553, 530.216825587
63.613, 530.216822100
63.6745, 530.216821660
63.7375, 530.216821734
63.7975, 530.216820687
63.859, 530.216819117
63.9221, 530.216817854
63.9867, 530.216815803
64.0529, 530.216817297
64.1129, 530.216816659
64.1744, 530.216816404
64.2374, 530.216812317
64.3021, 530.216810249
64.3683, 530.216811702
64.4283, 530.216804949
64.4898, 530.216809980
64.5498, 530.216808551
64.6113, 530.216804741
64.6743, 530.216805103
64.7343, 530.216803206
64.7958, 530.216800220
64.8589, 530.216804874
64.9189, 530.216803486
64.9804, 530.216802822
65.0434, 530.216801976
65.108, 530.216800230
65.1742, 530.216794813
65.2421, 530.216796538
65.3021, 530.216795271
65.3636, 530.216792614
65.4267, 530.216790093
65.4913, 530.216788831
65.5575, 530.216788730
65.6254, 530.216788501
65.695, 530.216785994
65.7663, 530.216785819
65.8394, 530.216784845
65.9143, 530.216781495
65.9911, 530.216782967
66.0511, 530.216780133
66.1126, 530.216777558
66.1757, 530.216776683
66.2403, 530.216777113
66.3003, 530.216777111
66.3618, 530.216771474
66.4248, 530.216771763
66.4848, 530.216769961
66.5463, 530.216769973
66.6063, 530.216765668
66.6678, 530.216765719
66.7278, 530.216763874
66.7893, 530.216765729
66.8493, 530.216764063
66.9108, 530.216763810
66.9739, 530.216761159
67.0385, 530.216763060
67.0985, 530.216761021
67.16, 530.216758932
67.223, 530.216759028
67.283, 530.216757819
67.3445, 530.216758303
67.4045, 530.216758750
67.4645, 530.216754395
67.526, 530.216753655
67.589, 530.216750658
67.6537, 530.216747467
67.7199, 530.216751489
67.7799, 530.216747937
67.8414, 530.216749264
67.9014, 530.216744185
67.9629, 530.216743137
68.0259, 530.216745528
68.0859, 530.216743837
68.1474, 530.216742383
68.2105, 530.216740603
68.2751, 530.216741490
68.3351, 530.216743670
68.3951, 530.216736695
68.4566, 530.216735937
68.5196, 530.216736986
68.5796, 530.216731968
68.6411, 530.216734252
68.7011, 530.216732787
68.7626, 530.216729514
68.8256, 530.216729594
68.8856, 530.216730751
68.9456, 530.216725782
69.0071, 530.216729142
69.0671, 530.216727815
69.1286, 530.216724253
69.1917, 530.216724211
69.2563, 530.216721652
69.3225, 530.216722378
69.3825, 530.216719190
69.444, 530.216718759
69.5071, 530.216716517
69.5717, 530.216715559
69.6379, 530.216715028
69.7058, 530.216710808
69.7754, 530.216713448
69.8354, 530.216712147
69.8969, 530.216707754
69.9599, 530.216708843
70.0199, 530.216709012
70.0799, 530.216704075
70.1414, 530.216708590
70.2014, 530.216703540
70.2629, 530.216704189
70.3229, 530.216703628
70.3844, 530.216700407
70.4474, 530.216695815
70.5121, 530.216699531
70.5721, 530.216696488
70.6336, 530.216696635
70.6936, 530.216696049
70.7551, 530.216694898
70.8181, 530.216693765
70.8827, 530.216693808
70.9427, 530.216691871
71.0042, 530.216690852
71.0673, 530.216689586
71.1319, 530.216689966
71.1919, 530.216683347
71.2534, 530.216685164
71.3134, 530.216685385
71.3734, 530.216682846
71.4349, 530.216683514
71.4949, 530.216678696
71.5564, 530.216681104
71.6164, 530.216679133
71.6779, 530.216674062
71.7409, 530.216677929
71.8009, 530.216674841
71.8624, 530.216671834
71.9254, 530.216673552
71.9854, 530.216670612
72.0469, 530.216672407
72.1069, 530.216671584
72.1684, 530.216672780
72.2284, 530.216669748
72.2899, 530.216670409
72.3499, 530.216668586
72.4114, 530.216666623
72.4745, 530.216663874
72.5391, 530.216663054
72.6053, 530.216660787
72.6732, 530.216658030
72.7428, 530.216661204
72.8028, 530.216657148
72.8643, 530.216654705
72.9273, 530.216656663
72.9873, 530.216654027
73.0488, 530.216652041
73.1119, 530.216651440
73.1765, 530.216651993
73.2365, 530.216650086
73.298, 530.216648120
73.361, 530.216648668
73.421, 530.216647943
73.4825, 530.216644865
73.5455, 530.216644197
73.6102, 530.216642139
73.6764, 530.216642391
73.7364, 530.216641790
73.7979, 530.216641470
73.8609, 530.216639593
73.9255, 530.216640512
73.9855, 530.216639665
74.047, 530.216634875
74.1101, 530.216634734
74.1747, 530.216634443
74.2409, 530.216630103
74.3088, 530.216633381
74.3688, 530.216631395
74.4303, 530.216629697
74.4933, 530.216627055
74.558, 530.216630128
74.618, 530.216626730
74.6795, 530.216621458
74.7425, 530.216621718
74.8025, 530.216623608
74.8625, 530.216620148
74.924, 530.216624536
74.984, 530.216618523
75.0455, 530.216619338
75.1055, 530.216616375
75.167, 530.216615419
75.23, 530.216613013
75.2946, 530.216612381
75.3609, 530.216611956
75.4288, 530.216611000
75.4983, 530.216606659
75.5697, 530.216608478
75.6297, 530.216604697
75.6912, 530.216604839
75.7512, 530.216605474
75.8112, 530.216599314
75.8727, 530.216603992
75.9327, 530.216599440
75.9942, 530.216600532
76.0542, 530.216601014
76.1142, 530.216596166
76.1757, 530.216601762
76.2357, 530.216598568
76.2972, 530.216598997
76.3572, 530.216596457
76.4187, 530.216594750
76.4817, 530.216594415
76.5463, 530.216591147
76.6125, 530.216591889
76.6725, 530.216585389
76.734, 530.216589372
76.794, 530.216586874
76.8555, 530.216586624
76.9186, 530.216586495
76.9832, 530.216583726
77.0494, 530.216584853
77.1094, 530.216579281
77.1709, 530.216581452
77.2309, 530.216579635
77.2924, 530.216578029
77.3555, 530.216575704
77.4201, 530.216572778
77.4863, 530.216573172
77.5463, 530.216568975
77.6078, 530.216571433
77.6678, 530.216568818
77.7293, 530.216570725
77.7893, 530.216570375
77.8508, 530.216567802
77.9138, 530.216567684
77.9785, 530.216564264
78.0447, 530.216565126
78.1047, 530.216561979
78.1662, 530.216560434
78.2292, 530.216559655
78.2938, 530.216558958
78.3601, 530.216560386
78.4201, 530.216556365
78.4816, 530.216556445
78.5416, 530.216553743
78.6031, 530.216556802
78.6631, 530.216552317
78.7246, 530.216550263
78.7876, 530.216554000
78.8476, 530.216553309
78.9091, 530.216549830
78.9721, 530.216552238
79.0321, 530.216546302
79.0936, 530.216546558
79.1536, 530.216542093
79.2151, 530.216545645
79.2751, 530.216540452
79.3366, 530.216540553
79.3966, 530.216536000
79.4581, 530.216538075
79.5181, 530.216538928
79.5781, 530.216537038
79.6396, 530.216537297
79.6996, 530.216533516
79.7611, 530.216531386
79.8242, 530.216533134
79.8842, 530.216532870
79.9457, 530.216528922
80.0087, 530.216529860
80.0687, 530.216526853
80.1302, 530.216525163
80.1932, 530.216524517
80.2579, 530.216525368
80.3179, 530.216523895
80.3794, 530.216522192
80.4424, 530.216523442
80.5024, 530.216518455
80.5639, 530.216514728
80.6269, 530.216516471
80.6869, 530.216513737
80.7484, 530.216515520
80.8084, 530.216520350
80.8684, 530.216510416
80.9299, 530.216511920
80.9899, 530.216510690
81.0514, 530.216509590
81.1145, 530.216509430
81.1791, 530.216509469
81.2391, 530.216508224
81.3006, 530.216504684
81.3636, 530.216504160
81.4282, 530.216503537
81.4945, 530.216506545
81.5545, 530.216497125
81.616, 530.216498170
81.676, 530.216500396
81.736, 530.216498712
81.7975, 530.216498848
81.8575, 530.216496076
81.919, 530.216495444
81.982, 530.216493680
82.0466, 530.216491926
82.1128, 530.216491218
82.1807, 530.216486608
82.2503, 530.216488152
82.3103, 530.216485724
82.3718, 530.216486539
82.4318, 530.216479449
82.4933, 530.216485182
82.5533, 530.216482676
82.6148, 530.216480189
82.6779, 530.216481984
82.7379, 530.216478475
82.7994, 530.216476202
82.8624, 530.216477883
82.9224, 530.216476311
82.9839, 530.216472617
83.0469, 530.216474587
83.1069, 530.216473749
83.1684, 530.216474276
83.2284, 530.216470900
83.2899, 530.216472262
83.3499, 530.216467503
83.4114, 530.216465026
83.4745, 530.216468619
83.5345, 530.216465736
83.596, 530.216464332
83.659, 530.216462768
83.7236, 530.216463205
83.7836, 530.216463278
83.8436, 530.216459662
83.9051, 530.216462112
83.9651, 530.216458254
84.0266, 530.216458181
84.0897, 530.216455094
84.1543, 530.216451686
84.2205, 530.216451381
84.2884, 530.216453451
84.3484, 530.216450471
84.4099, 530.216449990
84.4729, 530.216452759
84.5329, 530.216445527
84.5944, 530.216446239
84.6544, 530.216444962
84.7159, 530.216444514
84.779, 530.216444566
84.839, 530.216439975
84.9005, 530.216441340
84.9605, 530.216439341
85.022, 530.216441132
85.082, 530.216437039
85.1435, 530.216438390
85.2035, 530.216437147
85.265, 530.216433345
85.328, 530.216434746
85.388, 530.216430476
85.4495, 530.216427337
85.5125, 530.216430145
85.5725, 530.216425384
85.634, 530.216427698
85.694, 530.216428861
85.754, 530.216427045
85.8155, 530.216426363
85.8786, 530.216424551
85.9432, 530.216419005
86.0094, 530.216422587
86.0694, 530.216416943
86.1309, 530.216421047
86.1909, 530.216416866
86.2524, 530.216417321
86.3124, 530.216415703
86.3739, 530.216414783
86.4369, 530.216412383
86.5016, 530.216409710
86.5678, 530.216413936
86.6278, 530.216408113
86.6893, 530.216408851
86.7493, 530.216408846
86.8108, 530.216409216
86.8708, 530.216404649
86.9323, 530.216403987
86.9953, 530.216404878
87.0553, 530.216403062
87.1168, 530.216399988
87.1799, 530.216401302
87.2399, 530.216402508
87.2999, 530.216398551
87.3614, 530.216396693
87.4244, 530.216396527
87.489, 530.216394681
87.5552, 530.216395324
87.6152, 530.216396057
87.6752, 530.216391117
87.7367, 530.216392657
87.7967, 530.216387285
87.8582, 530.216387629
87.9182, 530.216386096
87.9797, 530.216387598
88.0397, 530.216386620
88.1012, 530.216383039
88.1643, 530.216382623
88.2289, 530.216379122
88.2951, 530.216380162
88.3551, 530.216381315
88.4151, 530.216376841
88.4766, 530.216372874
88.5397, 530.216372893
88.5997, 530.216374679
88.6597, 530.216372495
88.7212, 530.216368943
88.7842, 530.216369760
88.8442, 530.216367141
88.9057, 530.216368893
88.9657, 530.216368453
89.0272, 530.216363355
89.0902, 530.216365859
89.1502, 530.216365392
89.2117, 530.216365907
89.2717, 530.216361132
89.3332, 530.216361334
89.3932, 530.216361058
89.4547, 530.216357887
89.5178, 530.216359061
89.5778, 530.216356750
89.6393, 530.216356983
89.6993, 530.216355443
89.7608, 530.216350227
89.8238, 530.216351155
89.8838, 530.216349737
89.9453, 530.216351524
90.0053, 530.216353697
90.0653, 530.216345798
90.1268, 530.216346963
90.1868, 530.216347577
90.2468, 530.216344459
90.3083, 530.216343503
90.3713, 530.216340824
90.436, 530.216344222
90.496, 530.216342519
90.5575, 530.216339530
90.6205, 530.216341683
90.6805, 530.216336593
90.742, 530.216334034
90.805, 530.216337132
90.865, 530.216333732
90.9265, 530.216332891
90.9896, 530.216332732
91.0542, 530.216330062
91.1204, 530.216327278
91.1883, 530.216329791
91.2483, 530.216325164
91.3098, 530.216325345
91.3698, 530.216324193
91.4313, 530.216324802
91.4913, 530.216321151
91.5528, 530.216321277
91.6128, 530.216322282
91.6728, 530.216321764
91.7343, 530.216319846
91.7973, 530.216315778
91.862, 530.216313953
91.9282, 530.216318103
91.9882, 530.216315319
92.0497, 530.216311382
92.1127, 530.216314066
92.1727, 530.216310590
92.2342, 530.216309287
92.2973, 530.216310136
92.3573, 530.216308140
92.4188, 530.216305433
92.4818, 530.216305128
92.5464, 530.216304349
92.6126, 530.216302418
92.6805, 530.216306511
92.7405, 530.216299209
92.802, 530.216299159
92.8651, 530.216298617
92.9297, 530.216298583
92.9959, 530.216298398
93.0638, 530.216294001
93.1334, 530.216295941
93.1934, 530.216292408
93.2549, 530.216292301
93.3179, 530.216292283
93.3825, 530.216286948
93.4487, 530.216291592
93.5087, 530.216284944
93.5702, 530.216284175
93.6333, 530.216283712
93.6979, 530.216285189
93.7579, 530.216282024
93.8194, 530.216281141
93.8824, 530.216281883
93.9424, 530.216276574
94.0039, 530.216278024
94.0639, 530.216276268
94.1254, 530.216276099
94.1885, 530.216274312
94.2531, 530.216273699
94.3193, 530.216268685
94.3872, 530.216276028
94.4472, 530.216270582
94.5087, 530.216269707
94.5717, 530.216267207
94.6363, 530.216266349
94.7026, 530.216267587
94.7626, 530.216266100
94.8241, 530.216264979
94.8871, 530.216264058
94.9517, 530.216261968
95.018, 530.216261540
95.0858, 530.216260076
95.1554, 530.216255439
95.2267, 530.216255164
95.2998, 530.216257272
95.3598, 530.216252490
95.4213, 530.216251670
95.4844, 530.216252041
95.5444, 530.216251933
95.6059, 530.216249590
95.6689, 530.216252263
95.7289, 530.216246702
95.7904, 530.216248280
95.8504, 530.216242468
95.9119, 530.216241451
95.975, 530.216241458
96.035, 530.216244577
96.095, 530.216240118
96.1565, 530.216238659
96.2195, 530.216236854
96.2841, 530.216237921
96.3441, 530.216235430
96.4056, 530.216234535
96.4686, 530.216234887
96.5286, 530.216229124
96.5901, 530.216231642
96.6501, 530.216229497
96.7116, 530.216229671
96.7716, 530.216225923
96.8331, 530.216228170
96.8931, 530.216228080
96.9546, 530.216225447
97.0177, 530.216227084
97.0777, 530.216221886
97.1392, 530.216219507
97.2022, 530.216221641
97.2622, 530.216223052
97.3222, 530.216214276
97.3837, 530.216219174
97.4437, 530.216218511
97.5052, 530.216212995
97.5683, 530.216214954
97.6283, 530.216213523
97.6898, 530.216216193
97.7498, 530.216213219
97.8113, 530.216208850
97.8743, 530.216206828
97.9389, 530.216207658
97.9989, 530.216205257
98.0604, 530.216203899
98.1234, 530.216207302
98.1834, 530.216205046
98.2449, 530.216205159
98.3049, 530.216202292
98.3664, 530.216202481
98.4264, 530.216202718
98.4864, 530.216198061
98.5479, 530.216196113
98.611, 530.216197284
98.671, 530.216195192
98.7325, 530.216194337
98.7955, 530.216191583
98.8601, 530.216191949
98.9201, 530.216188533
98.9816, 530.216188083
99.0447, 530.216192311
99.1047, 530.216187878
99.1662, 530.216185031
99.2292, 530.216185773
99.2892, 530.216182998
99.3507, 530.216181318
99.4138, 530.216181440
99.4738, 530.216180247
99.5353, 530.216179852
99.5983, 530.216181023
99.6583, 530.216177568
99.7198, 530.216176865
99.7828, 530.216175789
99.8474, 530.216174931
99.9137, 530.216171534
99.9816, 530.216174304
100.042, 530.216171386
100.103, 530.216170617
100.166, 530.216169016
100.231, 530.216167367
100.297, 530.216167815
100.357, 530.216168954
100.417, 530.216165938
100.478, 530.216161455
100.541, 530.216162325
100.601, 530.216162928
100.661, 530.216162164
100.723, 530.216159130
100.786, 530.216158851
100.851, 530.216157288
100.917, 530.216154940
100.985, 530.216154973
101.045, 530.216150474
101.106, 530.216153347
101.166, 530.216148409
101.228, 530.216152411
101.288, 530.216143535
101.349, 530.216149400
101.409, 530.216146905
101.471, 530.216144371
101.534, 530.216142381
101.598, 530.216144197
101.658, 530.216142341
101.72, 530.216137298
101.783, 530.216140398
101.843, 530.216141841
101.903, 530.216136844
101.964, 530.216137747
102.024, 530.216131937
102.086, 530.216133273
102.146, 530.216133633
102.206, 530.216134468
102.266, 530.216130240
102.327, 530.216128107
102.39, 530.216127814
102.455, 530.216124800
102.521, 530.216126006
102.581, 530.216123466
102.643, 530.216125164
102.703, 530.216122291
102.764, 530.216119992
102.827, 530.216120951
102.887, 530.216121390
102.947, 530.216120717
103.009, 530.216120211
103.072, 530.216117157
103.136, 530.216116304
103.203, 530.216118952
103.263, 530.216110381
103.324, 530.216114617
103.384, 530.216110597
103.446, 530.216105374
103.509, 530.216109168
103.569, 530.216108015
103.63, 530.216105492
103.693, 530.216104019
103.758, 530.216104403
103.818, 530.216105053
103.878, 530.216103578
103.939, 530.216100286
104.002, 530.216098685
104.067, 530.216101608
104.127, 530.216096785
104.189, 530.216097384
104.249, 530.216096917
104.31, 530.216095466
104.373, 530.216095320
104.438, 530.216093133
104.504, 530.216091121
104.572, 530.216092861
104.632, 530.216093740
104.692, 530.216087512
104.753, 530.216084656
104.816, 530.216087244
104.876, 530.216084382
104.938, 530.216083627
105.001, 530.216083946
105.061, 530.216081445
105.122, 530.216080713
105.185, 530.216078440
105.25, 530.216074981
105.316, 530.216075312
105.376, 530.216078530
105.436, 530.216074067
105.498, 530.216072392
105.561, 530.216072496
105.621, 530.216070934
105.682, 530.216068702
105.745, 530.216067050
105.81, 530.216065230
105.876, 530.216066516
105.936, 530.216062627
105.998, 530.216065612
106.058, 530.216066645
106.118, 530.216064553
106.179, 530.216062787
106.242, 530.216062898
106.302, 530.216056746
106.364, 530.216056424
106.427, 530.216059332
106.487, 530.216055055
106.548, 530.216058619
106.608, 530.216054849
106.67, 530.216054608
106.733, 530.216054056
106.797, 530.216049845
106.864, 530.216050597
106.924, 530.216047043
106.985, 530.216049142
107.045, 530.216046470
107.107, 530.216043592
107.17, 530.216046990
107.23, 530.216048609
107.29, 530.216040976
107.351, 530.216038088
107.414, 530.216040564
107.474, 530.216035609
107.536, 530.216034351
107.599, 530.216040016
107.659, 530.216037151
107.72, 530.216034678
107.783, 530.216033577
107.848, 530.216031986
107.914, 530.216033295
107.974, 530.216028306
108.036, 530.216032316
108.096, 530.216025161
108.157, 530.216029567
108.217, 530.216024826
108.279, 530.216021609
108.342, 530.216024966
108.402, 530.216022635
108.463, 530.216020222
108.526, 530.216017019
108.591, 530.216017634
108.651, 530.216016388
108.712, 530.216017261
108.772, 530.216017196
108.834, 530.216013408
108.897, 530.216011373
108.961, 530.216014370
109.021, 530.216009240
109.083, 530.216008366
109.146, 530.216009045
109.206, 530.216008711
109.268, 530.216002954
109.331, 530.216003426
109.391, 530.216004928
109.451, 530.216004029
109.512, 530.215997591
109.575, 530.216002461
109.635, 530.216001781
109.697, 530.215997099
109.76, 530.215996512
109.824, 530.215995533
109.89, 530.215994925
109.958, 530.215994605
110.028, 530.215992670
110.099, 530.215991113
110.172, 530.215993904
110.232, 530.215988435
110.294, 530.215990075
110.354, 530.215989841
110.415, 530.215989052
110.478, 530.215985473
110.543, 530.215984060
110.609, 530.215986158
110.669, 530.215984600
110.731, 530.215981125
110.794, 530.215980253
110.858, 530.215975254
110.925, 530.215980698
110.985, 530.215979731
111.046, 530.215974020
111.109, 530.215974175
111.169, 530.215974657
111.229, 530.215971700
111.291, 530.215970264
111.354, 530.215969805
111.418, 530.215970682
111.478, 530.215967709
111.54, 530.215963410
111.603, 530.215964061
111.663, 530.215964749
111.723, 530.215961462
111.784, 530.215961179
111.847, 530.215960751
111.912, 530.215961101
111.972, 530.215957001
112.034, 530.215957574
112.094, 530.215955126
112.155, 530.215956084
112.215, 530.215955649
112.277, 530.215954475
112.34, 530.215951453
112.404, 530.215950486
112.47, 530.215953040
112.53, 530.215948154
112.592, 530.215951041
112.652, 530.215950600
112.713, 530.215944802
112.776, 530.215941282
112.841, 530.215940910
112.907, 530.215941437
112.967, 530.215942115
113.027, 530.215944136
113.087, 530.215941076
113.149, 530.215939061
113.212, 530.215936415
113.276, 530.215932791
113.343, 530.215935144
113.403, 530.215932196
113.464, 530.215932604
113.524, 530.215931736
113.586, 530.215932779
113.646, 530.215929239
113.707, 530.215927150
113.77, 530.215923944
113.835, 530.215927660
113.895, 530.215926336
113.956, 530.215925095
114.019, 530.215923626
114.084, 530.215920542
114.15, 530.215920989
114.21, 530.215919842
114.272, 530.215919399
114.335, 530.215916524
114.399, 530.215915248
114.466, 530.215915197
114.533, 530.215913794
114.603, 530.215911732
114.674, 530.215914139
114.734, 530.215911948
114.796, 530.215910174
114.859, 530.215908856
114.923, 530.215903907
114.99, 530.215905115
115.05, 530.215902951
115.111, 530.215902871
115.174, 530.215902435
115.239, 530.215898882
115.305, 530.215898175
115.373, 530.215901118
115.433, 530.215897548
115.494, 530.215897436
115.558, 530.215895691
115.622, 530.215893115
115.688, 530.215893964
115.748, 530.215891672
115.81, 530.215886482
115.873, 530.215888281
115.933, 530.215887635
115.994, 530.215886854
116.057, 530.215889308
116.117, 530.215886740
116.179, 530.215885510
116.242, 530.215882641
116.307, 530.215882364
116.373, 530.215879514
116.441, 530.215881549
116.501, 530.215877593
116.562, 530.215875990
116.625, 530.215875150
116.69, 530.215875241
116.75, 530.215876349
116.81, 530.215871163
116.871, 530.215873901
116.931, 530.215871810
116.993, 530.215866741
117.056, 530.215871139
117.116, 530.215869345
117.177, 530.215863872
117.24, 530.215866624
117.3, 530.215863847
117.362, 530.215861718
117.425, 530.215863675
117.485, 530.215860355
117.546, 530.215859597
117.61, 530.215861051
117.67, 530.215858237
117.731, 530.215853840
117.794, 530.215857054
117.854, 530.215857636
117.914, 530.215855666
117.976, 530.215855306
118.039, 530.215853031
118.103, 530.215845135
118.169, 530.215850263
118.229, 530.215847798
118.291, 530.215845722
118.354, 530.215842485
118.419, 530.215847982
118.479, 530.215846074
118.54, 530.215845095
118.603, 530.215844047
118.668, 530.215842558
118.734, 530.215839740
118.802, 530.215837791
118.871, 530.215836952
118.943, 530.215833553
119.016, 530.215833992
119.076, 530.215832180
119.137, 530.215831239
119.2, 530.215831745
119.26, 530.215828528
119.322, 530.215825986
119.385, 530.215829455
119.445, 530.215824509
119.506, 530.215826332
119.566, 530.215823658
119.628, 530.215825487
119.688, 530.215821958
119.749, 530.215825180
119.809, 530.215820099
119.871, 530.215823009
119.931, 530.215820137
119.992, 530.215817373
120.055, 530.215815857
120.12, 530.215814050
120.186, 530.215814680
120.246, 530.215811673
120.308, 530.215810191
120.371, 530.215809850
120.435, 530.215805840
120.502, 530.215806526
120.562, 530.215801553
120.623, 530.215805842
120.683, 530.215805551
120.745, 530.215802804
120.808, 530.215803600
120.868, 530.215799139
120.929, 530.215801466
120.989, 530.215798301
121.051, 530.215800745
121.111, 530.215797297
121.172, 530.215794886
121.235, 530.215796012
121.295, 530.215791327
121.357, 530.215789038
121.42, 530.215790551
121.48, 530.215790008
121.541, 530.215787272
121.604, 530.215787715
121.664, 530.215786768
121.726, 530.215782965
121.789, 530.215785502
121.849, 530.215783317
121.91, 530.215781320
121.973, 530.215782934
122.033, 530.215779333
122.095, 530.215781222
122.155, 530.215778561
122.216, 530.215775975
122.279, 530.215779966
122.339, 530.215777107
122.401, 530.215772597
122.464, 530.215775257
122.524, 530.215774705
122.585, 530.215772246
122.649, 530.215767248
122.713, 530.215770773
122.773, 530.215771111
122.833, 530.215768208
122.895, 530.215766344
122.958, 530.215765225
123.022, 530.215761682
123.089, 530.215759894
123.156, 530.215760530
123.216, 530.215761351
123.276, 530.215757191
123.338, 530.215754229
123.401, 530.215756717
123.461, 530.215757102
123.521, 530.215756396
123.582, 530.215756324
123.645, 530.215752588
123.71, 530.215747940
123.776, 530.215747918
123.844, 530.215751319
123.904, 530.215747403
123.966, 530.215746757
124.029, 530.215745122
124.093, 530.215741619
124.16, 530.215742887
124.22, 530.215741287
124.281, 530.215741984
124.341, 530.215742307
124.401, 530.215739285
124.463, 530.215734313
124.526, 530.215734606
124.586, 530.215735362
124.646, 530.215734795
124.707, 530.215733569
124.77, 530.215729594
124.835, 530.215729259
124.901, 530.215732925
124.961, 530.215729173
125.022, 530.215730643
125.082, 530.215724599
125.144, 530.215720793
125.207, 530.215728199
125.267, 530.215723651
125.329, 530.215723120
125.392, 530.215720993
125.456, 530.215720788
125.522, 530.215718869
125.59, 530.215717514
125.66, 530.215714035
125.731, 530.215717555
125.791, 530.215714491
125.853, 530.215715940
125.913, 530.215712794
125.974, 530.215708641
126.037, 530.215711464
126.097, 530.215708239
126.159, 530.215708401
126.219, 530.215706768
126.28, 530.215708203
126.34, 530.215704533
126.402, 530.215706453
126.462, 530.215702014
126.523, 530.215701383
126.586, 530.215699234
126.651, 530.215699462
126.711, 530.215698650
126.772, 530.215693623
126.835, 530.215694885
126.895, 530.215697360
126.955, 530.215695009
127.017, 530.215691092
127.08, 530.215691825
127.14, 530.215686921
127.201, 530.215689096
127.261, 530.215687679
127.323, 530.215687189
127.386, 530.215684110
127.451, 530.215684808
127.511, 530.215683382
127.572, 530.215681057
127.635, 530.215682638
127.695, 530.215681046
127.757, 530.215674999
127.82, 530.215678781
127.88, 530.215678230
127.941, 530.215676156
128.004, 530.215675777
128.069, 530.215673349
128.135, 530.215673807
128.195, 530.215671688
128.257, 530.215670540
128.32, 530.215668164
128.384, 530.215668158
128.45, 530.215668228
128.51, 530.215666024
128.572, 530.215664204
128.635, 530.215663002
128.7, 530.215660104
128.766, 530.215662280
128.826, 530.215660775
128.887, 530.215655916
128.95, 530.215661392
129.01, 530.215654885
129.072, 530.215655486
129.132, 530.215656006
129.192, 530.215653415
129.253, 530.215652210
129.316, 530.215650077
129.381, 530.215649615
129.447, 530.215647207
129.515, 530.215648910
129.575, 530.215650650
129.635, 530.215649144
129.697, 530.215644461
129.76, 530.215643764
129.824, 530.215645758
129.884, 530.215640917
129.946, 530.215637378
130.009, 530.215639649
130.069, 530.215640880
130.129, 530.215640835
130.19, 530.215636513
130.253, 530.215632770
130.318, 530.215631985
130.384, 530.215635297
130.444, 530.215630597
130.506, 530.215628586
130.569, 530.215630546
130.629, 530.215629422
130.69, 530.215627220
130.753, 530.215632560
130.813, 530.215624979
130.875, 530.215623489
130.938, 530.215624659
130.998, 530.215621513
131.059, 530.215617113
131.122, 530.215618188
131.182, 530.215618335
131.242, 530.215619227
131.302, 530.215617730
131.364, 530.215617023
131.427, 530.215612975
131.491, 530.215612228
131.558, 530.215610744
131.626, 530.215609598
131.695, 530.215610638
131.755, 530.215611047
131.815, 530.215608284
131.877, 530.215606962
131.94, 530.215605168
132.004, 530.215602364
132.071, 530.215602678
132.131, 530.215601173
132.192, 530.215597705
132.255, 530.215598532
132.315, 530.215598005
132.377, 530.215598968
132.437, 530.215599356
132.497, 530.215594116
132.558, 530.215591469
132.621, 530.215593984
132.681, 530.215591485
132.743, 530.215592162
132.803, 530.215589721
132.864, 530.215592853
132.924, 530.215590336
132.986, 530.215585967
133.049, 530.215583320
133.113, 530.215585919
133.173, 530.215581588
133.235, 530.215577957
133.298, 530.215586058
133.358, 530.215580679
133.419, 530.215578696
133.482, 530.215580654
133.542, 530.215576057
133.604, 530.215573220
133.667, 530.215573272
133.727, 530.215570675
133.788, 530.215571613
133.848, 530.215567622
133.91, 530.215568173
133.97, 530.215569951
134.03, 530.215569342
134.091, 530.215567854
134.154, 530.215567955
134.214, 530.215566464
134.276, 530.215565256
134.339, 530.215561954
134.404, 530.215560651
134.47, 530.215557826
134.538, 530.215559499
134.598, 530.215557375
134.659, 530.215555349
134.722, 530.215558228
134.782, 530.215559212
134.842, 530.215554509
134.904, 530.215554021
134.967, 530.215553138
135.031, 530.215548759
135.098, 530.215551541
135.158, 530.215548364
135.219, 530.215551230
135.279, 530.215547854
135.341, 530.215546943
135.404, 530.215543518
135.468, 530.215545930
135.528, 530.215544518
135.59, 530.215539567
135.653, 530.215539231
135.717, 530.215538991
135.784, 530.215534942
135.852, 530.215538181
135.912, 530.215536062
135.973, 530.215532757
136.036, 530.215532252
136.101, 530.215531875
136.167, 530.215532479
136.227, 530.215529424
136.288, 530.215529551
136.348, 530.215530555
136.408, 530.215523791
136.47, 530.215526811
136.53, 530.215523174
136.591, 530.215524265
136.651, 530.215522516
136.713, 530.215521297
136.776, 530.215517606
136.841, 530.215518381
136.901, 530.215519711
136.961, 530.215520070
137.021, 530.215517714
137.082, 530.215514082
137.145, 530.215515359
137.205, 530.215513620
137.267, 530.215511593
137.33, 530.215513319
137.39, 530.215511753
137.451, 530.215508611
137.514, 530.215507763
137.579, 530.215507675
137.645, 530.215504626
137.713, 530.215508227
137.773, 530.215505111
137.834, 530.215501757
137.897, 530.215500749
137.962, 530.215499224
138.028, 530.215496447
138.096, 530.215497721
138.156, 530.215494417
138.218, 530.215497041
138.278, 530.215492890
138.339, 530.215493068
138.399, 530.215492859
138.461, 530.215490004
138.524, 530.215489070
138.588, 530.215487212
138.655, 530.215485939
138.722, 530.215483623
138.792, 530.215484520
138.852, 530.215484046
138.914, 530.215483692
138.977, 530.215480302
139.041, 530.215480327
139.101, 530.215477709
139.163, 530.215476438
139.226, 530.215477302
139.286, 530.215475492
139.347, 530.215472598
139.41, 530.215476804
139.47, 530.215474216
139.532, 530.215472535
139.595, 530.215472183
139.659, 530.215467795
139.726, 530.215465994
139.794, 530.215467946
139.854, 530.215467394
139.915, 530.215467922
139.975, 530.215464332
140.037, 530.215457420
140.1, 530.215461791
140.16, 530.215458022
140.221, 530.215460251
140.281, 530.215459000
140.343, 530.215457058
140.406, 530.215458618
140.466, 530.215454600
140.527, 530.215453373
140.59, 530.215450082
140.655, 530.215451397
140.715, 530.215454388
140.775, 530.215451115
140.836, 530.215450557
140.899, 530.215448143
140.964, 530.215444971
141.03, 530.215442851
141.098, 530.215445233
141.158, 530.215444617
141.219, 530.215439314
141.283, 530.215437924
141.347, 530.215441963
141.407, 530.215438199
141.469, 530.215436447
141.532, 530.215437100
141.592, 530.215436458
141.653, 530.215433637
141.716, 530.215431585
141.781, 530.215428656
141.847, 530.215431517
141.907, 530.215427957
141.969, 530.215430475
142.029, 530.215427515
142.09, 530.215425080
142.153, 530.215426337
142.213, 530.215425500
142.275, 530.215427083
142.335, 530.215420190
142.396, 530.215421229
142.456, 530.215419844
142.518, 530.215417293
142.581, 530.215418033
142.641, 530.215417293
142.702, 530.215416434
142.765, 530.215412790
142.83, 530.215412549
142.896, 530.215412659
142.956, 530.215408484
143.018, 530.215412007
143.078, 530.215407300
143.139, 530.215407484
143.199, 530.215407126
143.261, 530.215403850
143.324, 530.215403138
143.388, 530.215400684
143.454, 530.215403305
143.514, 530.215402826
143.576, 530.215399094
143.639, 530.215399181
143.699, 530.215396530
143.76, 530.215394639
143.823, 530.215398166
143.883, 530.215394280
143.945, 530.215392067
144.008, 530.215394619
144.068, 530.215392285
144.13, 530.215393037
144.19, 530.215394741
144.25, 530.215385640
144.311, 530.215388903
144.371, 530.215387253
144.433, 530.215382194
144.496, 530.215382051
144.56, 530.215382653
144.62, 530.215383452
144.68, 530.215381781
144.742, 530.215379685
144.805, 530.215378831
144.869, 530.215378137
144.936, 530.215375787
145.003, 530.215376826
145.063, 530.215373553
145.125, 530.215374351
145.185, 530.215373166
145.246, 530.215372874
145.309, 530.215374383
145.369, 530.215366731
145.431, 530.215368129
145.491, 530.215366462
145.552, 530.215368185
145.612, 530.215363729
145.674, 530.215364624
145.734, 530.215362076
145.795, 530.215360355
145.859, 530.215359146
145.923, 530.215360429
145.983, 530.215358845
146.045, 530.215358755
146.108, 530.215356550
146.172, 530.215354524
146.238, 530.215353756
146.306, 530.215353111
146.376, 530.215350091
146.447, 530.215352284
146.507, 530.215349366
146.569, 530.215348793
146.632, 530.215345474
146.696, 530.215348248
146.756, 530.215344047
146.818, 530.215343640
146.881, 530.215340906
146.946, 530.215342525
147.006, 530.215341250
147.067, 530.215343825
147.127, 530.215341905
147.189, 530.215340109
147.252, 530.215336444
147.316, 530.215336336
147.382, 530.215333629
147.45, 530.215332410
147.52, 530.215332287
147.591, 530.215332346
147.651, 530.215330189
147.713, 530.215329064
147.776, 530.215328987
147.84, 530.215327586
147.907, 530.215324564
147.975, 530.215324979
148.035, 530.215321821
148.096, 530.215321165
148.159, 530.215322744
148.219, 530.215321532
148.281, 530.215319379
148.344, 530.215316861
148.408, 530.215317177
148.468, 530.215313143
148.53, 530.215315077
148.59, 530.215314801
148.651, 530.215313812
148.714, 530.215311068
148.779, 530.215311363
148.839, 530.215309606
148.9, 530.215307583
148.963, 530.215307845
149.023, 530.215302340
149.085, 530.215301090
149.148, 530.215305113
149.208, 530.215303452
149.269, 530.215302606
149.332, 530.215298809
149.397, 530.215298410
149.463, 530.215296802
149.531, 530.215297639
149.591, 530.215294700
149.653, 530.215294260
149.716, 530.215292323
149.78, 530.215288919
149.847, 530.215289795
149.907, 530.215286720
149.968, 530.215288431
150.028, 530.215286663
150.09, 530.215288132
150.15, 530.215285360
150.211, 530.215285588
150.271, 530.215286196
150.331, 530.215278858
150.393, 530.215279188
150.453, 530.215277239
150.514, 530.215276477
150.577, 530.215280380
150.637, 530.215278330
150.699, 530.215276874
150.762, 530.215274493
150.826, 530.215274942
150.886, 530.215271666
150.948, 530.215271812
151.008, 530.215269814
151.069, 530.215270817
151.129, 530.215264087
151.191, 530.215266866
151.251, 530.215264505
151.312, 530.215266412
151.372, 530.215263493
151.434, 530.215260677
151.497, 530.215262928
151.557, 530.215260272
151.618, 530.215257880
151.681, 530.215258262
151.741, 530.215257181
151.803, 530.215257375
151.863, 530.215259441
151.923, 530.215254571
151.984, 530.215252366
152.047, 530.215251234
152.112, 530.215252885
152.172, 530.215251831
152.233, 530.215249670
152.297, 530.215251136
152.357, 530.215249884
152.418, 530.215246989
152.481, 530.215245864
152.546, 530.215244052
152.612, 530.215241816
152.68, 530.215240541
152.749, 530.215237477
152.821, 530.215239363
152.881, 530.215239290
152.942, 530.215235111
153.005, 530.215236000
153.065, 530.215235411
153.127, 530.215234869
153.19, 530.215231035
153.254, 530.215234559
153.314, 530.215234602
153.374, 530.215228537
153.436, 530.215228165
153.499, 530.215228366
153.559, 530.215227301
153.62, 530.215225567
153.683, 530.215222718
153.748, 530.215222613
153.814, 530.215222229
153.882, 530.215219851
153.952, 530.215218624
154.023, 530.215219089
154.083, 530.215215160
154.145, 530.215216640
154.205, 530.215214926
154.266, 530.215213112
154.329, 530.215214627
154.389, 530.215209198
154.451, 530.215212784
154.511, 530.215211680
154.572, 530.215209526
154.635, 530.215207033
154.7, 530.215207923
154.76, 530.215203641
154.821, 530.215203754
154.881, 530.215205129
154.941, 530.215200175
155.003, 530.215198344
155.066, 530.215201781
155.126, 530.215196739
155.187, 530.215198147
155.247, 530.215194832
155.309, 530.215193518
155.372, 530.215194593
155.432, 530.215191083
155.493, 530.215190324
155.556, 530.215189476
155.621, 530.215189332
155.687, 530.215187546
155.755, 530.215187115
155.825, 530.215185067
155.896, 530.215185122
155.956, 530.215183135
156.018, 530.215182038
156.081, 530.215181322
156.145, 530.215182668
156.205, 530.215179162
156.267, 530.215180151
156.327, 530.215177783
156.388, 530.215174214
156.451, 530.215177835
156.511, 530.215174320
156.573, 530.215171775
156.636, 530.215167157
156.7, 530.215171689
156.76, 530.215168012
156.822, 530.215170187
156.882, 530.215167362
156.943, 530.215164617
157.006, 530.215167239
157.066, 530.215163973
157.128, 530.215160687
157.191, 530.215165897
157.251, 530.215164543
157.312, 530.215162475
157.375, 530.215160475
157.44, 530.215156826
157.506, 530.215157015
157.566, 530.215155144
157.628, 530.215154180
157.691, 530.215152469
157.755, 530.215155002
157.815, 530.215149896
157.877, 530.215149617
157.94, 530.215150189
158, 530.215148944
158.062, 530.215145709
158.125, 530.215146064
158.185, 530.215145010
158.246, 530.215144425
158.309, 530.215141125
158.374, 530.215144449
158.434, 530.215140791
158.495, 530.215139917
158.558, 530.215137040
158.623, 530.215137961
158.683, 530.215134970
158.744, 530.215136734
158.804, 530.215134807
158.866, 530.215131547
158.929, 530.215132357
158.989, 530.215129197
159.05, 530.215131523
159.11, 530.215126905
159.172, 530.215128521
159.232, 530.215125955
159.293, 530.215129510
159.353, 530.215120745
159.415, 530.215124325
159.475, 530.215119842
159.536, 530.215121351
159.596, 530.215118492
159.658, 530.215120446
159.718, 530.215116549
159.779, 530.215118427
159.839, 530.215113506
159.901, 530.215112280
159.964, 530.215114348
160.024, 530.215111596
160.085, 530.215113458
160.145, 530.215110646
160.207, 530.215107854
160.27, 530.215109215
160.33, 530.215106455
160.391, 530.215106901
160.451, 530.215103681
160.513, 530.215106059
160.573, 530.215104679
160.634, 530.215102926
160.697, 530.215100547
160.762, 530.215099068
160.828, 530.215099525
160.888, 530.215098939
160.95, 530.215096530
161.013, 530.215092391
161.077, 530.215095249
161.137, 530.215091952
161.199, 530.215094875
161.259, 530.215087766
161.32, 530.215092390
161.38, 530.215089159
161.442, 530.215086725
161.505, 530.215085590
161.57, 530.215081741
161.636, 530.215083559
161.696, 530.215082849
161.757, 530.215084217
161.817, 530.215079533
161.879, 530.215081852
161.939, 530.215080629
162, 530.215078284
162.063, 530.215075869
162.128, 530.215078832
162.188, 530.215076147
162.25, 530.215075253
162.313, 530.215073539
162.377, 530.215069511
162.443, 530.215068496
162.511, 530.215068070
162.581, 530.215067664
162.652, 530.215063446
162.725, 530.215064679
162.785, 530.215064690
162.845, 530.215064288
162.907, 530.215062978
162.97, 530.215060567
163.034, 530.215059904
163.101, 530.215059087
163.169, 530.215058982
163.238, 530.215059083
163.298, 530.215056612
163.36, 530.215058315
163.42, 530.215052994
163.481, 530.215053285
163.541, 530.215052015
163.603, 530.215051847
163.666, 530.215048362
163.73, 530.215052668
163.79, 530.215045415
163.852, 530.215045096
163.915, 530.215045788
163.975, 530.215046849
164.035, 530.215043799
164.096, 530.215041543
164.159, 530.215045266
164.219, 530.215037770
164.281, 530.215041458
164.341, 530.215037750
164.402, 530.215036022
164.465, 530.215035712
164.53, 530.215032614
164.596, 530.215033253
164.656, 530.215034828
164.716, 530.215029922
164.778, 530.215028856
164.841, 530.215026093
164.905, 530.215028176
164.965, 530.215027881
165.027, 530.215026181
165.09, 530.215025428
165.155, 530.215020987
165.221, 530.215018916
165.289, 530.215022874
165.349, 530.215019732
165.41, 530.215022095
165.47, 530.215019343
165.532, 530.215020809
165.592, 530.215021450
165.652, 530.215014165
165.713, 530.215015021
165.773, 530.215014711
165.835, 530.215012789
165.898, 530.215012571
165.962, 530.215010420
166.029, 530.215007991
166.096, 530.215008700
166.156, 530.215002531
166.218, 530.215003467
166.278, 530.214999118
166.339, 530.214999924
166.399, 530.215002023
166.459, 530.215000049
166.521, 530.214999041
166.584, 530.214999313
166.644, 530.214997206
166.705, 530.214998498
166.765, 530.214996271
166.827, 530.214992783
166.89, 530.214991482
166.955, 530.214987128
167.021, 530.214990874
167.081, 530.214991699
167.141, 530.214990211
167.202, 530.214990855
167.262, 530.214988791
167.324, 530.214985108
167.387, 530.214982982
167.451, 530.214980428
167.518, 530.214980475
167.578, 530.214978732
167.639, 530.214979232
167.699, 530.214983521
167.759, 530.214981574
167.821, 530.214976939
167.884, 530.214975799
167.948, 530.214977043
168.008, 530.214976568
168.07, 530.214973107
168.133, 530.214970371
168.198, 530.214972080
168.258, 530.214968511
168.319, 530.214969160
168.379, 530.214965033
168.441, 530.214967379
168.501, 530.214965987
168.562, 530.214965073
168.625, 530.214961180
168.69, 530.214961901
168.75, 530.214959039
168.811, 530.214959524
168.871, 530.214958870
168.933, 530.214955631
168.996, 530.214956574
169.056, 530.214956447
169.117, 530.214955188
169.18, 530.214951270
169.245, 530.214955233
169.305, 530.214948643
169.366, 530.214949190
169.426, 530.214947106
169.488, 530.214947164
169.548, 530.214945430
169.609, 530.214946950
169.669, 530.214945793
169.731, 530.214941762
169.794, 530.214941719
169.859, 530.214942836
169.919, 530.214941304
169.98, 530.214937771
170.043, 530.214939176
170.103, 530.214934733
170.165, 530.214933899
170.228, 530.214933032
170.292, 530.214932870
170.358, 530.214934606
170.418, 530.214932242
170.48, 530.214930242
170.543, 530.214928318
170.608, 530.214927753
170.674, 530.214928613
170.734, 530.214925084
170.795, 530.214924514
170.858, 530.214923662
170.923, 530.214919281
170.989, 530.214922037
171.049, 530.214922255
171.109, 530.214920692
171.171, 530.214922390
171.231, 530.214922421
171.291, 530.214912792
171.352, 530.214914006
171.412, 530.214914935
171.472, 530.214915784
171.532, 530.214913334
171.594, 530.214909646
171.657, 530.214908508
171.721, 530.214910366
171.781, 530.214911361
171.841, 530.214907521
171.903, 530.214906269
171.966, 530.214904789
172.03, 530.214902952
172.097, 530.214905174
172.157, 530.214902584
172.218, 530.214902225
172.281, 530.214900364
172.346, 530.214899468
172.412, 530.214900499
172.472, 530.214895381
172.534, 530.214895454
172.594, 530.214890702
172.655, 530.214894266
172.715, 530.214890450
172.777, 530.214890769
172.837, 530.214888783
172.898, 530.214886345
172.961, 530.214885889
173.026, 530.214886659
173.086, 530.214885891
173.147, 530.214885506
173.21, 530.214882075
173.275, 530.214879746
173.341, 530.214877584
173.409, 530.214879156
173.469, 530.214881705
173.529, 530.214878728
173.591, 530.214876790
173.654, 530.214876179
173.718, 530.214876519
173.778, 530.214870625
173.84, 530.214876089
173.9, 530.214872906
173.961, 530.214870237
174.024, 530.214869398
174.089, 530.214869715
174.149, 530.214864266
174.21, 530.214862977
174.273, 530.214862524
174.338, 530.214864458
174.398, 530.214862026
174.459, 530.214862469
174.519, 530.214859956
174.581, 530.214864869
174.641, 530.214860304
174.702, 530.214858954
174.765, 530.214857134
174.83, 530.214858678
174.89, 530.214858048
174.952, 530.214856291
175.015, 530.214848212
175.079, 530.214850769
175.139, 530.214848310
175.201, 530.214850019
175.261, 530.214848600
175.322, 530.214851828
175.382, 530.214846633
175.444, 530.214845091
175.507, 530.214844338
175.571, 530.214844379
175.631, 530.214841184
175.693, 530.214839762
175.756, 530.214839613
175.821, 530.214839072
175.887, 530.214836145
175.955, 530.214835701
176.024, 530.214833078
176.096, 530.214832864
176.169, 530.214834349
176.229, 530.214829811
176.29, 530.214828376
176.353, 530.214828828
176.413, 530.214828741
176.475, 530.214825838
176.538, 530.214827029
176.598, 530.214821708
176.659, 530.214827779
176.719, 530.214821774
176.781, 530.214822474
176.841, 530.214818056
176.902, 530.214819437
176.962, 530.214816804
177.024, 530.214818956
177.084, 530.214813336
177.145, 530.214815122
177.205, 530.214817259
177.265, 530.214812869
177.327, 530.214812179
177.39, 530.214813577
177.45, 530.214808890
177.511, 530.214808816
177.574, 530.214807872
177.639, 530.214808741
177.699, 530.214803305
177.76, 530.214802781
177.823, 530.214805005
177.883, 530.214803980
177.945, 530.214801634
178.008, 530.214797667
178.073, 530.214799754
178.133, 530.214798109
178.194, 530.214798415
178.254, 530.214796237
178.316, 530.214796019
178.379, 530.214797527
178.439, 530.214793072
178.5, 530.214792319
178.563, 530.214791680
178.628, 530.214786995
178.694, 530.214789664
178.754, 530.214782372
178.816, 530.214782710
178.876, 530.214784453
178.936, 530.214784017
178.997, 530.214782252
179.06, 530.214782371
179.12, 530.214777292
179.182, 530.214778106
179.242, 530.214776898
179.303, 530.214778110
179.363, 530.214774560
179.425, 530.214775580
179.485, 530.214774399
179.546, 530.214770446
179.609, 530.214772041
179.669, 530.214773236
179.729, 530.214771034
179.791, 530.214769946
179.854, 530.214769879
179.918, 530.214767695
179.985, 530.214768586
180.045, 530.214763489
180.106, 530.214762217
180.169, 530.214763329
180.229, 530.214762438
180.291, 530.214757353
180.354, 530.214760529
180.414, 530.214755668
180.475, 530.214758556
180.535, 530.214758322
180.597, 530.214756471
180.66, 530.214756782
180.72, 530.214750881
180.781, 530.214754693
180.841, 530.214752090
180.903, 530.214748239
180.966, 530.214749036
181.026, 530.214749101
181.086, 530.214747025
181.147, 530.214743842
181.21, 530.214744723
181.27, 530.214744217
181.332, 530.214742976
181.395, 530.214741858
181.459, 530.214741963
181.519, 530.214738064
181.581, 530.214738483
181.641, 530.214739904
181.701, 530.214736095
181.762, 530.214736528
181.822, 530.214731277
181.884, 530.214734326
181.944, 530.214734707
182.004, 530.214733704
182.065, 530.214729134
182.128, 530.214732963
182.188, 530.214728531
182.25, 530.214726332
182.313, 530.214728480
182.373, 530.214723336
182.434, 530.214721193
182.497, 530.214722233
182.557, 530.214719811
182.619, 530.214723536
182.679, 530.214718569
182.74, 530.214717731
182.803, 530.214717758
182.863, 530.214711890
182.925, 530.214715384
182.985, 530.214714183
183.046, 530.214712206
183.11, 530.214710085
183.174, 530.214711816
183.234, 530.214707933
183.296, 530.214708133
183.356, 530.214712537
183.416, 530.214704648
183.477, 530.214706406
183.537, 530.214705982
183.599, 530.214704960
183.662, 530.214705452
183.722, 530.214703112
183.783, 530.214698818
183.846, 530.214696184
183.911, 530.214698049
183.971, 530.214697368
184.032, 530.214695631
184.095, 530.214693029
184.16, 530.214697706
184.22, 530.214693205
184.281, 530.214692453
184.345, 530.214692272
184.409, 530.214687131
184.475, 530.214690171
184.535, 530.214683827
184.597, 530.214684241
184.657, 530.214682664
184.718, 530.214687761
184.778, 530.214681824
184.84, 530.214680480
184.903, 530.214682409
184.963, 530.214680353
185.024, 530.214679713
185.087, 530.214679768
185.147, 530.214676996
185.209, 530.214675156
185.272, 530.214676692
185.332, 530.214673163
185.393, 530.214674733
185.453, 530.214670772
185.515, 530.214668974
185.578, 530.214669649
185.638, 530.214667170
185.7, 530.214666624
185.763, 530.214664496
185.827, 530.214665032
185.887, 530.214660055
185.949, 530.214663842
186.009, 530.214664394
186.069, 530.214664179
186.13, 530.214660941
186.193, 530.214658265
186.258, 530.214657261
186.324, 530.214655260
186.392, 530.214655315
186.452, 530.214653824
186.513, 530.214650472
186.576, 530.214652188
186.636, 530.214653653
186.696, 530.214648779
186.758, 530.214649615
186.818, 530.214647619
186.879, 530.214643831
186.943, 530.214645773
187.003, 530.214646817
187.063, 530.214641981
187.124, 530.214642687
187.184, 530.214640570
187.246, 530.214643352
187.306, 530.214643895
187.366, 530.214636094
187.427, 530.214636601
187.487, 530.214635423
187.549, 530.214636619
187.609, 530.214634191
187.67, 530.214634446
187.73, 530.214629989
187.792, 530.214631627
187.852, 530.214631340
187.913, 530.214630388
187.976, 530.214627325
188.041, 530.214626673
188.107, 530.214624451
188.175, 530.214622478
188.244, 530.214622585
188.304, 530.214623902
188.364, 530.214624923
188.424, 530.214621245
188.486, 530.214620699
188.549, 530.214620715
188.609, 530.214617634
188.67, 530.214617490
188.733, 530.214615678
188.798, 530.214616639
188.858, 530.214614631
188.92, 530.214610823
188.983, 530.214609119
189.047, 530.214609260
189.107, 530.214609677
189.167, 530.214608677
189.229, 530.214606381
189.292, 530.214604712
189.356, 530.214604924
189.416, 530.214604724
189.478, 530.214605498
189.538, 530.214598987
189.599, 530.214598938
189.662, 530.214597629
189.727, 530.214601765
189.787, 530.214596193
189.848, 530.214595886
189.912, 530.214594187
189.976, 530.214593141
190.042, 530.214593193
190.102, 530.214588752
190.164, 530.214589136
190.224, 530.214585436
190.285, 530.214590133
190.345, 530.214590318
190.405, 530.214584742
190.467, 530.214584068
190.53, 530.214582788
190.595, 530.214582505
190.661, 530.214582333
190.729, 530.214579520
190.798, 530.214579455
190.87, 530.214577937
190.943, 530.214576090
191.018, 530.214574571
191.094, 530.214572278
191.173, 530.214572701
191.233, 530.214569990
191.295, 530.214570093
191.355, 530.214571251
191.415, 530.214567759
191.476, 530.214566783
191.539, 530.214566795
191.599, 530.214567065
191.659, 530.214561396
191.721, 530.214562012
191.781, 530.214562546
191.841, 530.214560127
191.902, 530.214557411
191.965, 530.214561799
192.025, 530.214557896
192.087, 530.214557519
192.15, 530.214553657
192.214, 530.214555579
192.274, 530.214554256
192.336, 530.214551371
192.399, 530.214550534
192.463, 530.214551640
192.523, 530.214548146
192.585, 530.214546111
192.648, 530.214545206
192.713, 530.214545268
192.773, 530.214543875
192.834, 530.214541601
192.897, 530.214537915
192.962, 530.214540186
193.022, 530.214535924
193.083, 530.214536362
193.143, 530.214535792
193.205, 530.214535864
193.265, 530.214533186
193.326, 530.214533620
193.386, 530.214533216
193.448, 530.214533727
193.508, 530.214530535
193.569, 530.214530549
193.629, 530.214528312
193.691, 530.214533224
193.751, 530.214527373
193.812, 530.214526939
193.875, 530.214525178
193.94, 530.214526186
194, 530.214521714
194.061, 530.214523294
194.121, 530.214522272
194.183, 530.214525867
194.243, 530.214520887
194.304, 530.214521218
194.364, 530.214521262
194.424, 530.214512986
194.486, 530.214514428
194.546, 530.214512519
194.607, 530.214514050
194.667, 530.214512174
194.729, 530.214513592
194.789, 530.214511036
194.85, 530.214509369
194.913, 530.214507664
194.978, 530.214506909
195.044, 530.214508249
195.104, 530.214503729
195.166, 530.214500073
195.229, 530.214503277
195.289, 530.214503002
195.35, 530.214504165
195.41, 530.214498092
195.472, 530.214499017
195.532, 530.214497282
195.593, 530.214497763
195.653, 530.214492881
195.715, 530.214494113
195.775, 530.214491187
195.836, 530.214492524
195.896, 530.214489038
195.958, 530.214487813
196.021, 530.214490058
196.081, 530.214484974
196.142, 530.214486955
196.202, 530.214484277
196.264, 530.214487839
196.324, 530.214483523
196.385, 530.214481518
196.448, 530.214482184
196.508, 530.214479537
196.57, 530.214480799
196.63, 530.214478487
196.691, 530.214480191
196.751, 530.214477630
196.813, 530.214476638
196.876, 530.214476166
196.941, 530.214476715
197.001, 530.214473301
197.062, 530.214471616
197.125, 530.214470309
197.19, 530.214469979
197.256, 530.214470139
197.316, 530.214466262
197.377, 530.214467745
197.437, 530.214464367
197.499, 530.214463422
197.562, 530.214462253
197.627, 530.214455404
197.693, 530.214462093
197.753, 530.214456306
197.814, 530.214454487
197.877, 530.214453464
197.942, 530.214458549
198.002, 530.214457084
198.063, 530.214454361
198.127, 530.214450544
198.191, 530.214452412
198.251, 530.214451338
198.313, 530.214452272
198.373, 530.214445741
198.434, 530.214446255
198.494, 530.214443721
198.556, 530.214446603
198.616, 530.214442095
198.677, 530.214445044
198.737, 530.214441941
198.799, 530.214440282
198.862, 530.214441023
198.922, 530.214440827
198.983, 530.214436776
199.046, 530.214436970
199.106, 530.214434385
199.168, 530.214433324
199.231, 530.214433401
199.291, 530.214430906
199.352, 530.214430422
199.415, 530.214433229
199.475, 530.214433631
199.535, 530.214427860
199.597, 530.214427321
199.66, 530.214427347
199.72, 530.214426140
199.781, 530.214425020
199.844, 530.214423976
199.909, 530.214420016
199.975, 530.214422750
200.035, 530.214420227
200.097, 530.214418291
200.16, 530.214417751
200.224, 530.214412094
200.291, 530.214415059
200.351, 530.214414565
200.412, 530.214413883
200.475, 530.214415979
200.535, 530.214411558
200.597, 530.214409235
200.66, 530.214411150
200.72, 530.214405278
200.781, 530.214407018
200.841, 530.214405880
200.903, 530.214407066
200.963, 530.214401756
201.024, 530.214403624
201.084, 530.214405163
201.144, 530.214397770
201.206, 530.214397629
201.269, 530.214400756
201.329, 530.214396722
201.39, 530.214394109
201.453, 530.214398485
201.513, 530.214394095
201.575, 530.214393591
201.638, 530.214390659
201.702, 530.214391288
201.762, 530.214389949
201.824, 530.214390333
201.884, 530.214391450
201.944, 530.214386448
202.005, 530.214383714
202.068, 530.214384223
202.128, 530.214382695
202.19, 530.214381334
202.253, 530.214383703
202.313, 530.214383408
202.374, 530.214378692
202.438, 530.214379533
202.498, 530.214376716
202.559, 530.214376657
202.622, 530.214376842
202.682, 530.214376557
202.744, 530.214372332
202.807, 530.214374816
202.867, 530.214369372
202.928, 530.214369912
202.988, 530.214369815
203.05, 530.214367810
203.113, 530.214366296
203.177, 530.214365018
203.243, 530.214364607
203.311, 530.214365756
203.371, 530.214362392
203.433, 530.214362512
203.493, 530.214356895
203.554, 530.214362678
203.614, 530.214360316
203.676, 530.214358756
203.739, 530.214354766
203.803, 530.214357327
203.863, 530.214351273
203.925, 530.214356072
203.985, 530.214352763
204.046, 530.214351034
204.11, 530.214349779
204.174, 530.214349913
204.234, 530.214347151
204.296, 530.214349694
204.356, 530.214347007
204.417, 530.214347044
204.477, 530.214343045
204.539, 530.214342042
204.602, 530.214337218
204.666, 530.214338527
204.726, 530.214338475
204.788, 530.214337717
204.851, 530.214338122
204.911, 530.214335560
204.972, 530.214331771
205.035, 530.214331965
205.095, 530.214336966
205.155, 530.214329540
205.217, 530.214332957
205.277, 530.214329033
205.338, 530.214327766
205.401, 530.214328644
205.461, 530.214327546
205.523, 530.214328995
205.583, 530.214323885
205.644, 530.214324189
205.704, 530.214323251
205.766, 530.214324374
205.826, 530.214316207
205.887, 530.214321113
205.947, 530.214319753
206.009, 530.214323328
206.069, 530.214317688
206.13, 530.214320010
206.19, 530.214314550
206.252, 530.214316029
206.312, 530.214312324
206.373, 530.214311039
206.436, 530.214311316
206.496, 530.214309003
206.558, 530.214309635
206.618, 530.214309284
206.679, 530.214306035
206.742, 530.214303556
206.807, 530.214303011
206.873, 530.214303077
206.933, 530.214300214
206.995, 530.214301986
207.055, 530.214301885
207.116, 530.214297888
207.179, 530.214296936
207.244, 530.214297319
207.304, 530.214294368
207.365, 530.214294637
207.425, 530.214293263
207.487, 530.214291097
207.55, 530.214288336
207.615, 530.214286532
207.681, 530.214287610
207.741, 530.214282432
207.802, 530.214285149
207.862, 530.214283557
207.924, 530.214283476
207.987, 530.214280984
208.052, 530.214282217
208.112, 530.214280143
208.173, 530.214283913
208.233, 530.214281868
208.295, 530.214278469
208.358, 530.214278779
208.418, 530.214271942
208.479, 530.214273933
208.539, 530.214274471
208.599, 530.214273282
208.661, 530.214275106
208.721, 530.214271046
208.782, 530.214271691
208.842, 530.214265781
208.904, 530.214266241
208.964, 530.214266443
209.024, 530.214267557
209.084, 530.214263061
209.145, 530.214265486
209.205, 530.214265390
209.267, 530.214262643
209.33, 530.214259699
209.394, 530.214261704
209.454, 530.214254741
209.516, 530.214259079
209.576, 530.214255383
209.637, 530.214251647
209.7, 530.214254364
209.76, 530.214254267
209.822, 530.214251317
209.885, 530.214252815
209.945, 530.214250855
210.006, 530.214251815
210.066, 530.214245950
210.128, 530.214247262
210.188, 530.214246082
210.249, 530.214245768
210.312, 530.214242833
210.377, 530.214240597
210.443, 530.214242299
210.503, 530.214242519
210.563, 530.214241557
210.625, 530.214240794
210.688, 530.214234156
210.752, 530.214235728
210.812, 530.214237442
210.872, 530.214233750
210.934, 530.214229961
210.997, 530.214232279
211.057, 530.214229492
211.118, 530.214230186
211.178, 530.214227030
211.24, 530.214225829
211.303, 530.214225698
211.367, 530.214226700
211.427, 530.214226216
211.489, 530.214223858
211.552, 530.214219760
211.617, 530.214219150
211.683, 530.214222761
211.743, 530.214223039
211.803, 530.214215625
211.864, 530.214215794
211.924, 530.214216979
211.984, 530.214213375
212.046, 530.214215446
212.106, 530.214210171
212.167, 530.214213073
212.227, 530.214211679
212.289, 530.214205781
212.352, 530.214206345
212.412, 530.214207793
212.472, 530.214207900
212.532, 530.214205456
212.593, 530.214202750
212.656, 530.214202980
212.716, 530.214203681
212.776, 530.214201652
212.838, 530.214201122
212.901, 530.214200184
212.966, 530.214197633
213.032, 530.214195954
213.1, 530.214195341
213.169, 530.214196818
213.229, 530.214192375
213.291, 530.214193008
213.351, 530.214192536
213.412, 530.214190597
213.475, 530.214187405
213.54, 530.214187345
213.606, 530.214188483
213.666, 530.214184497
213.728, 530.214185686
213.788, 530.214182785
213.849, 530.214182195
213.912, 530.214181865
213.977, 530.214181977
214.037, 530.214177886
214.098, 530.214179407
214.158, 530.214175524
214.22, 530.214180255
214.28, 530.214175892
214.341, 530.214175687
214.404, 530.214177196
214.464, 530.214172269
214.526, 530.214169917
214.589, 530.214169909
214.654, 530.214168401
214.72, 530.214169039
214.78, 530.214164617
214.841, 530.214166561
214.901, 530.214165330
214.963, 530.214165543
215.023, 530.214159447
215.084, 530.214162336
215.144, 530.214159289
215.206, 530.214160501
215.266, 530.214157282
215.327, 530.214155952
215.39, 530.214158349
215.45, 530.214157064
215.512, 530.214154488
215.575, 530.214151753
215.639, 530.214150456
215.706, 530.214151666
215.766, 530.214149017
215.827, 530.214149897
215.887, 530.214147516
215.949, 530.214149219
216.009, 530.214145443
216.07, 530.214146518
216.13, 530.214141509
216.192, 530.214143071
216.252, 530.214140849
216.313, 530.214138661
216.376, 530.214137357
216.441, 530.214138740
216.501, 530.214135212
216.562, 530.214136831
216.622, 530.214134223
216.684, 530.214134203
216.747, 530.214132640
216.811, 530.214130549
216.878, 530.214130416
216.946, 530.214131565
217.006, 530.214128704
217.067, 530.214125273
217.13, 530.214126319
217.19, 530.214126141
217.252, 530.214123349
217.315, 530.214123309
217.379, 530.214120575
217.445, 530.214121992
217.505, 530.214120314
217.567, 530.214118978
217.63, 530.214115659
217.695, 530.214118933
217.755, 530.214117487
217.816, 530.214116677
217.879, 530.214109348
217.944, 530.214112335
218.004, 530.214108783
218.065, 530.214113268
218.125, 530.214110889
218.187, 530.214104823
218.25, 530.214109004
218.31, 530.214107001
218.371, 530.214103605
218.434, 530.214102757
218.499, 530.214107140
218.559, 530.214103985
218.62, 530.214104127
218.68, 530.214099145
218.742, 530.214097646
218.805, 530.214096650
218.87, 530.214098007
218.93, 530.214098465
218.99, 530.214096999
219.051, 530.214091441
219.114, 530.214091734
219.174, 530.214091865
219.234, 530.214092023
219.294, 530.214091012
219.356, 530.214089719
219.419, 530.214090059
219.479, 530.214090454
219.539, 530.214089866
219.6, 530.214084490
219.663, 530.214088394
219.723, 530.214082304
219.785, 530.214080552
219.848, 530.214081076
219.908, 530.214078292
219.969, 530.214076779
220.032, 530.214078681
220.092, 530.214072463
220.154, 530.214076773
220.214, 530.214072479
220.275, 530.214076616
220.335, 530.214072638
220.397, 530.214070050
220.46, 530.214068122
220.524, 530.214067341
220.591, 530.214066230
220.659, 530.214066320
220.719, 530.214066345
220.779, 530.214065010
220.84, 530.214064922
220.903, 530.214063433
220.968, 530.214060014
221.034, 530.214061001
221.094, 530.214056058
221.155, 530.214059198
221.215, 530.214055706
221.277, 530.214056464
221.337, 530.214054508
221.398, 530.214054160
221.461, 530.214051920
221.526, 530.214052921
221.586, 530.214053729
221.646, 530.214048570
221.708, 530.214051132
221.768, 530.214045038
221.829, 530.214044103
221.892, 530.214049179
221.952, 530.214044806
222.014, 530.214046544
222.074, 530.214046425
222.135, 530.214038699
222.198, 530.214043824
222.258, 530.214040914
222.32, 530.214038814
222.383, 530.214037728
222.447, 530.214035605
222.514, 530.214038074
222.574, 530.214036212
222.635, 530.214032099
222.698, 530.214030592
222.763, 530.214030316
222.829, 530.214029094
222.897, 530.214031495
222.957, 530.214025038
223.018, 530.214025795
223.078, 530.214026719
223.138, 530.214024728
223.2, 530.214025045
223.26, 530.214023051
223.321, 530.214021269
223.384, 530.214021003
223.449, 530.214018197
223.515, 530.214018658
223.575, 530.214016768
223.637, 530.214013764
223.7, 530.214015605
223.76, 530.214012702
223.821, 530.214014319
223.881, 530.214009474
223.943, 530.214009321
224.006, 530.214010865
224.066, 530.214008438
224.127, 530.214006220
224.19, 530.214007594
224.25, 530.214001708
224.312, 530.214000471
224.375, 530.214000447
224.439, 530.214002440
224.499, 530.214002645
224.559, 530.213998717
224.621, 530.214000024
224.681, 530.213997462
224.742, 530.213997475
224.802, 530.213999159
224.862, 530.213994499
224.924, 530.213994484
224.987, 530.213993291
225.052, 530.213991121
225.118, 530.213990729
225.186, 530.213990242
225.255, 530.213986956
225.327, 530.213989139
225.387, 530.213987855
225.448, 530.213983332
225.511, 530.213983181
225.576, 530.213981068
225.642, 530.213977765
225.71, 530.213978224
225.77, 530.213979241
225.83, 530.213974620
225.891, 530.213977968
225.951, 530.213977363
226.013, 530.213973415
226.076, 530.213972534
226.141, 530.213973630
226.201, 530.213972129
226.262, 530.213972859
226.322, 530.213969778
226.384, 530.213967306
226.447, 530.213968812
226.507, 530.213969542
226.567, 530.213964052
226.628, 530.213964237
226.688, 530.213962617
226.75, 530.213962505
226.813, 530.213962425
226.877, 530.213963000
226.937, 530.213956889
226.999, 530.213954873
227.062, 530.213959018
227.122, 530.213957925
227.183, 530.213953719
227.246, 530.213951431
227.311, 530.213953042
227.371, 530.213949581
227.432, 530.213949204
227.495, 530.213947851
227.56, 530.213947860
227.62, 530.213944285
227.682, 530.213949032
227.742, 530.213945238
227.803, 530.213941693
227.866, 530.213945178
227.926, 530.213942047
227.988, 530.213941747
228.051, 530.213939428
228.115, 530.213940236
228.175, 530.213936659
228.237, 530.213942387
228.297, 530.213935609
228.358, 530.213933941
228.421, 530.213933200
228.486, 530.213929178
228.552, 530.213932003
228.612, 530.213926262
228.674, 530.213928151
228.734, 530.213928664
228.794, 530.213928248
228.855, 530.213926031
228.918, 530.213926774
228.978, 530.213923360
229.04, 530.213921002
229.103, 530.213919458
229.167, 530.213922614
229.227, 530.213918657
229.289, 530.213919466
229.349, 530.213916393
229.41, 530.213919098
229.47, 530.213917438
229.532, 530.213914065
229.595, 530.213911644
229.659, 530.213911943
229.719, 530.213908627
229.781, 530.213910416
229.841, 530.213907925
229.902, 530.213908257
229.962, 530.213906407
230.024, 530.213901992
230.087, 530.213906688
230.147, 530.213904648
230.209, 530.213900655
230.272, 530.213903597
230.332, 530.213906310
230.392, 530.213900278
230.453, 530.213898497
230.516, 530.213896884
230.581, 530.213897492
230.641, 530.213897127
230.702, 530.213896519
230.765, 530.213897548
230.825, 530.213893358
230.887, 530.213893034
230.95, 530.213895039
231.01, 530.213891147
231.071, 530.213891085
231.134, 530.213888036
231.199, 530.213886874
231.265, 530.213886225
231.333, 530.213884680
231.403, 530.213882153
231.474, 530.213884084
231.534, 530.213881196
231.595, 530.213877679
231.658, 530.213880156
231.718, 530.213879161
231.78, 530.213875356
231.843, 530.213875875
231.903, 530.213874889
231.965, 530.213871219
232.028, 530.213872280
232.088, 530.213871466
232.149, 530.213869590
232.212, 530.213865848
232.277, 530.213867594
232.337, 530.213869068
232.397, 530.213866935
232.458, 530.213865871
232.521, 530.213866394
232.581, 530.213860783
232.643, 530.213862587
232.703, 530.213860946
232.764, 530.213861800
232.824, 530.213857952
232.886, 530.213860056
232.946, 530.213857249
233.007, 530.213857044
233.07, 530.213854233
233.135, 530.213856305
233.195, 530.213854246
233.256, 530.213854207
233.319, 530.213851644
233.384, 530.213849842
233.45, 530.213846431
233.518, 530.213846848
233.578, 530.213846355
233.64, 530.213844737
233.703, 530.213843951
233.767, 530.213842770
233.834, 530.213840905
233.901, 530.213841172
233.961, 530.213837548
234.023, 530.213837178
234.086, 530.213835466
234.151, 530.213840321
234.211, 530.213835483
234.272, 530.213834342
234.335, 530.213835039
234.395, 530.213830117
234.457, 530.213827589
234.52, 530.213829865
234.58, 530.213829543
234.641, 530.213827409
234.704, 530.213828941
234.764, 530.213827236
234.826, 530.213822509
234.889, 530.213825955
234.949, 530.213822906
235.01, 530.213822279
235.073, 530.213820746
235.138, 530.213822338
235.198, 530.213819074
235.259, 530.213819036
235.322, 530.213818973
235.387, 530.213816979
235.453, 530.213812659
235.521, 530.213811110
235.591, 530.213808966
235.662, 530.213812587
235.722, 530.213813616
235.782, 530.213808866
235.844, 530.213806564
235.907, 530.213808790
235.967, 530.213806103
236.028, 530.213806221
236.088, 530.213803396
236.15, 530.213803420
236.21, 530.213801840
236.271, 530.213802628
236.331, 530.213799430
236.393, 530.213798791
236.456, 530.213797842
236.52, 530.213797371
236.586, 530.213791735
236.654, 530.213795305
236.714, 530.213791762
236.776, 530.213790520
236.839, 530.213787552
236.904, 530.213786829
236.97, 530.213788184
237.03, 530.213787532
237.091, 530.213788832
237.151, 530.213785755
237.213, 530.213782578
237.276, 530.213781568
237.34, 530.213782420
237.4, 530.213781552
237.462, 530.213783421
237.522, 530.213778229
237.583, 530.213777566
237.646, 530.213774930
237.711, 530.213776407
237.771, 530.213770622
237.833, 530.213772759
237.893, 530.213771795
237.954, 530.213771044
238.017, 530.213770468
238.082, 530.213770650
238.142, 530.213768304
238.203, 530.213766699
238.266, 530.213768601
238.326, 530.213763801
238.388, 530.213764439
238.448, 530.213766750
238.508, 530.213761553
238.569, 530.213762075
238.629, 530.213763606
238.689, 530.213758710
238.751, 530.213756303
238.814, 530.213756588
238.874, 530.213756214
238.935, 530.213759654
238.995, 530.213754903
239.057, 530.213754531
239.12, 530.213751504
239.184, 530.213751786
239.244, 530.213749591
239.306, 530.213746734
239.369, 530.213749080
239.429, 530.213746848
239.49, 530.213746347
239.553, 530.213742085
239.618, 530.213747091
239.678, 530.213742335
239.74, 530.213740831
239.803, 530.213741042
239.863, 530.213737128
239.924, 530.213739341
239.984, 530.213737419
240.046, 530.213734778
240.109, 530.213737479
240.169, 530.213734335
240.23, 530.213737870
240.29, 530.213731823
240.352, 530.213729820
240.415, 530.213728844
240.479, 530.213731320
240.539, 530.213730558
240.601, 530.213728840
240.664, 530.213727030
240.728, 530.213726834
240.795, 530.213730203
240.855, 530.213722056
240.916, 530.213722624
240.976, 530.213719137
241.038, 530.213719487
241.098, 530.213716416
241.159, 530.213714124
241.222, 530.213714125
241.282, 530.213712593
241.344, 530.213714955
241.404, 530.213713599
241.465, 530.213712756
241.528, 530.213712399
241.593, 530.213710817
241.659, 530.213707054
241.727, 530.213708535
241.787, 530.213707148
241.849, 530.213704656
241.912, 530.213705618
241.972, 530.213703763
242.033, 530.213700844
242.096, 530.213700806
242.161, 530.213701807
242.221, 530.213699024
242.282, 530.213697340
242.345, 530.213695504
242.41, 530.213698010
242.47, 530.213694800
242.531, 530.213695240
242.591, 530.213692175
242.653, 530.213690415
242.716, 530.213687719
242.781, 530.213691265
242.841, 530.213689654
242.902, 530.213689602
242.965, 530.213686947
243.03, 530.213683826
243.096, 530.213682377
243.164, 530.213679640
243.233, 530.213681552
243.293, 530.213682407
243.353, 530.213681330
243.415, 530.213679603
243.478, 530.213677065
243.542, 530.213674411
243.609, 530.213677709
243.669, 530.213674939
243.73, 530.213675536
243.79, 530.213671720
243.852, 530.213671790
243.912, 530.213671155
243.973, 530.213671594
244.033, 530.213669874
244.095, 530.213665991
244.158, 530.213670771
244.218, 530.213667296
244.279, 530.213665549
244.342, 530.213662148
244.407, 530.213661386
244.473, 530.213657581
244.541, 530.213661360
244.601, 530.213658403
244.663, 530.213655860
244.726, 530.213657817
244.786, 530.213656930
244.847, 530.213653671
244.91, 530.213652888
244.975, 530.213651321
245.041, 530.213647758
245.109, 530.213653380
245.169, 530.213648879
245.23, 530.213649397
245.29, 530.213649760
245.35, 530.213649217
245.412, 530.213648536
245.475, 530.213644882
245.539, 530.213644451
245.606, 530.213643808
245.674, 530.213638848
245.743, 530.213637530
245.814, 530.213637851
245.874, 530.213635454
245.936, 530.213636188
245.996, 530.213634514
246.057, 530.213632251
246.121, 530.213633543
246.181, 530.213632362
246.242, 530.213627628
246.305, 530.213629175
246.365, 530.213628933
246.427, 530.213623449
246.49, 530.213626706
246.55, 530.213625881
246.611, 530.213620911
246.674, 530.213622181
246.734, 530.213621186
246.796, 530.213619729
246.859, 530.213618293
246.923, 530.213622499
246.983, 530.213621135
247.045, 530.213617201
247.108, 530.213615924
247.172, 530.213613688
247.239, 530.213615213
247.299, 530.213615529
247.359, 530.213611513
247.42, 530.213612954
247.48, 530.213609913
247.542, 530.213607801
247.605, 530.213605706
247.669, 530.213605960
247.729, 530.213609043
247.789, 530.213604452
247.851, 530.213601690
247.914, 530.213604834
247.974, 530.213602173
248.035, 530.213600378
248.098, 530.213601653
248.158, 530.213601350
248.22, 530.213596889
248.283, 530.213597963
248.343, 530.213595319
248.404, 530.213596133
248.464, 530.213594684
248.526, 530.213594255
248.589, 530.213589669
248.654, 530.213588396
248.72, 530.213585515
248.788, 530.213588327
248.848, 530.213586716
248.909, 530.213583599
248.972, 530.213582278
249.037, 530.213581359
249.103, 530.213580602
249.171, 530.213580367
249.241, 530.213578375
249.312, 530.213576712
249.385, 530.213578544
249.445, 530.213579972
249.505, 530.213575301
