0.06, 476.615110633
0.12, 476.609163381
0.1815, 476.609029256
0.244537, 476.608890519
0.309151, 476.608753576
0.37538, 476.608610203
0.443264, 476.608460076
0.512846, 476.608313439
0.584167, 476.608155727
0.657271, 476.608002508
0.732203, 476.607847126
0.809008, 476.607687062
0.887733, 476.607518746
0.968427, 476.607352074
1.05114, 476.607180359
1.13592, 476.607002384
1.22281, 476.606827262
1.31188, 476.606639603
1.40318, 476.606459005
1.49676, 476.606269366
1.59268, 476.606077110
1.691, 476.605884542
1.79177, 476.605680695
1.89507, 476.605477262
2.00094, 476.605267833
2.10947, 476.605060139
2.2207, 476.604843334
2.33472, 476.604624479
2.45159, 476.604401327
2.57138, 476.604177940
2.69416, 476.603941486
2.82002, 476.603704192
2.94902, 476.603468701
3.08124, 476.603226420
3.21677, 476.602978129
3.35569, 476.602728836
3.49808, 476.602473061
3.64404, 476.602215538
3.79364, 476.601949276
3.94698, 476.601680727
4.10415, 476.601411638
4.26526, 476.601128117
4.43039, 476.600849325
4.59965, 476.600558897
4.77314, 476.600273341
4.95097, 476.599973617
5.13324, 476.599675181
5.32007, 476.599371330
5.51157, 476.599062040
5.70786, 476.598749677
5.90906, 476.598429300
6.11529, 476.598109603
6.32667, 476.597779333
6.54334, 476.597447006
6.76542, 476.597110255
6.99306, 476.596768940
7.22638, 476.596421152
7.46554, 476.596067164
7.71068, 476.595712776
7.96195, 476.595352106
8.2195, 476.594987302
8.48348, 476.594614376
8.75407, 476.594238245
9.03142, 476.593860867
9.31571, 476.593475843
9.6071, 476.593083664
9.90578, 476.592691131
10.2119, 476.592288627
10.5257, 476.591881993
10.8474, 476.591468117
11.177, 476.591054411
11.515, 476.590630107
11.8613, 476.590215983
12.2164, 476.589782807
12.5803, 476.589342532
12.9533, 476.588902247
13.3356, 476.588454180
13.7275, 476.588003875
14.1292, 476.587543306
14.5409, 476.587087100
14.963, 476.586618274
15.3955, 476.586145196
15.8389, 476.585666640
16.2934, 476.585176023
16.7592, 476.584690561
17.2367, 476.584195952
17.7261, 476.583695217
18.2278, 476.583189067
18.742, 476.582671039
19.269, 476.582150243
19.8093, 476.581626833
20.363, 476.581095051
20.9306, 476.580556449
21.5123, 476.580009899
22.1086, 476.579456519
22.7198, 476.578896228
23.3463, 476.578334118
23.9885, 476.577759824
24.6467, 476.577179998
25.3214, 476.576587642
26.0129, 476.575990157
26.7217, 476.575391362
27.4483, 476.574779160
28.193, 476.574152055
28.9563, 476.573527532
29.7387, 476.572886282
30.5407, 476.572235252
31.3627, 476.571579385
32.2053, 476.570914383
33.0689, 476.570235706
33.9541, 476.569547084
34.8615, 476.568852141
35.7915, 476.568144722
36.7448, 476.567426635
37.7219, 476.567661546
37.7819, 476.567286962
37.8434, 476.567280955
37.9065, 476.567280709
37.9711, 476.567276357
38.0373, 476.567269566
38.1052, 476.567271063
38.1652, 476.567263447
38.2267, 476.567258369
38.2897, 476.567259032
38.3497, 476.567250609
38.4112, 476.567251126
38.4712, 476.567246155
38.5327, 476.567242494
38.5958, 476.567235210
38.6604, 476.567237317
38.7204, 476.567231710
38.7819, 476.567228157
38.8449, 476.567225473
38.9095, 476.567221024
38.9758, 476.567220770
39.0436, 476.567214113
39.1132, 476.567216742
39.1732, 476.567204372
39.2347, 476.567206820
39.2947, 476.567201635
39.3562, 476.567193722
39.4193, 476.567195388
39.4793, 476.567190183
39.5408, 476.567188993
39.6038, 476.567183655
39.6684, 476.567183121
39.7346, 476.567180509
39.8025, 476.567176049
39.8721, 476.567177108
39.9321, 476.567163456
39.9936, 476.567164751
40.0536, 476.567161857
40.1151, 476.567160245
40.1782, 476.567155155
40.2428, 476.567151514
40.309, 476.567150770
40.3769, 476.567148412
40.4465, 476.567144012
40.5178, 476.567138413
40.5909, 476.567135564
40.6658, 476.567133657
40.7426, 476.567133450
40.8213, 476.567128180
40.902, 476.567126869
40.9848, 476.567124494
41.0695, 476.567123351
41.1564, 476.567117989
41.2455, 476.567112547
41.3368, 476.567113091
41.3968, 476.567092119
41.4583, 476.567092647
41.5183, 476.567088764
41.5798, 476.567085411
41.6428, 476.567083723
41.7074, 476.567083393
41.7737, 476.567079735
41.8416, 476.567075643
41.9111, 476.567075570
41.9825, 476.567075185
42.0556, 476.567067700
42.1305, 476.567066555
42.2073, 476.567064837
42.286, 476.567059988
42.3667, 476.567057715
42.4494, 476.567053207
42.5342, 476.567052056
42.6211, 476.567047893
42.7102, 476.567041376
42.8015, 476.567040761
42.8951, 476.567036555
42.991, 476.567033220
43.0893, 476.567033077
43.1901, 476.567025728
43.2934, 476.567025278
43.3992, 476.567020495
43.5078, 476.567016483
43.619, 476.567012090
43.733, 476.567013208
43.793, 476.566979972
43.8545, 476.566976471
43.9176, 476.566981457
43.9776, 476.566975387
44.0391, 476.566974597
44.1021, 476.566970796
44.1667, 476.566963418
44.2329, 476.566964273
44.2929, 476.566961818
44.3544, 476.566960538
44.4175, 476.566957355
44.4821, 476.566954984
44.5483, 476.566952013
44.6162, 476.566947302
44.6858, 476.566944920
44.7571, 476.566943147
44.8302, 476.566943902
44.8902, 476.566932392
44.9517, 476.566932996
45.0117, 476.566929424
45.0732, 476.566926234
45.1362, 476.566923063
45.2009, 476.566925276
45.2609, 476.566919251
45.3224, 476.566918603
45.3854, 476.566913913
45.45, 476.566914402
45.51, 476.566912025
45.5715, 476.566907414
45.6345, 476.566901376
45.6992, 476.566904501
45.7592, 476.566899468
45.8207, 476.566897547
45.8837, 476.566894525
45.9483, 476.566890428
46.0145, 476.566892348
46.0745, 476.566889658
46.136, 476.566886386
46.1991, 476.566884598
46.2637, 476.566882491
46.3299, 476.566879753
46.3978, 476.566874633
46.4674, 476.566872435
46.5387, 476.566873011
46.5987, 476.566864113
46.6602, 476.566867970
46.7202, 476.566862844
46.7817, 476.566858060
46.8447, 476.566853991
46.9094, 476.566851507
46.9756, 476.566850775
47.0435, 476.566849853
47.113, 476.566846096
47.1844, 476.566845005
47.2575, 476.566842787
47.3324, 476.566840930
47.4092, 476.566839412
47.4879, 476.566835861
47.5686, 476.566834191
47.6513, 476.566829681
47.7361, 476.566830555
47.7961, 476.566820678
47.8576, 476.566816660
47.9207, 476.566815709
47.9853, 476.566812854
48.0515, 476.566806128
48.1194, 476.566804647
48.189, 476.566807473
48.249, 476.566798977
48.3105, 476.566799910
48.3705, 476.566792538
48.432, 476.566793912
48.492, 476.566785197
48.5535, 476.566787208
48.6135, 476.566787513
48.6735, 476.566783510
48.735, 476.566777468
48.798, 476.566779400
48.858, 476.566773479
48.9195, 476.566775418
48.9795, 476.566773844
49.041, 476.566770617
49.104, 476.566766632
49.1687, 476.566762320
49.2349, 476.566763403
49.2949, 476.566764525
49.3549, 476.566753543
49.4164, 476.566756673
49.4764, 476.566752503
49.5379, 476.566751267
49.6009, 476.566749600
49.6655, 476.566746207
49.7318, 476.566744307
49.7996, 476.566741662
49.8692, 476.566745452
49.9292, 476.566735314
49.9907, 476.566728599
50.0538, 476.566728210
50.1184, 476.566729367
50.1784, 476.566724291
50.2399, 476.566723529
50.3029, 476.566719758
50.3675, 476.566720767
50.4275, 476.566718359
50.489, 476.566714067
50.5521, 476.566714515
50.6121, 476.566707620
50.6736, 476.566707542
50.7366, 476.566705314
50.8012, 476.566703162
50.8674, 476.566700270
50.9353, 476.566700357
50.9953, 476.566693213
51.0568, 476.566695160
51.1168, 476.566688168
51.1783, 476.566691018
51.2383, 476.566685842
51.2998, 476.566679723
51.3629, 476.566682608
51.4229, 476.566676646
51.4844, 476.566679566
51.5444, 476.566676302
51.6059, 476.566674585
51.6689, 476.566672417
51.7335, 476.566668631
51.7997, 476.566665848
51.8676, 476.566665606
51.9372, 476.566662099
52.0085, 476.566665469
52.0685, 476.566659861
52.13, 476.566655513
52.1931, 476.566651358
52.2577, 476.566652854
52.3177, 476.566647550
52.3792, 476.566640757
52.4422, 476.566640930
52.5022, 476.566641183
52.5622, 476.566634224
52.6237, 476.566635088
52.6837, 476.566632794
52.7452, 476.566630500
52.8083, 476.566629276
52.8729, 476.566628630
52.9391, 476.566624418
53.007, 476.566624423
53.067, 476.566622129
53.1285, 476.566619673
53.1915, 476.566613236
53.2561, 476.566615692
53.3161, 476.566608934
53.3776, 476.566608595
53.4407, 476.566605145
53.5053, 476.566607615
53.5653, 476.566601168
53.6268, 476.566600085
53.6898, 476.566599984
53.7544, 476.566597545
53.8207, 476.566594373
53.8886, 476.566588927
53.9581, 476.566589056
54.0181, 476.566586964
54.0796, 476.566586047
54.1427, 476.566583243
54.2073, 476.566584544
54.2673, 476.566576900
54.3288, 476.566575081
54.3918, 476.566574062
54.4564, 476.566570070
54.5227, 476.566569512
54.5906, 476.566569862
54.6506, 476.566561278
54.7121, 476.566567001
54.7721, 476.566559261
54.8336, 476.566555522
54.8966, 476.566555016
54.9612, 476.566557744
55.0212, 476.566551068
55.0827, 476.566547712
55.1457, 476.566551103
55.2057, 476.566544442
55.2672, 476.566543946
55.3303, 476.566540567
55.3949, 476.566538627
55.4611, 476.566538410
55.529, 476.566530866
55.5986, 476.566537895
55.6586, 476.566530642
55.7201, 476.566527396
55.7831, 476.566528161
55.8431, 476.566526318
55.9046, 476.566522582
55.9677, 476.566518839
56.0323, 476.566515572
56.0985, 476.566515248
56.1664, 476.566516552
56.2264, 476.566514729
56.2879, 476.566509524
56.3509, 476.566506847
56.4155, 476.566505302
56.4818, 476.566504487
56.5497, 476.566503441
56.6192, 476.566501806
56.6906, 476.566500699
56.7637, 476.566497570
56.8386, 476.566497084
56.9154, 476.566490059
56.9941, 476.566487516
57.0748, 476.566486093
57.1575, 476.566485190
57.2423, 476.566484797
57.3292, 476.566482378
57.4183, 476.566477698
57.5096, 476.566476034
57.6031, 476.566473499
57.6991, 476.566470728
57.7974, 476.566468360
57.8982, 476.566467005
58.0015, 476.566463508
58.1073, 476.566460135
58.2159, 476.566458525
58.3271, 476.566452403
58.4411, 476.566451482
58.558, 476.566449991
58.6778, 476.566445616
58.8005, 476.566443563
58.9264, 476.566443798
58.9864, 476.566421301
59.0479, 476.566415395
59.1109, 476.566416446
59.1709, 476.566413642
59.2324, 476.566413352
59.2955, 476.566412479
59.3601, 476.566408528
59.4263, 476.566408194
59.4942, 476.566407250
59.5638, 476.566403643
59.6351, 476.566401148
59.7082, 476.566396720
59.7831, 476.566397836
59.8431, 476.566389550
59.9046, 476.566388129
59.9677, 476.566392393
60.0277, 476.566385399
60.0892, 476.566383775
60.1522, 476.566383435
60.2168, 476.566379318
60.2831, 476.566381212
60.3431, 476.566374588
60.4046, 476.566374242
60.4676, 476.566374786
60.5276, 476.566368822
60.5891, 476.566365154
60.6521, 476.566366881
60.7121, 476.566358262
60.7736, 476.566362619
60.8336, 476.566355517
60.8951, 476.566356483
60.9551, 476.566356485
61.0151, 476.566354561
61.0766, 476.566351463
61.1397, 476.566350841
61.2043, 476.566347900
61.2705, 476.566344759
61.3384, 476.566347375
61.3984, 476.566340995
61.4599, 476.566341090
61.5199, 476.566337773
61.5814, 476.566342207
61.6414, 476.566331758
61.7029, 476.566333820
61.7629, 476.566328140
61.8244, 476.566329075
61.8844, 476.566324705
61.9459, 476.566320859
62.0089, 476.566324273
62.0689, 476.566319511
62.1304, 476.566317792
62.1935, 476.566317106
62.2581, 476.566315899
62.3243, 476.566313059
62.3922, 476.566313595
62.4522, 476.566303802
62.5137, 476.566308622
62.5737, 476.566301774
62.6352, 476.566304367
62.6952, 476.566299621
62.7567, 476.566298779
62.8197, 476.566295543
62.8844, 476.566294460
62.9506, 476.566296233
63.0106, 476.566288958
63.0721, 476.566288968
63.1321, 476.566287210
63.1936, 476.566283673
63.2566, 476.566283711
63.3166, 476.566283568
63.3781, 476.566280282
63.4412, 476.566277210
63.5058, 476.566276670
63.572, 476.566274003
63.6399, 476.566276426
63.6999, 476.566270964
63.7614, 476.566263972
63.8244, 476.566267648
63.8844, 476.566260210
63.9459, 476.566261485
64.0059, 476.566256538
64.0674, 476.566259187
64.1274, 476.566250953
64.1889, 476.566254532
64.2489, 476.566250059
64.3104, 476.566248415
64.3735, 476.566251074
64.4335, 476.566242410
64.495, 476.566241872
64.558, 476.566240082
64.6226, 476.566239270
64.6888, 476.566241195
64.7488, 476.566235704
64.8103, 476.566235501
64.8734, 476.566236392
64.9334, 476.566229470
64.9949, 476.566230156
65.0549, 476.566230865
65.1149, 476.566222135
65.1764, 476.566222103
65.2394, 476.566219145
65.304, 476.566219899
65.364, 476.566218876
65.4255, 476.566211432
65.4886, 476.566214811
65.5486, 476.566210182
65.6101, 476.566208144
65.6731, 476.566210011
65.7331, 476.566204331
65.7946, 476.566206605
65.8546, 476.566201530
65.9161, 476.566204044
65.9761, 476.566196033
66.0376, 476.566196917
66.0976, 476.566193284
66.1591, 476.566192120
66.2221, 476.566188963
66.2868, 476.566190097
66.3468, 476.566186538
66.4083, 476.566186524
66.4713, 476.566187159
66.5313, 476.566181356
66.5928, 476.566176681
66.6558, 476.566177793
66.7158, 476.566174210
66.7773, 476.566178427
66.8373, 476.566171384
66.8988, 476.566168733
66.9619, 476.566168910
67.0219, 476.566163211
67.0834, 476.566163667
67.1434, 476.566158956
67.2049, 476.566158615
67.2679, 476.566155761
67.3325, 476.566155175
67.3987, 476.566156721
67.4587, 476.566148883
67.5202, 476.566150968
67.5802, 476.566145816
67.6417, 476.566149105
67.7017, 476.566140442
67.7632, 476.566145726
67.8232, 476.566141905
67.8847, 476.566143262
67.9447, 476.566140303
68.0062, 476.566134969
68.0693, 476.566135277
68.1293, 476.566130079
68.1908, 476.566128477
68.2538, 476.566128373
68.3184, 476.566130377
68.3784, 476.566121446
68.4399, 476.566122481
68.4999, 476.566119842
68.5614, 476.566123318
68.6214, 476.566117817
68.6829, 476.566116288
68.746, 476.566114138
68.8106, 476.566112316
68.8768, 476.566110796
68.9447, 476.566109344
69.0143, 476.566107899
69.0856, 476.566103570
69.1587, 476.566101996
69.2336, 476.566102153
69.2936, 476.566094740
69.3551, 476.566095864
69.4151, 476.566090435
69.4766, 476.566093476
69.5366, 476.566089571
69.5981, 476.566088964
69.6612, 476.566086375
69.7258, 476.566084608
69.792, 476.566083767
69.8599, 476.566082149
69.9295, 476.566081997
70.0008, 476.566074274
70.0739, 476.566078818
70.1339, 476.566070931
70.1954, 476.566073089
70.2554, 476.566068409
70.3169, 476.566066820
70.3799, 476.566064316
70.4446, 476.566063369
70.5108, 476.566058350
70.5787, 476.566057603
70.6483, 476.566056940
70.7196, 476.566055890
70.7927, 476.566054887
70.8676, 476.566048322
70.9444, 476.566052397
71.0044, 476.566048387
71.0659, 476.566045312
71.129, 476.566045860
71.189, 476.566039914
71.2505, 476.566040375
71.3105, 476.566041219
71.3705, 476.566032343
71.432, 476.566033999
71.492, 476.566027561
71.5535, 476.566034879
71.6135, 476.566027735
71.675, 476.566024565
71.738, 476.566024771
71.798, 476.566024243
71.8595, 476.566021520
71.9225, 476.566016747
71.9871, 476.566015593
72.0534, 476.566013842
72.1213, 476.566015782
72.1813, 476.566012523
72.2428, 476.566006790
72.3058, 476.566011646
72.3658, 476.566005967
72.4273, 476.566001460
72.4903, 476.566001152
72.5549, 476.566000148
72.6212, 476.565999433
72.6891, 476.565995862
72.7586, 476.565994881
72.83, 476.565990231
72.9031, 476.565991411
72.9631, 476.565983892
73.0246, 476.565985710
73.0846, 476.565984278
73.1461, 476.565978241
73.2091, 476.565983241
73.2691, 476.565977991
73.3306, 476.565980523
73.3906, 476.565973968
73.4521, 476.565970422
73.5151, 476.565972936
73.5751, 476.565970790
73.6366, 476.565967070
73.6997, 476.565966763
73.7643, 476.565963683
73.8305, 476.565962731
73.8984, 476.565960928
73.968, 476.565958300
74.0393, 476.565958769
74.0993, 476.565953525
74.1608, 476.565950787
74.2238, 476.565949026
74.2885, 476.565951895
74.3485, 476.565943834
74.41, 476.565943179
74.473, 476.565944085
74.533, 476.565937257
74.5945, 476.565939176
74.6545, 476.565938015
74.716, 476.565935795
74.779, 476.565933542
74.8436, 476.565931576
74.9099, 476.565929325
74.9778, 476.565927557
75.0473, 476.565929531
75.1073, 476.565920343
75.1688, 476.565921956
75.2288, 476.565918837
75.2903, 476.565920039
75.3503, 476.565911729
75.4118, 476.565910356
75.4749, 476.565914067
75.5349, 476.565914691
75.5949, 476.565908413
75.6564, 476.565906189
75.7194, 476.565908025
75.7794, 476.565903963
75.8409, 476.565901664
75.904, 476.565901342
75.9686, 476.565900690
76.0348, 476.565896470
76.1027, 476.565894986
76.1723, 476.565894890
76.2436, 476.565892083
76.3167, 476.565888754
76.3916, 476.565889153
76.4516, 476.565877547
76.5131, 476.565882223
76.5731, 476.565878478
76.6346, 476.565877561
76.6977, 476.565879674
76.7577, 476.565874531
76.8192, 476.565875744
76.8792, 476.565870921
76.9407, 476.565867939
77.0037, 476.565868061
77.0637, 476.565866007
77.1252, 476.565861654
77.1882, 476.565866734
77.2482, 476.565859120
77.3097, 476.565861499
77.3697, 476.565855414
77.4312, 476.565848424
77.4943, 476.565855494
77.5543, 476.565850551
77.6158, 476.565851288
77.6758, 476.565842969
77.7373, 476.565851555
77.7973, 476.565843856
77.8588, 476.565844039
77.9188, 476.565839429
77.9803, 476.565841563
78.0403, 476.565836344
78.1018, 476.565837320
78.1618, 476.565835346
78.2233, 476.565832888
78.2863, 476.565833406
78.3463, 476.565829588
78.4078, 476.565826611
78.4708, 476.565826386
78.5355, 476.565819520
78.6017, 476.565819541
78.6617, 476.565820857
78.7217, 476.565818434
78.7832, 476.565813304
78.8462, 476.565818704
78.9062, 476.565811947
78.9677, 476.565810303
79.0308, 476.565811629
79.0908, 476.565805813
79.1523, 476.565805035
79.2153, 476.565804503
79.2799, 476.565800644
79.3461, 476.565802599
79.4061, 476.565796496
79.4676, 476.565794709
79.5307, 476.565797400
79.5907, 476.565795701
79.6522, 476.565791216
79.7152, 476.565787978
79.7798, 476.565785695
79.8461, 476.565787878
79.9061, 476.565786271
79.9676, 476.565783828
80.0306, 476.565779818
80.0952, 476.565780998
80.1552, 476.565776469
80.2167, 476.565779163
80.2767, 476.565771852
80.3382, 476.565769924
80.4012, 476.565772460
80.4612, 476.565767264
80.5227, 476.565766043
80.5858, 476.565762374
80.6504, 476.565764536
80.7104, 476.565762065
80.7719, 476.565761806
80.8349, 476.565758182
80.8995, 476.565754626
80.9658, 476.565756556
81.0258, 476.565750339
81.0873, 476.565750116
81.1503, 476.565748626
81.2149, 476.565746808
81.2812, 476.565745721
81.349, 476.565740511
81.4186, 476.565741579
81.4786, 476.565737946
81.5401, 476.565736869
81.6032, 476.565736598
81.6678, 476.565735344
81.734, 476.565731320
81.8019, 476.565728982
81.8715, 476.565728885
81.9428, 476.565724500
82.0159, 476.565718832
82.0908, 476.565718625
82.1676, 476.565722361
82.2276, 476.565715208
82.2891, 476.565715142
82.3522, 476.565718263
82.4122, 476.565709865
82.4737, 476.565709583
82.5367, 476.565706599
82.6013, 476.565703473
82.6675, 476.565707798
82.7275, 476.565703300
82.789, 476.565700638
82.8521, 476.565698584
82.9167, 476.565702188
82.9767, 476.565695825
83.0382, 476.565694892
83.1012, 476.565694083
83.1658, 476.565686662
83.2321, 476.565689638
83.2921, 476.565682803
83.3536, 476.565686252
83.4136, 476.565681905
83.4751, 476.565679873
83.5381, 476.565679384
83.6027, 476.565677559
83.669, 476.565677332
83.7368, 476.565672840
83.8064, 476.565670550
83.8777, 476.565667726
83.9508, 476.565665976
84.0258, 476.565661042
84.1026, 476.565661276
84.1626, 476.565660493
84.2241, 476.565659054
84.2871, 476.565655239
84.3517, 476.565655526
84.4117, 476.565652880
84.4732, 476.565650248
84.5363, 476.565649480
84.6009, 476.565648924
84.6671, 476.565644937
84.735, 476.565650219
84.795, 476.565638665
84.8565, 476.565640231
84.9165, 476.565638896
84.978, 476.565635717
85.041, 476.565637250
85.101, 476.565631644
85.1625, 476.565631999
85.2225, 476.565630349
85.284, 476.565629690
85.3471, 476.565630501
85.4071, 476.565625176
85.4686, 476.565623908
85.5316, 476.565623006
85.5962, 476.565618153
85.6625, 476.565618195
85.7225, 476.565616075
85.784, 476.565613216
85.847, 476.565614650
85.907, 476.565608134
85.9685, 476.565609493
86.0285, 476.565607319
86.09, 476.565607250
86.153, 476.565605888
86.2176, 476.565602554
86.2839, 476.565600399
86.3518, 476.565600120
86.4213, 476.565598483
86.4927, 476.565595559
86.5658, 476.565591109
86.6407, 476.565589937
86.7175, 476.565593558
86.7775, 476.565587182
86.839, 476.565584861
86.902, 476.565584463
86.9667, 476.565580804
87.0329, 476.565582947
87.0929, 476.565575074
87.1544, 476.565577644
87.2144, 476.565573681
87.2759, 476.565568737
87.3389, 476.565570462
87.3989, 476.565568547
87.4604, 476.565566066
87.5235, 476.565565598
87.5881, 476.565565316
87.6543, 476.565560931
87.7222, 476.565554996
87.7918, 476.565557339
87.8518, 476.565556827
87.9133, 476.565550178
87.9763, 476.565553319
88.0363, 476.565552980
88.0978, 476.565549444
88.1608, 476.565550408
88.2208, 476.565543497
88.2823, 476.565545034
88.3423, 476.565540252
88.4038, 476.565541040
88.4638, 476.565539674
88.5253, 476.565533038
88.5884, 476.565535689
88.6484, 476.565529987
88.7099, 476.565529845
88.7729, 476.565530479
88.8329, 476.565528143
88.8944, 476.565525195
88.9575, 476.565520299
89.0221, 476.565521497
89.0821, 476.565518501
89.1436, 476.565518958
89.2036, 476.565515461
89.2651, 476.565513992
89.3281, 476.565514578
89.3881, 476.565510399
89.4496, 476.565510897
89.5096, 476.565506659
89.5711, 476.565508084
89.6311, 476.565503161
89.6926, 476.565503520
89.7526, 476.565501532
89.8141, 476.565499694
89.8771, 476.565500495
89.9371, 476.565496221
89.9986, 476.565496382
90.0586, 476.565495106
90.1201, 476.565492300
90.1832, 476.565488944
90.2478, 476.565487165
90.314, 476.565483764
90.3819, 476.565485952
90.4419, 476.565479151
90.5034, 476.565485779
90.5634, 476.565475620
90.6249, 476.565477470
90.6849, 476.565472592
90.7464, 476.565473905
90.8064, 476.565471416
90.8679, 476.565471006
90.9309, 476.565469082
90.9956, 476.565468040
91.0618, 476.565463769
91.1297, 476.565465636
91.1897, 476.565464073
91.2512, 476.565456932
91.3142, 476.565458472
91.3742, 476.565458228
91.4357, 476.565456306
91.4987, 476.565451416
91.5634, 476.565450061
91.6296, 476.565446850
91.6975, 476.565445761
91.7671, 476.565443018
91.8384, 476.565446070
91.8984, 476.565437259
91.9599, 476.565438310
92.0199, 476.565435012
92.0814, 476.565436646
92.1414, 476.565437038
92.2014, 476.565429056
92.2629, 476.565431914
92.3229, 476.565431151
92.3844, 476.565430725
92.4474, 476.565424928
92.512, 476.565422472
92.5783, 476.565421748
92.6461, 476.565419576
92.7157, 476.565416910
92.787, 476.565416809
92.8601, 476.565415736
92.9351, 476.565413922
93.0119, 476.565412664
93.0906, 476.565409058
93.1713, 476.565406349
93.254, 476.565405351
93.3388, 476.565403602
93.4257, 476.565400679
93.5148, 476.565397875
93.6061, 476.565392966
93.6996, 476.565390468
93.7956, 476.565390490
93.8556, 476.565385319
93.9171, 476.565384966
93.9801, 476.565382143
94.0447, 476.565381934
94.1109, 476.565381528
94.1788, 476.565378303
94.2484, 476.565373753
94.3197, 476.565371479
94.3928, 476.565373950
94.4528, 476.565366439
94.5143, 476.565360642
94.5774, 476.565368187
94.6374, 476.565363157
94.6989, 476.565362740
94.7619, 476.565360171
94.8265, 476.565356060
94.8927, 476.565354087
94.9606, 476.565355656
95.0206, 476.565355160
95.0821, 476.565351602
95.1452, 476.565349082
95.2098, 476.565347094
95.276, 476.565345855
95.3439, 476.565345815
95.4135, 476.565341142
95.4848, 476.565338914
95.5579, 476.565337051
95.6328, 476.565334744
95.7096, 476.565332119
95.7884, 476.565330682
95.8691, 476.565326842
95.9518, 476.565329157
96.0118, 476.565325040
96.0733, 476.565322776
96.1363, 476.565321966
96.2009, 476.565321025
96.2671, 476.565318658
96.335, 476.565318202
96.4046, 476.565314088
96.4759, 476.565310400
96.549, 476.565310991
96.609, 476.565309142
96.6705, 476.565305616
96.7336, 476.565305191
96.7982, 476.565303042
96.8644, 476.565297540
96.9323, 476.565300779
96.9923, 476.565299968
97.0538, 476.565296360
97.1168, 476.565294339
97.1814, 476.565291995
97.2477, 476.565291540
97.3156, 476.565283599
97.3851, 476.565285733
97.4451, 476.565286685
97.5051, 476.565282664
97.5666, 476.565283218
97.6266, 476.565277542
97.6881, 476.565278175
97.7481, 476.565270597
97.8096, 476.565274315
97.8696, 476.565277101
97.9296, 476.565268302
97.9911, 476.565272005
98.0511, 476.565266766
98.1126, 476.565259894
98.1757, 476.565267797
98.2357, 476.565261433
98.2972, 476.565264519
98.3572, 476.565257401
98.4187, 476.565254565
98.4817, 476.565256661
98.5417, 476.565252414
98.6032, 476.565247684
98.6663, 476.565251297
98.7263, 476.565249126
98.7878, 476.565250332
98.8478, 476.565243928
98.9093, 476.565242632
98.9723, 476.565240857
99.0369, 476.565241356
99.0969, 476.565239886
99.1584, 476.565236784
99.2214, 476.565236256
99.2861, 476.565229790
99.3523, 476.565236214
99.4123, 476.565230161
99.4738, 476.565229418
99.5368, 476.565227365
99.6014, 476.565222755
99.6677, 476.565226478
99.7277, 476.565219044
99.7892, 476.565214626
99.8522, 476.565219347
99.9122, 476.565214051
99.9737, 476.565210588
100.037, 476.565214644
100.097, 476.565212606
100.158, 476.565209598
100.221, 476.565206036
100.286, 476.565205406
100.352, 476.565203667
100.42, 476.565202460
100.49, 476.565200708
100.561, 476.565199673
100.634, 476.565197525
100.709, 476.565196389
100.786, 476.565192894
100.864, 476.565194022
100.924, 476.565184833
100.986, 476.565183627
101.049, 476.565185916
101.109, 476.565184898
101.171, 476.565181600
101.234, 476.565179716
101.298, 476.565179153
101.364, 476.565173416
101.432, 476.565172160
101.502, 476.565171762
101.573, 476.565173314
101.633, 476.565167557
101.695, 476.565166953
101.758, 476.565167424
101.818, 476.565159868
101.879, 476.565160949
101.939, 476.565158534
102.001, 476.565157512
102.064, 476.565156133
102.128, 476.565151526
102.195, 476.565149662
102.262, 476.565149178
102.332, 476.565145327
102.403, 476.565142586
102.476, 476.565145586
102.536, 476.565141234
102.598, 476.565139479
102.661, 476.565138496
102.726, 476.565136338
102.792, 476.565133505
102.86, 476.565129339
102.929, 476.565131266
102.989, 476.565126784
103.051, 476.565126297
103.114, 476.565126224
103.178, 476.565122945
103.245, 476.565125274
103.305, 476.565119229
103.366, 476.565120273
103.426, 476.565114747
103.488, 476.565116953
103.548, 476.565113145
103.609, 476.565111950
103.672, 476.565109356
103.737, 476.565108355
103.803, 476.565105817
103.871, 476.565111372
103.931, 476.565103956
103.992, 476.565103216
104.056, 476.565103030
104.12, 476.565097307
104.186, 476.565099425
104.246, 476.565093674
104.308, 476.565094536
104.368, 476.565091467
104.429, 476.565088914
104.492, 476.565088467
104.557, 476.565085832
104.623, 476.565084116
104.691, 476.565085619
104.751, 476.565080742
104.813, 476.565077395
104.876, 476.565076970
104.94, 476.565077184
105, 476.565077085
105.062, 476.565075686
105.125, 476.565072919
105.189, 476.565067738
105.256, 476.565065303
105.324, 476.565063747
105.393, 476.565065024
105.453, 476.565060589
105.515, 476.565058810
105.578, 476.565057229
105.642, 476.565056446
105.708, 476.565056461
105.768, 476.565050593
105.83, 476.565051023
105.89, 476.565048338
105.951, 476.565048094
106.015, 476.565046010
106.079, 476.565041898
106.145, 476.565044245
106.205, 476.565039975
106.267, 476.565040360
106.327, 476.565032764
106.388, 476.565037641
106.448, 476.565034682
106.51, 476.565028672
106.573, 476.565033016
106.633, 476.565025203
106.694, 476.565030213
106.754, 476.565026156
106.816, 476.565020307
106.879, 476.565023237
106.939, 476.565017627
107, 476.565016735
107.063, 476.565016666
107.128, 476.565012927
107.194, 476.565014182
107.254, 476.565011465
107.316, 476.565003616
107.379, 476.565010305
107.439, 476.565006746
107.5, 476.565002909
107.563, 476.565000115
107.628, 476.564999432
107.694, 476.565001106
107.754, 476.564996571
107.816, 476.564994198
107.879, 476.564991988
107.943, 476.564987536
108.01, 476.564992322
108.07, 476.564985871
108.131, 476.564984306
108.194, 476.564984711
108.254, 476.564982306
108.316, 476.564981052
108.379, 476.564978960
108.443, 476.564977108
108.51, 476.564980761
108.57, 476.564974842
108.631, 476.564975218
108.691, 476.564971029
108.753, 476.564968304
108.816, 476.564965534
108.88, 476.564964572
108.946, 476.564966774
109.006, 476.564960484
109.068, 476.564958542
109.131, 476.564959094
109.191, 476.564954472
109.252, 476.564956028
109.312, 476.564955227
109.374, 476.564951848
109.437, 476.564947746
109.502, 476.564950353
109.562, 476.564948099
109.623, 476.564949758
109.683, 476.564946569
109.745, 476.564942709
109.808, 476.564943491
109.868, 476.564937662
109.929, 476.564939968
109.989, 476.564941572
110.049, 476.564932819
110.111, 476.564930619
110.174, 476.564927579
110.238, 476.564930225
110.298, 476.564928346
110.36, 476.564925929
110.423, 476.564927455
110.483, 476.564924202
110.544, 476.564923938
110.607, 476.564923370
110.672, 476.564919946
110.738, 476.564916845
110.806, 476.564916215
110.876, 476.564912698
110.947, 476.564912833
111.007, 476.564908399
111.069, 476.564908684
111.129, 476.564908221
111.19, 476.564905725
111.253, 476.564899943
111.318, 476.564899541
111.384, 476.564899424
111.452, 476.564898397
111.521, 476.564894949
111.593, 476.564896005
111.653, 476.564889163
111.714, 476.564888119
111.777, 476.564890640
111.837, 476.564885422
111.899, 476.564887479
111.959, 476.564886017
112.02, 476.564882423
112.083, 476.564882910
112.143, 476.564874544
112.205, 476.564876622
112.265, 476.564873695
112.326, 476.564877595
112.386, 476.564872040
112.448, 476.564871046
112.511, 476.564870409
112.575, 476.564870246
112.642, 476.564866291
112.71, 476.564862456
112.779, 476.564862360
112.85, 476.564861246
112.924, 476.564860426
112.998, 476.564856155
113.075, 476.564853230
113.154, 476.564854077
113.214, 476.564850323
113.275, 476.564847857
113.339, 476.564846276
113.403, 476.564849096
113.463, 476.564843806
113.525, 476.564844430
113.585, 476.564838673
113.646, 476.564838874
113.706, 476.564837357
113.768, 476.564836609
113.831, 476.564834451
113.895, 476.564831926
113.962, 476.564826513
114.029, 476.564827930
114.089, 476.564825145
114.151, 476.564826930
114.211, 476.564822440
114.272, 476.564824107
114.332, 476.564817405
114.394, 476.564817999
114.454, 476.564815029
114.515, 476.564813524
114.578, 476.564813455
114.643, 476.564810723
114.709, 476.564810914
114.769, 476.564805757
114.831, 476.564808538
114.891, 476.564802474
114.952, 476.564803647
115.012, 476.564801226
115.074, 476.564800885
115.137, 476.564796766
115.201, 476.564796812
115.261, 476.564796603
115.323, 476.564792761
115.386, 476.564790251
115.451, 476.564788911
115.517, 476.564788926
115.577, 476.564784326
115.638, 476.564783095
115.701, 476.564784690
115.761, 476.564786051
115.821, 476.564779528
115.883, 476.564777129
115.946, 476.564775871
116.01, 476.564774792
116.077, 476.564774656
116.145, 476.564769778
116.214, 476.564770800
116.274, 476.564768033
116.336, 476.564767673
116.399, 476.564767239
116.463, 476.564764187
116.53, 476.564761055
116.597, 476.564757345
116.667, 476.564755387
116.738, 476.564752891
116.811, 476.564750244
116.886, 476.564754125
116.946, 476.564746387
117.008, 476.564748904
117.068, 476.564747926
117.129, 476.564747449
117.192, 476.564744408
117.257, 476.564743751
117.323, 476.564740509
117.391, 476.564736050
117.461, 476.564736907
117.521, 476.564735464
117.582, 476.564730807
117.645, 476.564727139
117.71, 476.564725143
117.776, 476.564726711
117.836, 476.564726295
117.898, 476.564719682
117.961, 476.564723711
118.021, 476.564718165
118.082, 476.564717995
118.145, 476.564719608
118.205, 476.564718806
118.267, 476.564715375
118.33, 476.564710836
118.394, 476.564711708
118.454, 476.564708953
118.516, 476.564711001
118.576, 476.564705900
118.637, 476.564706507
118.697, 476.564703217
118.759, 476.564701564
118.822, 476.564702297
118.882, 476.564699703
118.943, 476.564697618
119.006, 476.564697836
119.066, 476.564694200
119.128, 476.564691489
119.191, 476.564691870
119.251, 476.564688321
119.312, 476.564683495
119.375, 476.564686668
119.435, 476.564683398
119.497, 476.564682320
119.56, 476.564680479
119.625, 476.564678973
119.691, 476.564676413
119.759, 476.564675924
119.828, 476.564673394
119.9, 476.564669953
119.973, 476.564667668
120.048, 476.564665288
120.125, 476.564664067
120.203, 476.564658557
120.284, 476.564660115
120.344, 476.564660909
120.404, 476.564659064
120.465, 476.564654768
120.528, 476.564658759
120.588, 476.564652818
120.65, 476.564650651
120.713, 476.564649198
120.778, 476.564646754
120.844, 476.564645560
120.912, 476.564642337
120.981, 476.564641380
121.053, 476.564637686
121.126, 476.564640711
121.186, 476.564637069
121.247, 476.564630720
121.31, 476.564635262
121.37, 476.564631637
121.432, 476.564627688
121.495, 476.564631346
121.555, 476.564627744
121.616, 476.564623383
121.679, 476.564621121
121.744, 476.564622280
121.804, 476.564617216
121.865, 476.564617455
121.925, 476.564614488
121.987, 476.564615591
122.047, 476.564615843
122.107, 476.564610716
122.168, 476.564608188
122.231, 476.564608295
122.291, 476.564605167
122.353, 476.564604063
122.416, 476.564604371
122.476, 476.564603413
122.538, 476.564599676
122.601, 476.564595945
122.665, 476.564595929
122.731, 476.564596434
122.791, 476.564593629
122.853, 476.564593242
122.916, 476.564588920
122.981, 476.564587687
123.047, 476.564587356
123.115, 476.564582201
123.184, 476.564582992
123.244, 476.564580817
123.306, 476.564578617
123.369, 476.564578431
123.433, 476.564574885
123.5, 476.564570108
123.568, 476.564571188
123.628, 476.564569732
123.689, 476.564567938
123.752, 476.564567021
123.817, 476.564567137
123.877, 476.564562545
123.938, 476.564562607
123.998, 476.564563335
124.058, 476.564559877
124.12, 476.564556652
124.183, 476.564557951
124.243, 476.564552527
124.304, 476.564550441
124.367, 476.564550164
124.432, 476.564546976
124.498, 476.564546595
124.566, 476.564549179
124.626, 476.564542777
124.687, 476.564541926
124.751, 476.564537705
124.815, 476.564537778
124.875, 476.564537498
124.937, 476.564538908
124.997, 476.564530911
125.058, 476.564530889
125.121, 476.564528638
125.186, 476.564527728
125.252, 476.564527088
125.32, 476.564526975
125.389, 476.564523043
125.461, 476.564521746
125.534, 476.564519487
125.609, 476.564520419
125.669, 476.564518977
125.73, 476.564514517
125.793, 476.564516604
125.853, 476.564511467
125.915, 476.564507034
125.978, 476.564510214
126.038, 476.564504740
126.099, 476.564508881
126.159, 476.564504810
126.221, 476.564499792
126.284, 476.564498876
126.349, 476.564496071
126.415, 476.564497318
126.475, 476.564497787
126.535, 476.564497515
126.596, 476.564491134
126.659, 476.564490657
126.724, 476.564488200
126.79, 476.564486495
126.858, 476.564482594
126.928, 476.564485415
126.988, 476.564481447
127.049, 476.564482205
127.109, 476.564472826
127.171, 476.564475508
127.231, 476.564478334
127.291, 476.564471301
127.352, 476.564472539
127.412, 476.564470414
127.474, 476.564467826
127.537, 476.564470013
127.597, 476.564467481
127.658, 476.564468626
127.718, 476.564462701
127.78, 476.564459230
127.843, 476.564460209
127.903, 476.564457309
127.964, 476.564454491
128.027, 476.564455436
128.087, 476.564451706
128.149, 476.564452161
128.209, 476.564446539
128.27, 476.564448131
128.33, 476.564445670
128.392, 476.564443899
128.455, 476.564441655
128.519, 476.564444173
128.579, 476.564442569
128.641, 476.564440874
128.704, 476.564436570
128.769, 476.564435972
128.835, 476.564430717
128.903, 476.564431723
128.963, 476.564427993
129.024, 476.564429428
129.084, 476.564424158
129.146, 476.564424951
129.206, 476.564425013
129.266, 476.564421272
129.327, 476.564420001
129.39, 476.564417866
129.455, 476.564419416
129.515, 476.564413377
129.576, 476.564413948
129.636, 476.564414743
129.696, 476.564408967
129.758, 476.564407948
129.821, 476.564405101
129.885, 476.564405551
129.945, 476.564404675
130.007, 476.564403586
130.07, 476.564400005
130.135, 476.564397412
130.201, 476.564396961
130.269, 476.564392315
130.338, 476.564395584
130.398, 476.564389220
130.46, 476.564384909
130.523, 476.564385495
130.583, 476.564382700
130.644, 476.564383261
130.704, 476.564381689
130.766, 476.564376845
130.829, 476.564380413
130.889, 476.564374376
130.95, 476.564377182
131.01, 476.564374039
131.072, 476.564373179
131.135, 476.564372911
131.2, 476.564368335
131.266, 476.564371151
131.326, 476.564366364
131.387, 476.564362498
131.45, 476.564365285
131.51, 476.564363353
131.572, 476.564362002
131.635, 476.564356737
131.699, 476.564358132
131.759, 476.564351996
131.821, 476.564355234
131.881, 476.564349560
131.942, 476.564352084
132.002, 476.564349026
132.064, 476.564347422
132.127, 476.564349779
132.187, 476.564343484
132.248, 476.564343434
132.312, 476.564342961
132.376, 476.564342919
132.442, 476.564335029
132.51, 476.564336122
132.57, 476.564335594
132.632, 476.564334444
132.695, 476.564329858
132.759, 476.564327315
132.826, 476.564322690
132.894, 476.564324768
132.954, 476.564324401
133.015, 476.564322502
133.078, 476.564316582
133.143, 476.564318157
133.203, 476.564316292
133.264, 476.564316902
133.324, 476.564313184
133.386, 476.564311394
133.449, 476.564310262
133.513, 476.564310153
133.58, 476.564307450
133.647, 476.564303574
133.717, 476.564301914
133.788, 476.564302473
133.848, 476.564298953
133.91, 476.564297119
133.973, 476.564296824
134.037, 476.564294456
134.104, 476.564293942
134.172, 476.564290855
134.241, 476.564291089
134.301, 476.564288414
134.363, 476.564287391
134.426, 476.564286897
134.49, 476.564285298
134.557, 476.564283097
134.624, 476.564279483
134.694, 476.564276153
134.765, 476.564277383
134.825, 476.564271709
134.887, 476.564272786
134.947, 476.564271528
135.008, 476.564268912
135.071, 476.564264526
135.136, 476.564267449
135.196, 476.564262675
135.257, 476.564264069
135.317, 476.564262146
135.379, 476.564256433
135.442, 476.564258492
135.502, 476.564255483
135.564, 476.564255743
135.624, 476.564251625
135.685, 476.564253835
135.745, 476.564248175
135.807, 476.564249909
135.867, 476.564244558
135.928, 476.564242633
135.991, 476.564242314
136.056, 476.564244379
136.116, 476.564237998
136.177, 476.564239459
136.237, 476.564237321
136.299, 476.564235214
136.362, 476.564234725
136.426, 476.564231444
136.493, 476.564230083
136.56, 476.564229229
136.63, 476.564225078
136.701, 476.564220850
136.774, 476.564220016
136.849, 476.564220281
136.909, 476.564219397
136.971, 476.564218614
137.034, 476.564216450
137.099, 476.564217118
137.159, 476.564214266
137.22, 476.564210655
137.283, 476.564208284
137.348, 476.564209283
137.408, 476.564203985
137.469, 476.564202811
137.532, 476.564201140
137.597, 476.564201614
137.657, 476.564198952
137.718, 476.564199632
137.778, 476.564196700
137.84, 476.564194242
137.903, 476.564193564
137.967, 476.564190750
138.034, 476.564190918
138.094, 476.564190525
138.155, 476.564187519
138.218, 476.564186845
138.283, 476.564185142
138.349, 476.564178284
138.417, 476.564179711
138.477, 476.564175462
138.538, 476.564175178
138.602, 476.564173357
138.666, 476.564173493
138.726, 476.564172495
138.788, 476.564166927
138.851, 476.564167798
138.911, 476.564166854
138.972, 476.564166981
139.032, 476.564163788
139.094, 476.564163333
139.157, 476.564161544
139.221, 476.564159339
139.288, 476.564155970
139.355, 476.564155496
139.425, 476.564150894
139.496, 476.564153397
139.556, 476.564152330
139.618, 476.564147630
139.681, 476.564148433
139.741, 476.564145797
139.802, 476.564143954
139.865, 476.564143695
139.93, 476.564137482
139.996, 476.564136623
140.064, 476.564135426
140.134, 476.564134509
140.205, 476.564129020
140.278, 476.564130710
140.338, 476.564128506
140.4, 476.564129915
140.46, 476.564126782
140.521, 476.564123363
140.584, 476.564121684
140.649, 476.564122308
140.709, 476.564118156
140.77, 476.564120272
140.83, 476.564113126
140.892, 476.564111298
140.955, 476.564117044
141.015, 476.564113167
141.076, 476.564109911
141.139, 476.564108110
141.204, 476.564107279
141.27, 476.564106145
141.338, 476.564100600
141.408, 476.564099743
141.479, 476.564096485
141.552, 476.564096332
141.627, 476.564096798
141.687, 476.564093557
141.749, 476.564088713
141.812, 476.564088319
141.876, 476.564089699
141.936, 476.564089991
141.996, 476.564085775
142.058, 476.564084987
142.121, 476.564087157
142.181, 476.564081045
142.242, 476.564076755
142.305, 476.564080110
142.365, 476.564075260
142.427, 476.564077083
142.487, 476.564071211
142.548, 476.564071091
142.611, 476.564070877
142.676, 476.564069931
142.742, 476.564067202
142.81, 476.564064490
142.88, 476.564066382
142.94, 476.564059126
143.001, 476.564060042
143.061, 476.564059042
143.123, 476.564053443
143.186, 476.564055014
143.246, 476.564054169
143.307, 476.564051704
143.37, 476.564050635
143.435, 476.564043590
143.501, 476.564046389
143.561, 476.564041535
143.623, 476.564042204
143.683, 476.564042487
143.743, 476.564040351
143.804, 476.564034820
143.867, 476.564034975
143.927, 476.564033211
143.989, 476.564028606
144.052, 476.564033346
144.112, 476.564030664
144.173, 476.564030187
144.236, 476.564032066
144.296, 476.564024467
144.358, 476.564021837
144.421, 476.564020982
144.485, 476.564022407
144.545, 476.564020187
144.607, 476.564020005
144.67, 476.564013099
144.734, 476.564016401
144.794, 476.564011876
144.856, 476.564010279
144.919, 476.564008327
144.984, 476.564006937
145.05, 476.564006181
145.118, 476.564002064
145.187, 476.563999407
145.259, 476.564001355
145.319, 476.564000395
145.38, 476.563996266
145.443, 476.563994723
145.508, 476.563994852
145.568, 476.563988789
145.629, 476.563991101
145.689, 476.563985494
145.751, 476.563985857
145.811, 476.563987174
145.871, 476.563985566
145.932, 476.563981367
145.995, 476.563978497
146.06, 476.563976834
146.126, 476.563979174
146.186, 476.563978296
146.248, 476.563971724
146.311, 476.563970739
146.375, 476.563967220
146.442, 476.563967698
146.502, 476.563967932
146.562, 476.563967821
146.623, 476.563964071
146.686, 476.563965721
146.746, 476.563963766
146.808, 476.563956359
146.871, 476.563958483
146.931, 476.563957144
146.992, 476.563956231
147.055, 476.563955064
147.12, 476.563954073
147.186, 476.563951172
147.254, 476.563949613
147.323, 476.563946878
147.395, 476.563943456
147.468, 476.563938794
147.543, 476.563941013
147.603, 476.563937685
147.664, 476.563939178
147.724, 476.563936823
147.786, 476.563932964
147.849, 476.563930594
147.913, 476.563929631
147.98, 476.563927613
148.048, 476.563927796
148.108, 476.563923081
148.169, 476.563922280
148.232, 476.563921481
148.297, 476.563921549
148.357, 476.563919529
148.418, 476.563918904
148.481, 476.563917811
148.546, 476.563911021
148.612, 476.563912454
148.672, 476.563907668
148.734, 476.563907015
148.797, 476.563906080
148.861, 476.563907523
148.921, 476.563903215
148.983, 476.563903417
149.043, 476.563900072
149.104, 476.563901002
149.164, 476.563899757
149.226, 476.563895983
149.289, 476.563893560
149.353, 476.563892826
149.42, 476.563888401
149.488, 476.563891352
149.548, 476.563891023
149.609, 476.563883832
149.672, 476.563884683
149.732, 476.563882340
149.794, 476.563885191
149.854, 476.563881069
149.915, 476.563876863
149.978, 476.563876792
150.043, 476.563877293
150.103, 476.563871393
150.164, 476.563873806
150.224, 476.563869427
150.286, 476.563865792
150.349, 476.563864945
150.413, 476.563866008
150.473, 476.563868149
150.533, 476.563862095
150.595, 476.563861388
150.658, 476.563859211
150.722, 476.563855753
150.789, 476.563856521
150.849, 476.563853064
150.91, 476.563851491
150.973, 476.563850645
151.038, 476.563851287
151.098, 476.563848593
151.159, 476.563842683
151.222, 476.563843179
151.282, 476.563843344
151.342, 476.563836339
151.404, 476.563842042
151.464, 476.563838192
151.525, 476.563835847
151.588, 476.563835642
151.653, 476.563833551
151.719, 476.563833596
151.779, 476.563828708
151.841, 476.563828478
151.904, 476.563826289
151.968, 476.563822211
152.035, 476.563823205
152.095, 476.563820793
152.156, 476.563818410
152.219, 476.563813354
152.284, 476.563819655
152.344, 476.563813486
152.405, 476.563813030
152.468, 476.563812462
152.533, 476.563806273
152.599, 476.563805183
152.667, 476.563808221
152.727, 476.563807384
152.789, 476.563802517
152.852, 476.563801964
152.916, 476.563795159
152.982, 476.563798188
153.042, 476.563797624
153.104, 476.563795861
153.167, 476.563793237
153.232, 476.563795001
153.292, 476.563785430
153.353, 476.563784881
153.416, 476.563786917
153.476, 476.563784336
153.538, 476.563782919
153.601, 476.563786299
153.661, 476.563780372
153.722, 476.563781730
153.782, 476.563778113
153.844, 476.563777927
153.907, 476.563776321
153.971, 476.563774344
154.038, 476.563767162
154.105, 476.563770830
154.165, 476.563764246
154.227, 476.563766771
154.287, 476.563763024
154.348, 476.563764447
154.408, 476.563761201
154.47, 476.563761733
154.53, 476.563758513
154.591, 476.563756308
154.654, 476.563755112
154.719, 476.563752311
154.785, 476.563748179
154.853, 476.563744967
154.923, 476.563745264
154.983, 476.563748770
155.043, 476.563746131
155.104, 476.563741335
155.167, 476.563743307
155.227, 476.563737470
155.289, 476.563744286
155.349, 476.563737779
155.41, 476.563733569
155.473, 476.563736910
155.533, 476.563729398
155.595, 476.563732001
155.655, 476.563732633
155.715, 476.563728069
155.776, 476.563724254
155.839, 476.563725586
155.899, 476.563725346
155.961, 476.563722251
156.024, 476.563721858
156.089, 476.563718801
156.155, 476.563716284
156.223, 476.563712742
156.292, 476.563715977
156.352, 476.563708092
156.414, 476.563713468
156.474, 476.563703378
156.535, 476.563705446
156.595, 476.563703122
156.657, 476.563702957
156.72, 476.563701512
156.784, 476.563695731
156.851, 476.563693006
156.919, 476.563693089
156.979, 476.563691238
157.04, 476.563692252
157.1, 476.563689914
157.162, 476.563689919
157.222, 476.563686843
157.283, 476.563683575
157.346, 476.563681979
157.411, 476.563681333
157.477, 476.563680021
157.545, 476.563678284
157.614, 476.563678928
157.674, 476.563676026
157.736, 476.563676561
157.796, 476.563670354
157.857, 476.563673321
157.917, 476.563670656
157.979, 476.563669523
158.042, 476.563668130
158.107, 476.563664915
158.173, 476.563663188
158.241, 476.563663893
158.301, 476.563658097
158.362, 476.563662682
158.422, 476.563657019
158.484, 476.563655692
158.547, 476.563653767
158.611, 476.563651299
158.678, 476.563649562
158.745, 476.563644734
158.815, 476.563648886
158.875, 476.563647527
158.936, 476.563642607
159, 476.563642551
159.064, 476.563639252
159.13, 476.563639897
159.19, 476.563635631
159.252, 476.563633753
159.315, 476.563632893
159.38, 476.563631187
159.446, 476.563630032
159.514, 476.563625406
159.583, 476.563626584
159.643, 476.563625556
159.705, 476.563626700
159.765, 476.563622199
159.826, 476.563622028
159.889, 476.563618753
159.954, 476.563618629
160.02, 476.563611183
160.088, 476.563615777
160.148, 476.563610937
160.209, 476.563612073
160.269, 476.563606143
160.331, 476.563608843
160.391, 476.563606091
160.452, 476.563603831
160.516, 476.563603330
160.58, 476.563597529
160.646, 476.563595763
160.714, 476.563600554
160.774, 476.563597182
160.836, 476.563590252
160.899, 476.563591592
160.959, 476.563589950
161.02, 476.563591113
161.08, 476.563588171
161.142, 476.563585004
161.205, 476.563582849
161.269, 476.563578304
161.336, 476.563577602
161.404, 476.563575348
161.473, 476.563573301
161.544, 476.563571774
161.618, 476.563572655
161.678, 476.563568532
161.739, 476.563573189
161.799, 476.563564230
161.861, 476.563569131
161.921, 476.563563829
161.982, 476.563564010
162.042, 476.563564213
162.102, 476.563559616
162.164, 476.563557320
162.227, 476.563559301
162.287, 476.563553802
162.348, 476.563554409
162.408, 476.563549775
162.47, 476.563551579
162.53, 476.563545723
162.591, 476.563544797
162.654, 476.563548697
162.714, 476.563549252
162.774, 476.563545420
162.836, 476.563542656
162.899, 476.563537750
162.963, 476.563538137
163.023, 476.563536102
163.085, 476.563537525
163.145, 476.563528106
163.206, 476.563527863
163.269, 476.563529868
163.329, 476.563523269
163.391, 476.563525543
163.451, 476.563523579
163.512, 476.563519513
163.575, 476.563522086
163.635, 476.563519420
163.697, 476.563516331
163.76, 476.563519200
163.82, 476.563516238
163.881, 476.563516530
163.941, 476.563515834
164.003, 476.563514024
164.066, 476.563514052
164.126, 476.563507315
164.187, 476.563506962
164.25, 476.563504550
164.315, 476.563504183
164.381, 476.563501756
164.449, 476.563500709
164.519, 476.563498045
164.59, 476.563494803
164.663, 476.563492359
164.738, 476.563487435
164.815, 476.563491870
164.875, 476.563491284
164.936, 476.563489501
164.999, 476.563485895
165.064, 476.563483044
165.13, 476.563483745
165.19, 476.563481564
165.252, 476.563476914
165.315, 476.563478650
165.375, 476.563475490
165.436, 476.563475032
165.499, 476.563473497
165.564, 476.563472390
165.63, 476.563468082
165.698, 476.563466791
165.768, 476.563466306
165.839, 476.563464915
165.912, 476.563463964
165.987, 476.563460424
166.064, 476.563458757
166.143, 476.563455801
166.223, 476.563450515
166.306, 476.563449732
166.391, 476.563448244
166.478, 476.563447849
166.567, 476.563447656
166.658, 476.563441558
166.752, 476.563439612
166.848, 476.563438549
166.946, 476.563435610
167.047, 476.563433483
167.15, 476.563431014
167.256, 476.563428139
167.364, 476.563424809
167.476, 476.563425574
167.536, 476.563416386
167.597, 476.563416945
167.657, 476.563412751
167.719, 476.563410885
167.782, 476.563416801
167.842, 476.563412330
167.903, 476.563412980
167.963, 476.563409290
168.025, 476.563408992
168.088, 476.563404805
168.152, 476.563406889
168.212, 476.563398734
168.274, 476.563399371
168.334, 476.563392444
168.395, 476.563396395
168.455, 476.563394818
168.517, 476.563396846
168.577, 476.563392342
168.638, 476.563391285
168.701, 476.563390865
168.766, 476.563389223
168.832, 476.563386563
168.9, 476.563388570
168.96, 476.563380999
169.022, 476.563379314
169.085, 476.563381918
169.145, 476.563377293
169.206, 476.563376141
169.269, 476.563373293
169.334, 476.563373600
169.394, 476.563371232
169.455, 476.563368865
169.518, 476.563368555
169.583, 476.563367914
169.649, 476.563364330
169.717, 476.563359817
169.787, 476.563357679
169.858, 476.563357686
169.918, 476.563354654
169.979, 476.563360712
170.039, 476.563355802
170.101, 476.563355778
170.164, 476.563348652
170.229, 476.563350270
170.289, 476.563350532
170.349, 476.563352529
170.409, 476.563345056
170.47, 476.563345803
170.53, 476.563344038
170.592, 476.563339368
170.655, 476.563339206
170.719, 476.563334514
170.785, 476.563334761
170.845, 476.563332527
170.907, 476.563334826
170.967, 476.563329502
171.028, 476.563329363
171.091, 476.563325404
171.156, 476.563324817
171.222, 476.563322237
171.29, 476.563323637
171.35, 476.563320504
171.412, 476.563321514
171.472, 476.563319272
171.533, 476.563315879
171.596, 476.563317564
171.656, 476.563309988
171.718, 476.563313339
171.778, 476.563310471
171.839, 476.563308354
171.902, 476.563306259
171.967, 476.563303125
172.033, 476.563304563
172.093, 476.563295847
172.155, 476.563301871
172.215, 476.563299423
172.276, 476.563298765
172.339, 476.563297314
172.404, 476.563294225
172.47, 476.563286896
172.538, 476.563291117
172.598, 476.563288615
172.659, 476.563285709
172.722, 476.563287182
172.782, 476.563283327
172.844, 476.563279658
172.907, 476.563281036
172.967, 476.563279441
173.028, 476.563276523
173.091, 476.563275016
173.156, 476.563272657
173.222, 476.563270892
173.29, 476.563268219
173.36, 476.563272019
173.42, 476.563264592
173.481, 476.563264468
173.544, 476.563266249
173.604, 476.563262630
173.666, 476.563262146
173.729, 476.563258629
173.793, 476.563258105
173.86, 476.563257962
173.928, 476.563252016
173.997, 476.563253733
174.057, 476.563246115
174.119, 476.563244933
174.182, 476.563245992
174.242, 476.563243978
174.303, 476.563244978
174.363, 476.563240955
174.425, 476.563238407
174.488, 476.563239396
174.548, 476.563237486
174.609, 476.563236814
174.672, 476.563238523
174.732, 476.563238698
174.792, 476.563234366
174.854, 476.563230961
174.917, 476.563228381
174.981, 476.563227040
175.048, 476.563224860
175.116, 476.563226007
175.176, 476.563221133
175.237, 476.563221512
175.297, 476.563220473
175.359, 476.563218021
175.422, 476.563214957
175.486, 476.563213778
175.552, 476.563211001
175.62, 476.563210331
175.69, 476.563205061
175.761, 476.563205674
175.821, 476.563205289
175.883, 476.563202493
175.946, 476.563200946
176.01, 476.563203664
176.07, 476.563200445
176.132, 476.563199639
176.195, 476.563194989
176.259, 476.563192580
176.326, 476.563186481
176.394, 476.563190619
176.454, 476.563187554
176.515, 476.563187683
176.575, 476.563185060
176.637, 476.563186649
176.697, 476.563183123
176.758, 476.563179173
176.821, 476.563181445
176.881, 476.563175843
176.943, 476.563176653
177.003, 476.563175329
177.064, 476.563171515
177.127, 476.563172984
177.187, 476.563171624
177.249, 476.563167738
177.312, 476.563167301
177.376, 476.563161584
177.443, 476.563159752
177.51, 476.563162066
177.57, 476.563159829
177.632, 476.563159532
177.695, 476.563154352
177.76, 476.563154563
177.82, 476.563151083
177.881, 476.563151412
177.941, 476.563145810
178.003, 476.563149815
178.063, 476.563145758
178.124, 476.563144122
178.187, 476.563147052
178.247, 476.563140587
178.309, 476.563139033
178.372, 476.563140665
178.432, 476.563136983
178.493, 476.563137631
178.553, 476.563130440
178.615, 476.563129815
178.678, 476.563127628
178.742, 476.563129268
178.802, 476.563129643
178.862, 476.563130299
178.922, 476.563127869
178.984, 476.563125477
179.047, 476.563120672
179.111, 476.563118492
179.178, 476.563121179
179.238, 476.563116658
179.299, 476.563113577
179.362, 476.563112760
179.427, 476.563112381
179.493, 476.563110575
179.561, 476.563109584
179.631, 476.563110823
179.691, 476.563104355
179.752, 476.563109306
179.812, 476.563103590
179.874, 476.563101129
179.937, 476.563100333
180.001, 476.563099113
180.067, 476.563093844
180.135, 476.563094016
180.195, 476.563092022
180.257, 476.563091073
180.32, 476.563085263
180.384, 476.563087053
180.444, 476.563083117
180.506, 476.563082583
180.569, 476.563084370
180.629, 476.563081083
180.69, 476.563081495
180.75, 476.563080695
180.812, 476.563078226
180.875, 476.563072929
180.94, 476.563070472
181.006, 476.563073068
181.066, 476.563072787
181.127, 476.563068460
181.19, 476.563069629
181.25, 476.563066231
181.312, 476.563066208
181.375, 476.563062765
181.44, 476.563059689
181.506, 476.563055020
181.574, 476.563057079
181.634, 476.563054270
181.695, 476.563054796
181.755, 476.563050326
181.817, 476.563053481
181.877, 476.563048441
181.938, 476.563045430
182.001, 476.563045287
182.066, 476.563042795
182.132, 476.563042754
182.2, 476.563039740
182.27, 476.563035526
182.341, 476.563035406
182.414, 476.563036317
182.474, 476.563034055
182.535, 476.563032793
182.598, 476.563030693
182.663, 476.563024413
182.729, 476.563030195
182.789, 476.563023834
182.851, 476.563026037
182.911, 476.563026389
182.971, 476.563019581
183.032, 476.563021973
183.092, 476.563019197
183.154, 476.563018814
183.217, 476.563014921
183.281, 476.563008329
183.348, 476.563014239
183.408, 476.563010429
183.469, 476.563010447
183.529, 476.563008167
183.591, 476.563009175
183.651, 476.563003042
183.712, 476.563002881
183.775, 476.562998244
183.84, 476.562996870
183.906, 476.562997548
183.966, 476.562993588
184.028, 476.562992156
184.091, 476.562994509
184.151, 476.562988665
184.212, 476.562989744
184.272, 476.562984706
184.334, 476.562989119
184.394, 476.562984072
184.455, 476.562983724
184.518, 476.562983791
184.578, 476.562979397
184.64, 476.562979203
184.703, 476.562976914
184.767, 476.562976289
184.834, 476.562973389
184.901, 476.562972120
184.971, 476.562968043
185.042, 476.562970033
185.102, 476.562966965
185.164, 476.562962848
185.227, 476.562960286
185.291, 476.562960861
185.351, 476.562957810
185.413, 476.562958521
185.473, 476.562957852
185.534, 476.562954949
185.598, 476.562953406
185.662, 476.562952249
185.728, 476.562950045
185.796, 476.562948325
185.866, 476.562943875
185.937, 476.562944891
185.997, 476.562941247
186.059, 476.562942373
186.119, 476.562939829
186.18, 476.562939126
186.243, 476.562935250
186.308, 476.562933070
186.374, 476.562933183
186.434, 476.562928852
186.496, 476.562931314
186.556, 476.562931482
186.616, 476.562926943
186.677, 476.562926628
186.74, 476.562928750
186.8, 476.562923083
186.862, 476.562921919
186.925, 476.562921375
186.989, 476.562917305
187.055, 476.562917788
187.115, 476.562915223
187.177, 476.562917493
187.237, 476.562907980
187.298, 476.562912822
187.358, 476.562910854
187.42, 476.562909259
187.483, 476.562905245
187.548, 476.562908003
187.608, 476.562900362
187.669, 476.562899973
187.732, 476.562900680
187.792, 476.562897258
187.854, 476.562895184
187.917, 476.562893255
187.981, 476.562891145
188.048, 476.562890992
188.115, 476.562888029
188.185, 476.562885394
188.256, 476.562885112
188.329, 476.562882363
188.404, 476.562882842
188.464, 476.562878788
188.526, 476.562879016
188.586, 476.562873528
188.647, 476.562878016
188.707, 476.562873949
188.769, 476.562870057
188.832, 476.562867770
188.896, 476.562866937
188.963, 476.562866118
189.031, 476.562866386
189.091, 476.562868080
189.151, 476.562860135
189.212, 476.562861640
189.272, 476.562861644
189.332, 476.562855612
189.394, 476.562853416
189.457, 476.562855381
189.517, 476.562848507
189.578, 476.562853311
189.638, 476.562847251
189.7, 476.562847419
189.76, 476.562850824
189.82, 476.562841249
189.881, 476.562842266
189.941, 476.562841360
190.003, 476.562841077
190.066, 476.562840599
190.13, 476.562836003
190.197, 476.562833189
190.264, 476.562836202
190.324, 476.562830510
190.386, 476.562830289
190.449, 476.562830520
190.509, 476.562828530
190.57, 476.562822561
190.633, 476.562824299
190.693, 476.562823469
190.755, 476.562820868
190.818, 476.562822742
190.878, 476.562820393
190.94, 476.562816259
191.003, 476.562815296
191.067, 476.562812748
191.133, 476.562810717
191.201, 476.562810952
191.261, 476.562806269
191.323, 476.562802789
191.386, 476.562806422
191.446, 476.562806521
191.506, 476.562803354
191.567, 476.562801501
191.63, 476.562800564
191.695, 476.562797255
191.761, 476.562794606
191.829, 476.562796434
191.889, 476.562790379
191.951, 476.562789082
192.014, 476.562791653
192.074, 476.562783058
192.135, 476.562782819
192.198, 476.562783765
192.258, 476.562782337
192.32, 476.562783273
192.38, 476.562779097
192.441, 476.562775947
192.504, 476.562777591
192.564, 476.562771755
192.626, 476.562772855
192.686, 476.562771818
192.747, 476.562771047
192.81, 476.562773729
192.87, 476.562766545
192.932, 476.562766440
192.995, 476.562765619
193.059, 476.562763348
193.126, 476.562759178
193.193, 476.562759022
193.263, 476.562752931
193.334, 476.562754294
193.394, 476.562750798
193.456, 476.562750847
193.516, 476.562749709
193.577, 476.562749382
193.64, 476.562749385
193.7, 476.562741656
193.762, 476.562742133
193.822, 476.562740118
193.883, 476.562742301
193.943, 476.562734702
194.005, 476.562740000
194.065, 476.562735353
194.126, 476.562732238
194.189, 476.562734062
194.249, 476.562731517
194.311, 476.562734142
194.371, 476.562729117
194.432, 476.562730833
194.492, 476.562723826
194.554, 476.562724226
194.614, 476.562719765
194.675, 476.562717983
194.739, 476.562717577
194.803, 476.562719256
194.863, 476.562716999
194.925, 476.562714882
194.988, 476.562714612
195.052, 476.562712528
195.118, 476.562711840
195.186, 476.562707944
195.256, 476.562705289
195.327, 476.562703227
195.4, 476.562702299
195.475, 476.562702283
195.552, 476.562697440
195.631, 476.562698485
195.691, 476.562692981
195.752, 476.562692750
195.815, 476.562690959
195.88, 476.562686910
195.946, 476.562686688
196.014, 476.562685917
196.084, 476.562683025
196.155, 476.562682662
196.228, 476.562681342
196.303, 476.562680167
196.38, 476.562680433
196.44, 476.562676587
196.501, 476.562671716
196.564, 476.562670987
196.629, 476.562666484
196.695, 476.562667378
196.755, 476.562663523
196.817, 476.562664881
196.877, 476.562662757
196.938, 476.562662740
197.001, 476.562659518
197.066, 476.562656465
197.132, 476.562654447
197.2, 476.562654410
197.27, 476.562653483
197.341, 476.562651924
197.414, 476.562651070
197.489, 476.562648929
197.566, 476.562646464
197.644, 476.562642105
197.725, 476.562639177
197.808, 476.562638170
197.893, 476.562635713
197.98, 476.562634237
198.069, 476.562635993
198.129, 476.562635077
198.19, 476.562636945
198.25, 476.562630057
198.312, 476.562628568
198.375, 476.562626491
198.439, 476.562624219
198.506, 476.562623407
198.573, 476.562622395
198.643, 476.562619753
198.714, 476.562614628
198.787, 476.562615127
198.847, 476.562613182
198.909, 476.562610686
198.972, 476.562607292
199.037, 476.562605757
199.103, 476.562608707
199.163, 476.562606547
199.224, 476.562600697
199.287, 476.562603866
199.347, 476.562600196
199.409, 476.562600482
199.469, 476.562595670
199.53, 476.562598144
199.59, 476.562595386
199.652, 476.562594142
199.715, 476.562590846
199.779, 476.562587621
199.846, 476.562587326
199.914, 476.562586681
199.983, 476.562585524
200.054, 476.562586341
200.114, 476.562580879
200.176, 476.562577668
200.239, 476.562577932
200.299, 476.562576871
200.361, 476.562574055
200.424, 476.562573883
200.488, 476.562571104
200.554, 476.562564899
200.622, 476.562567290
200.682, 476.562565605
200.744, 476.562565366
200.807, 476.562561972
200.871, 476.562560307
200.938, 476.562559885
201.006, 476.562557308
201.075, 476.562554430
201.146, 476.562549133
201.22, 476.562552720
201.28, 476.562550853
201.341, 476.562547876
201.404, 476.562544405
201.469, 476.562543767
201.535, 476.562544150
201.595, 476.562543744
201.656, 476.562539815
201.719, 476.562543055
201.779, 476.562540630
201.841, 476.562540561
201.904, 476.562534016
201.969, 476.562532064
202.035, 476.562532694
202.095, 476.562531542
202.156, 476.562527920
202.219, 476.562528789
202.279, 476.562526145
202.341, 476.562522022
202.404, 476.562522124
202.464, 476.562519600
202.525, 476.562518767
202.588, 476.562515890
202.653, 476.562511705
202.719, 476.562512081
202.779, 476.562514410
202.839, 476.562513829
202.901, 476.562509617
202.964, 476.562509661
203.024, 476.562510876
203.084, 476.562499337
203.145, 476.562503045
203.205, 476.562502863
203.267, 476.562499328
203.33, 476.562505050
203.39, 476.562500410
203.451, 476.562500388
203.514, 476.562494615
203.579, 476.562491696
203.645, 476.562492160
203.705, 476.562486049
203.767, 476.562486204
203.827, 476.562485315
203.888, 476.562483828
203.951, 476.562482144
204.016, 476.562481269
204.082, 476.562478811
204.15, 476.562478538
204.22, 476.562473338
204.291, 476.562470657
204.364, 476.562471081
204.424, 476.562472354
204.484, 476.562469568
204.546, 476.562467939
204.609, 476.562465913
204.673, 476.562462625
204.739, 476.562461594
204.807, 476.562463838
204.867, 476.562463098
204.929, 476.562460249
204.992, 476.562459266
205.056, 476.562455593
205.123, 476.562449756
205.191, 476.562449419
205.26, 476.562452336
205.32, 476.562445733
205.382, 476.562446116
205.442, 476.562443198
205.503, 476.562446646
205.563, 476.562439420
205.625, 476.562439948
205.685, 476.562437894
205.746, 476.562436739
205.809, 476.562436442
205.874, 476.562434923
205.94, 476.562432764
206.008, 476.562433143
206.068, 476.562426422
206.129, 476.562424885
206.192, 476.562422143
206.257, 476.562425601
206.317, 476.562426511
206.377, 476.562420033
206.439, 476.562420659
206.499, 476.562422483
206.559, 476.562420330
206.62, 476.562415726
206.683, 476.562416394
206.743, 476.562410238
206.805, 476.562411013
206.865, 476.562408556
206.926, 476.562407424
206.989, 476.562406241
207.054, 476.562401491
207.12, 476.562401635
207.18, 476.562397908
207.241, 476.562397265
207.305, 476.562400429
207.365, 476.562396960
207.426, 476.562397403
207.486, 476.562388439
207.548, 476.562390218
207.608, 476.562387908
207.669, 476.562389605
207.729, 476.562389691
207.789, 476.562385266
207.851, 476.562382419
207.914, 476.562379950
207.978, 476.562379127
208.044, 476.562377645
208.112, 476.562376513
208.182, 476.562372845
208.253, 476.562375419
208.313, 476.562371006
208.375, 476.562373867
208.435, 476.562367333
208.496, 476.562366063
208.559, 476.562370524
208.619, 476.562363236
208.681, 476.562361141
208.744, 476.562360300
208.808, 476.562357372
208.875, 476.562357239
208.942, 476.562358377
209.002, 476.562352454
209.064, 476.562353100
209.124, 476.562350031
209.185, 476.562348217
209.249, 476.562346178
209.313, 476.562344606
209.379, 476.562343645
209.447, 476.562340162
209.517, 476.562338226
209.588, 476.562338537
209.648, 476.562333887
209.71, 476.562336689
209.77, 476.562332080
209.831, 476.562333871
209.891, 476.562330106
209.953, 476.562329790
210.016, 476.562327779
210.08, 476.562327186
210.147, 476.562325661
210.214, 476.562326109
210.274, 476.562319220
210.336, 476.562320691
210.396, 476.562319692
210.457, 476.562318126
210.52, 476.562315238
210.585, 476.562314278
210.651, 476.562313135
210.719, 476.562310150
210.789, 476.562306805
210.86, 476.562307134
210.92, 476.562302714
210.982, 476.562306962
211.042, 476.562298756
211.103, 476.562300278
211.163, 476.562297694
211.225, 476.562299723
211.285, 476.562297367
211.346, 476.562298952
211.406, 476.562293442
211.468, 476.562289647
211.531, 476.562288200
211.595, 476.562290079
211.655, 476.562290016
211.717, 476.562288447
211.78, 476.562284753
211.844, 476.562283651
211.911, 476.562279611
211.978, 476.562277244
212.048, 476.562275210
212.119, 476.562271157
212.192, 476.562271075
212.267, 476.562272215
212.327, 476.562268787
212.389, 476.562266508
212.452, 476.562265774
212.517, 476.562263129
212.583, 476.562264443
212.643, 476.562258530
212.704, 476.562260632
212.764, 476.562257921
212.826, 476.562259942
212.886, 476.562254634
212.947, 476.562253181
213.01, 476.562251785
213.075, 476.562250461
213.141, 476.562249438
213.209, 476.562248955
213.279, 476.562247573
213.35, 476.562242687
213.423, 476.562242324
213.498, 476.562240575
213.575, 476.562240361
213.654, 476.562233732
213.734, 476.562235465
213.794, 476.562233904
213.856, 476.562234709
213.916, 476.562225539
213.977, 476.562227047
214.037, 476.562227511
214.097, 476.562225340
214.159, 476.562224870
214.222, 476.562220591
214.286, 476.562218657
214.353, 476.562217467
214.42, 476.562217385
214.49, 476.562213980
214.561, 476.562214651
214.621, 476.562208431
214.683, 476.562212112
214.743, 476.562206814
214.804, 476.562206838
214.864, 476.562205597
214.926, 476.562202707
214.989, 476.562201743
215.054, 476.562199082
215.12, 476.562198725
215.188, 476.562198596
215.257, 476.562196328
215.329, 476.562194286
215.402, 476.562192411
215.477, 476.562188021
215.553, 476.562185146
215.632, 476.562186878
215.692, 476.562184242
215.754, 476.562183399
215.817, 476.562180312
215.881, 476.562177745
215.948, 476.562177009
216.015, 476.562177545
216.075, 476.562170880
216.137, 476.562174189
216.197, 476.562171505
216.258, 476.562169600
216.321, 476.562165521
216.386, 476.562165737
216.446, 476.562165118
216.508, 476.562162083
216.571, 476.562163044
216.631, 476.562161282
216.692, 476.562158478
216.755, 476.562158959
216.815, 476.562154226
216.877, 476.562152991
216.94, 476.562151022
217.004, 476.562150405
217.071, 476.562146641
217.138, 476.562150298
217.198, 476.562142368
217.26, 476.562143816
217.32, 476.562141820
217.381, 476.562140758
217.444, 476.562141059
217.504, 476.562137451
217.566, 476.562132747
217.629, 476.562134943
217.689, 476.562133042
217.75, 476.562131829
217.814, 476.562127497
217.878, 476.562126805
217.944, 476.562127566
218.004, 476.562125629
218.066, 476.562125993
218.126, 476.562122817
218.187, 476.562121125
218.25, 476.562120053
218.315, 476.562116140
218.381, 476.562114290
218.449, 476.562113978
218.519, 476.562112043
218.59, 476.562108347
218.663, 476.562108549
218.723, 476.562102421
218.785, 476.562104752
218.845, 476.562100300
218.906, 476.562099239
218.969, 476.562101450
219.029, 476.562097219
219.091, 476.562099110
219.151, 476.562096066
219.212, 476.562093077
219.275, 476.562094714
219.335, 476.562086261
219.397, 476.562087568
219.457, 476.562085872
219.518, 476.562086941
219.578, 476.562088240
219.638, 476.562085389
219.7, 476.562081625
219.763, 476.562082022
219.823, 476.562080710
219.884, 476.562076311
219.947, 476.562074142
220.012, 476.562074911
220.072, 476.562070192
220.133, 476.562068541
220.196, 476.562070168
220.256, 476.562068091
220.318, 476.562062565
220.381, 476.562059045
220.446, 476.562062376
220.506, 476.562060467
220.567, 476.562061854
220.627, 476.562059037
220.689, 476.562058596
220.752, 476.562055010
220.816, 476.562054084
220.882, 476.562053938
220.95, 476.562050900
221.02, 476.562047379
221.091, 476.562047879
221.151, 476.562046896
221.213, 476.562042927
221.276, 476.562043053
221.336, 476.562039218
221.397, 476.562040521
221.457, 476.562036718
221.519, 476.562033829
221.582, 476.562034066
221.642, 476.562035046
221.702, 476.562031146
221.763, 476.562033030
221.823, 476.562029922
221.885, 476.562027401
221.948, 476.562024191
222.012, 476.562021732
222.079, 476.562019405
222.147, 476.562019885
222.207, 476.562018151
222.268, 476.562017094
222.331, 476.562015193
222.396, 476.562011575
222.462, 476.562012276
222.522, 476.562010686
222.583, 476.562010056
222.646, 476.562013350
222.706, 476.562005428
222.768, 476.562003514
222.831, 476.562004540
222.891, 476.562003532
222.953, 476.561996959
223.016, 476.562002243
223.076, 476.561993195
223.137, 476.561995058
223.197, 476.561992145
223.259, 476.561992826
223.319, 476.561989212
223.38, 476.561992841
223.44, 476.561984181
223.502, 476.561988033
223.562, 476.561980641
223.623, 476.561985106
223.683, 476.561982672
223.745, 476.561978840
223.808, 476.561975783
223.872, 476.561973249
223.938, 476.561976814
223.998, 476.561973360
224.06, 476.561973184
224.123, 476.561967517
224.188, 476.561967550
224.248, 476.561967240
224.309, 476.561961800
224.372, 476.561962904
224.432, 476.561958534
224.494, 476.561961830
224.554, 476.561955534
224.615, 476.561956642
224.675, 476.561954516
224.737, 476.561955769
224.797, 476.561954405
224.858, 476.561953371
224.921, 476.561947780
224.986, 476.561951104
225.046, 476.561945139
225.107, 476.561943693
225.17, 476.561941622
225.235, 476.561939920
225.301, 476.561941187
225.361, 476.561937316
225.423, 476.561937653
225.483, 476.561936646
225.544, 476.561930921
225.607, 476.561933553
225.667, 476.561931562
225.729, 476.561932709
225.789, 476.561925990
225.85, 476.561926368
225.91, 476.561926047
225.972, 476.561923810
226.035, 476.561920561
226.099, 476.561923196
226.159, 476.561921694
226.221, 476.561916439
226.284, 476.561915852
226.349, 476.561913263
226.415, 476.561910487
226.483, 476.561907862
226.552, 476.561905789
226.624, 476.561911373
226.684, 476.561904837
226.745, 476.561902101
226.808, 476.561902501
226.868, 476.561898813
226.93, 476.561901138
226.99, 476.561897850
227.051, 476.561890016
227.114, 476.561896433
227.174, 476.561894646
227.236, 476.561892486
227.299, 476.561893431
227.359, 476.561889922
227.42, 476.561887931
227.483, 476.561889031
227.543, 476.561884547
227.605, 476.561885137
227.665, 476.561885237
227.725, 476.561879599
227.786, 476.561879541
227.849, 476.561877885
227.914, 476.561874872
227.98, 476.561872511
228.048, 476.561866486
228.118, 476.561869771
228.178, 476.561866062
228.239, 476.561866887
228.299, 476.561868699
228.359, 476.561865001
228.421, 476.561864908
228.484, 476.561856149
228.548, 476.561856770
228.608, 476.561853388
228.67, 476.561855898
228.73, 476.561852104
228.791, 476.561852044
228.854, 476.561845554
228.919, 476.561848473
228.979, 476.561849618
229.039, 476.561846569
229.1, 476.561845590
229.163, 476.561842873
229.228, 476.561838107
229.294, 476.561841334
229.354, 476.561836738
229.416, 476.561838320
229.476, 476.561832954
229.537, 476.561834157
229.597, 476.561830516
229.659, 476.561833414
229.719, 476.561829772
229.78, 476.561823439
229.843, 476.561824432
229.903, 476.561826596
229.963, 476.561826659
230.023, 476.561819637
230.085, 476.561821459
230.145, 476.561818474
230.206, 476.561818670
230.266, 476.561811159
230.328, 476.561813686
230.388, 476.561809949
230.449, 476.561809766
230.512, 476.561809373
230.577, 476.561808414
230.643, 476.561804199
230.711, 476.561803823
230.781, 476.561805926
230.841, 476.561800125
230.902, 476.561797440
230.965, 476.561799990
231.025, 476.561798571
231.087, 476.561798437
231.15, 476.561790977
231.214, 476.561792371
231.274, 476.561788060
231.336, 476.561787386
231.399, 476.561787438
231.459, 476.561782938
231.52, 476.561779427
231.583, 476.561777528
231.648, 476.561778567
231.708, 476.561776566
231.769, 476.561774921
231.832, 476.561776709
231.892, 476.561773888
231.954, 476.561775140
232.014, 476.561776233
232.074, 476.561770534
232.135, 476.561768010
232.199, 476.561769607
232.259, 476.561763579
232.32, 476.561764897
232.38, 476.561761210
232.442, 476.561762054
232.502, 476.561760609
232.563, 476.561754454
232.626, 476.561756890
232.686, 476.561751936
232.748, 476.561751057
232.811, 476.561751077
232.871, 476.561746376
232.932, 476.561747160
232.992, 476.561746602
233.054, 476.561743477
233.117, 476.561744125
233.177, 476.561740240
233.238, 476.561741241
233.298, 476.561738558
233.36, 476.561738018
233.423, 476.561740730
233.483, 476.561730876
233.544, 476.561730627
233.607, 476.561731173
233.667, 476.561728135
233.729, 476.561726407
233.792, 476.561728598
233.852, 476.561725646
233.913, 476.561725721
233.973, 476.561722237
234.035, 476.561721511
234.098, 476.561717430
234.162, 476.561719096
234.222, 476.561714817
234.284, 476.561715140
234.344, 476.561712719
234.405, 476.561709407
234.468, 476.561707793
234.533, 476.561709465
234.593, 476.561703393
234.655, 476.561702228
234.718, 476.561704298
234.778, 476.561699244
234.839, 476.561699308
234.899, 476.561701116
234.959, 476.561695347
235.021, 476.561696742
235.081, 476.561694721
235.142, 476.561694197
235.205, 476.561692932
235.27, 476.561687382
235.336, 476.561686393
235.404, 476.561684790
235.473, 476.561685921
235.533, 476.561677536
235.595, 476.561682612
235.655, 476.561676306
235.716, 476.561680109
235.776, 476.561675845
235.838, 476.561675575
235.901, 476.561671452
235.966, 476.561671223
236.032, 476.561669735
236.1, 476.561671771
236.16, 476.561667308
236.221, 476.561666544
236.284, 476.561664330
236.349, 476.561660238
236.415, 476.561659431
236.483, 476.561662248
236.543, 476.561660322
236.604, 476.561654656
236.668, 476.561656031
236.728, 476.561650808
236.789, 476.561656604
236.849, 476.561649798
236.911, 476.561650283
236.971, 476.561646306
237.032, 476.561647919
237.092, 476.561640153
237.154, 476.561641750
237.214, 476.561637518
237.275, 476.561639854
237.335, 476.561634106
237.397, 476.561636983
237.457, 476.561631756
237.518, 476.561632755
237.578, 476.561628476
237.64, 476.561631064
237.7, 476.561627580
237.761, 476.561625074
237.824, 476.561626465
237.884, 476.561621441
237.946, 476.561626041
238.006, 476.561620694
238.067, 476.561619967
238.13, 476.561618239
238.195, 476.561616975
238.261, 476.561613118
238.329, 476.561613859
238.389, 476.561611556
238.45, 476.561609530
238.513, 476.561608654
238.578, 476.561607593
238.644, 476.561608040
238.704, 476.561600422
238.766, 476.561601976
238.826, 476.561599220
238.887, 476.561598214
238.95, 476.561598381
239.01, 476.561597227
239.072, 476.561593189
239.135, 476.561594115
239.195, 476.561593326
239.256, 476.561589198
239.319, 476.561586765
239.384, 476.561587013
239.444, 476.561584533
239.505, 476.561586750
239.565, 476.561582587
239.627, 476.561580086
239.69, 476.561579130
239.755, 476.561577625
239.821, 476.561577147
239.889, 476.561577553
239.949, 476.561571328
240.01, 476.561570769
240.073, 476.561569204
240.138, 476.561570311
240.198, 476.561564345
240.259, 476.561564505
240.319, 476.561560470
240.381, 476.561557648
240.444, 476.561562376
240.504, 476.561557948
240.565, 476.561555377
240.628, 476.561557179
240.688, 476.561552294
240.75, 476.561552916
240.81, 476.561549108
240.871, 476.561547666
240.934, 476.561543975
240.999, 476.561548044
241.059, 476.561544241
241.121, 476.561544210
241.184, 476.561539295
241.248, 476.561536580
241.314, 476.561536860
241.374, 476.561534024
241.436, 476.561536876
241.496, 476.561531465
241.557, 476.561530108
241.62, 476.561529429
241.685, 476.561529996
241.745, 476.561522757
241.807, 476.561524728
241.867, 476.561525966
241.927, 476.561521566
241.988, 476.561524234
242.048, 476.561518137
242.11, 476.561517783
242.173, 476.561513836
242.237, 476.561514499
242.297, 476.561511532
242.359, 476.561508396
242.422, 476.561508891
242.482, 476.561507013
242.543, 476.561508170
242.603, 476.561502211
242.665, 476.561502255
242.725, 476.561498322
242.786, 476.561497616
242.849, 476.561495786
242.914, 476.561497069
242.974, 476.561499130
243.034, 476.561494796
243.095, 476.561491118
243.158, 476.561492127
243.218, 476.561487167
243.28, 476.561487747
243.34, 476.561487488
243.401, 476.561485790
243.465, 476.561481359
243.529, 476.561478673
243.595, 476.561479194
243.655, 476.561478794
243.717, 476.561475238
243.78, 476.561477743
243.84, 476.561471572
243.901, 476.561475937
243.961, 476.561471047
244.023, 476.561467601
244.086, 476.561468420
244.146, 476.561465139
244.207, 476.561466497
244.267, 476.561464467
244.329, 476.561458202
244.392, 476.561460698
244.452, 476.561461443
244.512, 476.561457355
244.573, 476.561459462
244.633, 476.561452176
244.695, 476.561452994
244.755, 476.561449484
244.816, 476.561451140
244.876, 476.561445978
244.938, 476.561444800
245.001, 476.561441513
245.066, 476.561443111
245.126, 476.561442496
245.187, 476.561438640
245.25, 476.561442519
245.31, 476.561437186
245.372, 476.561435617
245.435, 476.561434682
245.499, 476.561430688
245.566, 476.561433598
245.626, 476.561428779
245.687, 476.561428774
245.75, 476.561427559
245.815, 476.561425282
245.881, 476.561421852
245.949, 476.561421321
246.018, 476.561421453
246.078, 476.561422012
246.138, 476.561415716
246.2, 476.561416453
246.26, 476.561412749
246.321, 476.561414876
246.381, 476.561409076
246.443, 476.561409347
246.503, 476.561407615
246.564, 476.561407215
246.627, 476.561402581
246.692, 476.561403315
246.752, 476.561400739
246.814, 476.561400491
246.877, 476.561396845
246.941, 476.561395028
247.007, 476.561392042
247.075, 476.561394635
247.135, 476.561387290
247.197, 476.561388035
247.257, 476.561390203
247.317, 476.561386951
247.378, 476.561384167
247.441, 476.561382343
247.506, 476.561381518
247.572, 476.561380781
247.64, 476.561382062
247.7, 476.561375434
247.762, 476.561374598
247.825, 476.561376133
247.885, 476.561372800
247.946, 476.561371656
248.009, 476.561371615
248.074, 476.561370274
248.14, 476.561364979
248.208, 476.561362469
248.277, 476.561363487
248.337, 476.561362263
248.399, 476.561360321
248.462, 476.561356824
248.527, 476.561355534
248.593, 476.561358078
248.653, 476.561352436
248.714, 476.561353571
248.774, 476.561352797
248.836, 476.561347334
248.899, 476.561349772
248.959, 476.561347025
249.02, 476.561345633
249.083, 476.561339158
249.148, 476.561342735
249.208, 476.561338146
249.269, 476.561340766
249.329, 476.561336619
249.391, 476.561334389
249.454, 476.561337801
249.514, 476.561332616
249.576, 476.561329846
249.639, 476.561329842
249.703, 476.561327869
249.769, 476.561326421
249.837, 476.561324064
249.907, 476.561323095
249.978, 476.561322265
250.051, 476.561318451
250.126, 476.561317020
250.203, 476.561314054
250.282, 476.561313865
250.362, 476.561312689
250.445, 476.561309851
250.53, 476.561307428
250.617, 476.561308841
250.677, 476.561300993
250.738, 476.561300926
250.801, 476.561294138
250.866, 476.561299585
250.926, 476.561293163
250.988, 476.561292917
251.051, 476.561295221
251.111, 476.561288146
251.172, 476.561292454
251.232, 476.561288615
251.294, 476.561289409
251.354, 476.561285326
251.415, 476.561285351
251.475, 476.561282674
251.537, 476.561280833
251.6, 476.561280137
251.664, 476.561282647
251.724, 476.561276921
251.786, 476.561275518
251.849, 476.561278206
251.909, 476.561269854
251.97, 476.561271478
252.03, 476.561267707
252.092, 476.561268876
252.152, 476.561261962
252.213, 476.561265805
252.273, 476.561261848
252.335, 476.561266868
252.395, 476.561261734
252.456, 476.561258995
252.519, 476.561258467
252.584, 476.561255622
252.65, 476.561252252
252.718, 476.561252667
252.778, 476.561248888
252.839, 476.561249753
252.899, 476.561246667
252.961, 476.561243536
253.024, 476.561244501
253.084, 476.561240247
253.146, 476.561243589
253.206, 476.561239280
253.267, 476.561241697
253.327, 476.561234527
253.389, 476.561233996
253.452, 476.561235955
253.512, 476.561233911
253.573, 476.561231451
253.636, 476.561228596
253.701, 476.561230100
253.761, 476.561223555
253.822, 476.561224154
253.882, 476.561220875
253.944, 476.561221423
254.004, 476.561221337
254.065, 476.561220263
254.128, 476.561216989
254.193, 476.561215613
254.259, 476.561213687
254.327, 476.561215310
254.387, 476.561207709
254.448, 476.561210648
254.508, 476.561205726
254.57, 476.561202454
254.633, 476.561205203
254.693, 476.561197444
254.755, 476.561202144
254.815, 476.561197882
254.876, 476.561199423
254.936, 476.561196694
254.998, 476.561197561
255.058, 476.561191927
255.119, 476.561191419
255.182, 476.561190967
255.247, 476.561189999
255.313, 476.561186593
255.381, 476.561183973
255.45, 476.561186756
255.51, 476.561178715
255.572, 476.561180167
255.632, 476.561178802
255.693, 476.561175609
255.756, 476.561179684
255.816, 476.561174486
255.878, 476.561168186
255.941, 476.561176519
256.001, 476.561168087
256.062, 476.561169697
256.122, 476.561163589
256.184, 476.561163363
256.247, 476.561162868
256.312, 476.561165027
256.372, 476.561161196
256.433, 476.561155740
256.496, 476.561159896
256.556, 476.561157075
256.618, 476.561158125
256.678, 476.561150838
256.739, 476.561151758
256.799, 476.561152023
256.859, 476.561146772
256.921, 476.561152724
256.981, 476.561145617
257.042, 476.561142653
257.105, 476.561141505
257.17, 476.561147705
257.23, 476.561139097
257.291, 476.561135705
257.354, 476.561135563
257.419, 476.561132318
257.485, 476.561129760
257.553, 476.561130530
257.613, 476.561126029
257.675, 476.561127226
257.735, 476.561124173
257.796, 476.561124555
257.856, 476.561125490
257.916, 476.561118666
257.978, 476.561117950
258.041, 476.561119819
258.101, 476.561116266
258.162, 476.561116380
258.222, 476.561112945
258.284, 476.561115500
258.344, 476.561109438
258.405, 476.561105576
258.468, 476.561111833
258.528, 476.561105351
258.59, 476.561104689
258.653, 476.561103169
258.717, 476.561101437
258.783, 476.561099851
258.851, 476.561099739
258.921, 476.561099788
258.981, 476.561094751
259.042, 476.561096127
259.102, 476.561087635
259.164, 476.561087386
259.227, 476.561086755
259.292, 476.561088293
259.352, 476.561085866
259.413, 476.561083816
259.476, 476.561083015
259.541, 476.561081461
259.607, 476.561077810
259.675, 476.561079407
259.735, 476.561075785
259.796, 476.561079436
259.856, 476.561073587
259.918, 476.561069250
259.981, 476.561070634
260.041, 476.561068962
260.102, 476.561070102
260.162, 476.561064587
260.224, 476.561065153
260.284, 476.561062447
260.345, 476.561061133
260.408, 476.561064168
260.468, 476.561056273
260.53, 476.561057503
260.59, 476.561056128
260.651, 476.561055261
260.714, 476.561055066
260.779, 476.561047812
260.845, 476.561051340
260.905, 476.561049930
260.967, 476.561047093
261.03, 476.561046155
261.094, 476.561042303
261.161, 476.561042140
261.229, 476.561039789
261.298, 476.561038230
261.37, 476.561033816
261.443, 476.561033917
261.503, 476.561031655
261.564, 476.561031172
261.627, 476.561028227
261.692, 476.561028224
261.758, 476.561026918
261.826, 476.561024702
261.895, 476.561022300
261.967, 476.561024112
262.027, 476.561016792
262.088, 476.561018381
262.148, 476.561016159
262.21, 476.561014708
262.273, 476.561013667
262.337, 476.561010647
262.404, 476.561012100
262.464, 476.561006560
262.525, 476.561008536
262.585, 476.561005298
262.647, 476.561004357
262.71, 476.561005620
262.77, 476.560997879
262.831, 476.560997796
262.894, 476.560997705
262.959, 476.560995348
263.025, 476.560993867
263.093, 476.560996277
263.153, 476.560992777
263.214, 476.560989919
263.277, 476.560990935
263.337, 476.560987838
263.399, 476.560984834
263.462, 476.560986843
263.522, 476.560983525
263.584, 476.560983588
263.644, 476.560980481
263.705, 476.560981254
263.765, 476.560977956
263.827, 476.560974596
263.89, 476.560971206
263.954, 476.560972725
264.014, 476.560966520
264.076, 476.560968538
264.136, 476.560968180
264.197, 476.560965646
264.26, 476.560963132
264.325, 476.560959574
264.391, 476.560959845
264.451, 476.560959664
264.513, 476.560959506
264.576, 476.560954793
264.64, 476.560955958
264.7, 476.560951100
264.762, 476.560953752
264.822, 476.560949535
264.883, 476.560949583
264.943, 476.560946905
265.005, 476.560945135
265.068, 476.560949292
265.128, 476.560941119
265.189, 476.560940370
265.252, 476.560942553
265.312, 476.560935432
265.374, 476.560935695
265.434, 476.560932682
265.495, 476.560931580
265.558, 476.560928901
265.623, 476.560931281
265.683, 476.560928725
265.744, 476.560928332
265.807, 476.560927748
265.872, 476.560928456
265.932, 476.560923505
265.994, 476.560924132
266.054, 476.560918046
266.115, 476.560919292
266.175, 476.560912521
266.237, 476.560916852
266.297, 476.560912045
266.358, 476.560914891
266.418, 476.560909469
266.48, 476.560911742
266.54, 476.560906458
266.601, 476.560906698
266.661, 476.560904854
266.723, 476.560905196
266.783, 476.560900116
266.844, 476.560898874
266.907, 476.560896248
266.972, 476.560893193
267.038, 476.560894706
267.098, 476.560888795
267.159, 476.560894181
267.219, 476.560889864
267.281, 476.560887431
267.344, 476.560885972
267.409, 476.560889002
267.469, 476.560882998
267.53, 476.560883551
267.59, 476.560881456
267.652, 476.560880184
267.715, 476.560881380
267.775, 476.560878792
267.836, 476.560878025
267.899, 476.560877639
267.964, 476.560874465
268.03, 476.560870442
268.098, 476.560871522
268.158, 476.560866114
268.219, 476.560865440
268.282, 476.560863284
268.347, 476.560860779
268.413, 476.560858505
268.481, 476.560857649
268.551, 476.560859966
268.611, 476.560855765
268.672, 476.560856319
268.732, 476.560850296
268.794, 476.560854024
268.854, 476.560850475
268.915, 476.560848629
268.978, 476.560847162
269.043, 476.560845242
269.109, 476.560845762
269.169, 476.560841326
269.231, 476.560837915
269.294, 476.560837165
269.358, 476.560837666
269.418, 476.560835761
269.48, 476.560834621
269.543, 476.560834659
269.603, 476.560832230
269.664, 476.560829396
269.727, 476.560827326
269.792, 476.560827592
269.852, 476.560825244
269.913, 476.560821795
269.977, 476.560821154
270.041, 476.560821316
270.101, 476.560819461
270.163, 476.560818014
270.226, 476.560817614
270.29, 476.560815531
270.357, 476.560811315
270.424, 476.560809676
270.494, 476.560812874
270.554, 476.560805359
270.615, 476.560806159
270.675, 476.560806830
270.735, 476.560801881
270.797, 476.560798433
270.86, 476.560799368
270.92, 476.560799030
270.982, 476.560801248
271.042, 476.560797766
271.103, 476.560790589
271.166, 476.560797160
271.226, 476.560788215
271.288, 476.560788118
271.351, 476.560790466
271.411, 476.560785693
271.472, 476.560784131
271.535, 476.560785604
271.595, 476.560778295
271.657, 476.560779571
271.717, 476.560775520
271.778, 476.560776458
271.838, 476.560776877
271.898, 476.560772660
271.96, 476.560775695
272.02, 476.560773562
272.081, 476.560769464
272.144, 476.560768132
272.209, 476.560770011
272.269, 476.560762008
272.33, 476.560766358
272.39, 476.560761359
272.452, 476.560760264
272.515, 476.560760742
272.575, 476.560755570
272.636, 476.560755483
272.699, 476.560752719
272.764, 476.560755220
272.824, 476.560749682
272.885, 476.560751917
272.945, 476.560749180
273.007, 476.560747977
273.07, 476.560748493
273.13, 476.560745210
273.192, 476.560744228
273.255, 476.560745429
273.315, 476.560736121
273.376, 476.560742265
273.436, 476.560737688
273.498, 476.560735913
273.561, 476.560732098
273.625, 476.560732262
273.685, 476.560730920
273.747, 476.560729940
273.81, 476.560732569
273.87, 476.560725160
273.931, 476.560724163
273.994, 476.560723484
274.059, 476.560721200
274.125, 476.560716554
274.193, 476.560716591
274.253, 476.560713429
274.314, 476.560716251
274.374, 476.560711744
274.436, 476.560712375
274.496, 476.560709128
274.557, 476.560714111
274.617, 476.560706791
274.679, 476.560705473
274.742, 476.560705953
274.802, 476.560700973
274.864, 476.560704166
274.924, 476.560702036
274.985, 476.560697924
275.048, 476.560698300
275.108, 476.560693739
275.17, 476.560691115
275.233, 476.560695492
275.293, 476.560688970
275.354, 476.560687346
275.417, 476.560686940
275.482, 476.560687200
275.542, 476.560684483
275.603, 476.560684326
275.666, 476.560682332
275.731, 476.560680947
275.797, 476.560672787
275.865, 476.560679071
275.925, 476.560668578
275.987, 476.560674827
276.047, 476.560670765
276.108, 476.560672102
276.168, 476.560669540
276.23, 476.560670163
276.29, 476.560667015
276.351, 476.560665295
276.414, 476.560667048
276.474, 476.560659233
276.536, 476.560662794
276.596, 476.560657493
276.657, 476.560660972
276.717, 476.560652059
276.779, 476.560654755
276.839, 476.560653852
276.9, 476.560651894
276.963, 476.560649043
277.028, 476.560649877
277.088, 476.560647355
277.149, 476.560647156
277.212, 476.560642546
277.277, 476.560640267
277.343, 476.560639277
277.411, 476.560635196
277.481, 476.560635966
277.541, 476.560633328
277.602, 476.560633888
277.662, 476.560627937
277.724, 476.560627411
277.787, 476.560627341
277.851, 476.560626567
277.917, 476.560624394
277.985, 476.560619275
278.055, 476.560622513
278.115, 476.560617228
278.176, 476.560614406
278.239, 476.560617568
278.299, 476.560612398
278.361, 476.560615848
278.421, 476.560612586
278.482, 476.560606370
278.545, 476.560608737
278.605, 476.560604779
278.667, 476.560600991
278.73, 476.560602959
278.79, 476.560603665
278.85, 476.560600490
278.912, 476.560598558
278.975, 476.560597657
279.039, 476.560595699
279.105, 476.560594522
279.173, 476.560592991
279.243, 476.560594953
279.303, 476.560585435
279.364, 476.560585699
279.424, 476.560587591
279.484, 476.560583350
279.546, 476.560582416
279.609, 476.560585506
279.669, 476.560582433
279.73, 476.560579174
279.793, 476.560579801
279.853, 476.560578602
279.915, 476.560575538
279.978, 476.560573973
280.043, 476.560570906
280.109, 476.560568863
280.177, 476.560570708
280.237, 476.560565948
280.298, 476.560563149
280.361, 476.560562222
280.426, 476.560560209
280.492, 476.560563566
280.552, 476.560561738
280.614, 476.560558375
280.677, 476.560561688
280.737, 476.560557431
280.798, 476.560554219
280.861, 476.560554752
280.921, 476.560552046
280.983, 476.560552240
281.043, 476.560547460
281.104, 476.560545914
281.167, 476.560545232
281.232, 476.560542052
281.298, 476.560543167
281.358, 476.560538975
281.42, 476.560536200
281.483, 476.560538076
281.543, 476.560535736
281.604, 476.560536640
281.664, 476.560530677
281.726, 476.560532214
281.786, 476.560525973
281.847, 476.560529068
281.907, 476.560528732
281.969, 476.560522719
282.032, 476.560521653
282.096, 476.560525800
282.156, 476.560518933
282.218, 476.560519357
282.278, 476.560520577
282.338, 476.560516155
282.399, 476.560518437
282.459, 476.560513016
282.521, 476.560511884
282.584, 476.560511669
282.648, 476.560506850
282.715, 476.560506051
282.782, 476.560503626
282.852, 476.560501418
282.923, 476.560500535
282.996, 476.560501844
283.056, 476.560497553
283.118, 476.560498156
283.178, 476.560496534
283.239, 476.560493557
283.303, 476.560492964
283.367, 476.560490552
283.433, 476.560488978
283.501, 476.560487018
283.571, 476.560486358
283.642, 476.560484843
283.715, 476.560479114
283.79, 476.560483232
283.85, 476.560473578
283.912, 476.560478239
283.972, 476.560476800
284.033, 476.560476077
284.096, 476.560478476
284.156, 476.560472182
284.218, 476.560469989
284.281, 476.560469210
284.345, 476.560464038
284.412, 476.560465083
284.472, 476.560460823
284.533, 476.560459195
284.596, 476.560460942
284.656, 476.560454494
284.718, 476.560456973
284.778, 476.560459001
284.838, 476.560455649
284.899, 476.560452761
284.962, 476.560452855
285.022, 476.560450225
285.084, 476.560447039
