0.06, 543.507919884
0.12, 543.507832933
0.1815, 543.507618490
0.244537, 543.507403521
0.309151, 543.507180555
0.37538, 543.506955209
0.443264, 543.506723282
0.512846, 543.506484706
0.584167, 543.506239577
0.657271, 543.505988975
0.732203, 543.505735213
0.809008, 543.505474292
0.887733, 543.505204574
0.968427, 543.504932992
1.05114, 543.504652939
1.13592, 543.504365943
1.22281, 543.504070813
1.31188, 543.503769181
1.40318, 543.503462974
1.49676, 543.503146370
1.59268, 543.502824907
1.691, 543.502495655
1.79177, 543.502375509
1.89507, 543.502374314
2.00094, 543.502372325
2.10947, 543.502370879
2.2207, 543.502365687
2.33472, 543.502365221
2.45159, 543.502358241
2.57138, 543.502358361
2.63138, 543.502354233
2.69288, 543.502350698
2.75592, 543.502353897
2.81592, 543.502350032
2.87742, 543.502348202
2.94045, 543.502347882
3.00507, 543.502346520
3.07129, 543.502344678
3.13918, 543.502344506
3.20876, 543.502341991
3.28008, 543.502342134
3.34008, 543.502335053
3.40158, 543.502334747
3.46462, 543.502337503
3.52462, 543.502334396
3.58612, 543.502333089
3.64916, 543.502332868
3.71377, 543.502329744
3.78, 543.502328924
3.84788, 543.502325355
3.91747, 543.502324023
3.98879, 543.502322723
4.06189, 543.502323388
4.12189, 543.502317583
4.18339, 543.502320479
4.24339, 543.502317608
4.30489, 543.502317832
4.36489, 543.502313759
4.42639, 543.502311388
4.48943, 543.502310766
4.55404, 543.502312519
4.61404, 543.502310532
4.67554, 543.502305718
4.73858, 543.502305294
4.80319, 543.502305838
4.86319, 543.502300350
4.92469, 543.502300561
4.98469, 543.502300581
5.04469, 543.502298913
5.10619, 543.502298929
5.16619, 543.502296123
5.22769, 543.502295711
5.29073, 543.502295199
5.35534, 543.502291426
5.42157, 543.502290298
5.48946, 543.502290812
5.54946, 543.502287176
5.61096, 543.502282722
5.67399, 543.502282332
5.73861, 543.502281489
5.80484, 543.502283350
5.86484, 543.502280020
5.92634, 543.502278474
5.98937, 543.502277222
6.05399, 543.502275562
6.12022, 543.502273993
6.1881, 543.502273957
6.25768, 543.502271430
6.329, 543.502269987
6.40211, 543.502267802
6.47704, 543.502266063
6.55384, 543.502264430
6.63257, 543.502260611
6.71326, 543.502258822
6.79597, 543.502260082
6.85597, 543.502258225
6.91747, 543.502255704
6.98051, 543.502250794
7.04512, 543.502253115
7.10512, 543.502251632
7.16662, 543.502249605
7.22966, 543.502249625
7.28966, 543.502247937
7.35116, 543.502250011
7.41116, 543.502242307
7.47266, 543.502241436
7.5357, 543.502239771
7.60031, 543.502238198
7.66654, 543.502238524
7.72654, 543.502234343
7.78804, 543.502231070
7.85108, 543.502232382
7.91108, 543.502231353
7.97258, 543.502231463
8.03258, 543.502231799
8.09258, 543.502227431
8.15408, 543.502227467
8.21408, 543.502225773
8.27558, 543.502221808
8.33862, 543.502222519
8.39862, 543.502224685
8.45862, 543.502219781
8.52012, 543.502219265
8.58315, 543.502218719
8.64777, 543.502217434
8.714, 543.502215785
8.78188, 543.502215385
8.85146, 543.502211678
8.92278, 543.502211040
8.99589, 543.502206996
9.07082, 543.502208501
9.13082, 543.502208181
9.19232, 543.502200867
9.25536, 543.502205527
9.31536, 543.502199482
9.37686, 543.502200263
9.43686, 543.502196634
9.49836, 543.502197383
9.55836, 543.502195135
9.61986, 543.502194340
9.68289, 543.502188940
9.74751, 543.502190672
9.80751, 543.502188970
9.86901, 543.502189536
9.92901, 543.502185505
9.99051, 543.502185324
10.0535, 543.502183307
10.1182, 543.502179888
10.1844, 543.502180556
10.2444, 543.502181596
10.3044, 543.502177770
10.3659, 543.502177555
10.4289, 543.502175841
10.4935, 543.502173413
10.5598, 543.502172365
10.6277, 543.502169452
10.6972, 543.502168914
10.7686, 543.502168826
10.8417, 543.502166654
10.9166, 543.502162471
10.9934, 543.502162791
11.0534, 543.502161443
11.1149, 543.502157210
11.1779, 543.502158673
11.2379, 543.502158613
11.2994, 543.502155993
11.3625, 543.502153540
11.4271, 543.502150633
11.4933, 543.502151083
11.5533, 543.502148598
11.6148, 543.502147024
11.6779, 543.502147576
11.7379, 543.502144386
11.7994, 543.502140710
11.8624, 543.502142229
11.9224, 543.502141500
11.9839, 543.502138794
12.0469, 543.502137091
12.1115, 543.502134540
12.1778, 543.502134153
12.2457, 543.502129854
12.3152, 543.502131463
12.3752, 543.502129349
12.4367, 543.502128334
12.4998, 543.502127266
12.5644, 543.502122644
12.6306, 543.502123504
12.6906, 543.502122332
12.7521, 543.502117631
12.8152, 543.502121270
12.8752, 543.502123178
12.9352, 543.502115593
12.9967, 543.502113848
13.0597, 543.502113669
13.1243, 543.502115547
13.1843, 543.502113994
13.2458, 543.502108912
13.3088, 543.502108454
13.3735, 543.502104586
13.4397, 543.502104324
13.5076, 543.502103868
13.5771, 543.502101348
13.6485, 543.502099279
13.7216, 543.502101997
13.7816, 543.502097765
13.8431, 543.502098234
13.9031, 543.502093194
13.9646, 543.502091208
14.0276, 543.502093414
14.0876, 543.502090602
14.1491, 543.502090031
14.2121, 543.502089303
14.2768, 543.502090104
14.3368, 543.502083295
14.3983, 543.502080847
14.4613, 543.502084323
14.5213, 543.502081338
14.5828, 543.502079951
14.6458, 543.502076634
14.7105, 543.502077433
14.7705, 543.502073253
14.832, 543.502071557
14.895, 543.502073179
14.955, 543.502071165
15.0165, 543.502066940
15.0795, 543.502068942
15.1395, 543.502066258
15.201, 543.502063643
15.2641, 543.502062005
15.3287, 543.502061646
15.3949, 543.502060976
15.4628, 543.502056708
15.5324, 543.502058123
15.5924, 543.502055393
15.6539, 543.502054862
15.7169, 543.502051938
15.7815, 543.502052038
15.8415, 543.502051414
15.903, 543.502047568
15.9661, 543.502048516
16.0261, 543.502044596
16.0876, 543.502045071
16.1476, 543.502042062
16.2091, 543.502038265
16.2721, 543.502042246
16.3321, 543.502038342
16.3936, 543.502038692
16.4536, 543.502035271
16.5151, 543.502033234
16.5781, 543.502031728
16.6427, 543.502028555
16.709, 543.502028509
16.7769, 543.502026855
16.8464, 543.502027264
16.9064, 543.502026095
16.9679, 543.502021373
17.031, 543.502020834
17.0956, 543.502022805
17.1556, 543.502018825
17.2171, 543.502018962
17.2771, 543.502017834
17.3386, 543.502013676
17.4016, 543.502013140
17.4662, 543.502011503
17.5325, 543.502010958
17.6004, 543.502009374
17.6699, 543.502006178
17.7413, 543.502006560
17.8013, 543.502006012
17.8628, 543.502003319
17.9258, 543.502001571
17.9904, 543.502000658
18.0566, 543.502001350
18.1166, 543.501994498
18.1781, 543.501995499
18.2381, 543.501995106
18.2996, 543.501991656
18.3627, 543.501990737
18.4273, 543.501991344
18.4873, 543.501988149
18.5488, 543.501985181
18.6118, 543.501987970
18.6718, 543.501982240
18.7333, 543.501978162
18.7964, 543.501980319
18.8564, 543.501980257
18.9179, 543.501978295
18.9809, 543.501976946
19.0455, 543.501976812
19.1117, 543.501972102
19.1796, 543.501972887
19.2396, 543.501968965
19.3011, 543.501967654
19.3642, 543.501968477
19.4242, 543.501969962
19.4842, 543.501966956
19.5457, 543.501964369
19.6087, 543.501961263
19.6733, 543.501962647
19.7333, 543.501959999
19.7948, 543.501955368
19.8579, 543.501952949
19.9225, 543.501956529
19.9825, 543.501954415
20.044, 543.501949688
20.107, 543.501951978
20.167, 543.501950455
20.2285, 543.501948398
20.2915, 543.501949170
20.3515, 543.501945480
20.413, 543.501943830
20.4761, 543.501942193
20.5407, 543.501942341
20.6007, 543.501938933
20.6622, 543.501935657
20.7252, 543.501937644
20.7852, 543.501934982
20.8467, 543.501932835
20.9098, 543.501932858
20.9698, 543.501929423
21.0313, 543.501931585
21.0913, 543.501927747
21.1528, 543.501927750
21.2128, 543.501926378
21.2743, 543.501926779
21.3343, 543.501924227
21.3958, 543.501920719
21.4588, 543.501921112
21.5188, 543.501920682
21.5803, 543.501915567
21.6433, 543.501918708
21.7033, 543.501914416
21.7648, 543.501913401
21.8279, 543.501910657
21.8925, 543.501910794
21.9525, 543.501909642
22.014, 543.501908323
22.077, 543.501908798
22.137, 543.501902906
22.1985, 543.501901621
22.2616, 543.501902503
22.3216, 543.501902051
22.3831, 543.501896843
22.4461, 543.501896135
22.5107, 543.501895930
22.577, 543.501896260
22.637, 543.501892973
22.6985, 543.501888634
22.7615, 543.501889506
22.8215, 543.501887594
22.883, 543.501886847
22.946, 543.501883720
23.0106, 543.501885540
23.0706, 543.501882208
23.1321, 543.501883091
23.1921, 543.501879740
23.2536, 543.501881927
23.3136, 543.501877701
23.3751, 543.501873593
23.4382, 543.501878173
23.4982, 543.501873022
23.5597, 543.501871713
23.6227, 543.501868859
23.6873, 543.501869033
23.7473, 543.501865079
23.8088, 543.501866670
23.8688, 543.501865064
23.9303, 543.501862341
23.9934, 543.501864808
24.0534, 543.501861359
24.1149, 543.501860032
24.1779, 543.501859290
24.2425, 543.501859700
24.3025, 543.501854529
24.364, 543.501851895
24.4271, 543.501850666
24.4917, 543.501850396
24.5579, 543.501846807
24.6258, 543.501849635
24.6858, 543.501847164
24.7473, 543.501842812
24.8103, 543.501842535
24.8749, 543.501845115
24.9349, 543.501837068
24.9964, 543.501838484
25.0564, 543.501838985
25.1164, 543.501837783
25.1779, 543.501834215
25.241, 543.501832285
25.3056, 543.501831739
25.3718, 543.501830620
25.4397, 543.501828739
25.5093, 543.501830355
25.5693, 543.501824168
25.6308, 543.501824075
25.6938, 543.501825368
25.7538, 543.501826426
25.8138, 543.501823164
25.8753, 543.501817126
25.9384, 543.501816464
26.003, 543.501818386
26.063, 543.501813826
26.1245, 543.501811816
26.1875, 543.501809190
26.2521, 543.501811639
26.3121, 543.501807367
26.3736, 543.501809082
26.4336, 543.501805254
26.4951, 543.501805831
26.5551, 543.501805199
26.6166, 543.501801582
26.6797, 543.501798493
26.7443, 543.501800670
26.8043, 543.501799814
26.8658, 543.501797248
26.9288, 543.501793783
26.9934, 543.501792707
27.0596, 543.501787439
27.1275, 543.501791043
27.1875, 543.501789726
27.249, 543.501789058
27.3121, 543.501786445
27.3767, 543.501780884
27.4429, 543.501778312
27.5108, 543.501782003
27.5708, 543.501776198
27.6323, 543.501775005
27.6953, 543.501778444
27.7553, 543.501781233
27.8153, 543.501774222
27.8768, 543.501773041
27.9399, 543.501770041
28.0045, 543.501771297
28.0645, 543.501768682
28.126, 543.501770213
28.186, 543.501765879
28.2475, 543.501767218
28.3075, 543.501763909
28.369, 543.501760536
28.432, 543.501762964
28.492, 543.501757719
28.5535, 543.501758322
28.6135, 543.501755731
28.675, 543.501755217
28.7381, 543.501756774
28.7981, 543.501749631
28.8596, 543.501753497
28.9196, 543.501751097
28.9811, 543.501746479
29.0441, 543.501746055
29.1087, 543.501743983
29.1749, 543.501741960
29.2428, 543.501741743
29.3124, 543.501741733
29.3837, 543.501737039
29.4568, 543.501735524
29.5318, 543.501734637
29.6086, 543.501735653
29.6686, 543.501732224
29.7301, 543.501730484
29.7931, 543.501730780
29.8531, 543.501726526
29.9146, 543.501726863
29.9746, 543.501721973
30.0361, 543.501723140
30.0961, 543.501721749
30.1576, 543.501717225
30.2206, 543.501717315
30.2806, 543.501715600
30.3421, 543.501715189
30.4052, 543.501715485
30.4652, 543.501711158
30.5267, 543.501711892
30.5867, 543.501708570
30.6482, 543.501706472
30.7112, 543.501709776
30.7712, 543.501704799
30.8327, 543.501702841
30.8958, 543.501702501
30.9604, 543.501704224
31.0204, 543.501700617
31.0819, 543.501699404
31.1449, 543.501697924
31.2095, 543.501694232
31.2757, 543.501693843
31.3436, 543.501694505
31.4036, 543.501693542
31.4651, 543.501689908
31.5282, 543.501689428
31.5928, 543.501690732
31.6528, 543.501683971
31.7143, 543.501684855
31.7743, 543.501684025
31.8358, 543.501680753
31.8988, 543.501679988
31.9634, 543.501680091
32.0234, 543.501678411
32.0849, 543.501675784
32.148, 543.501673289
32.2126, 543.501670377
32.2788, 543.501674395
32.3388, 543.501669362
32.4003, 543.501667213
32.4634, 543.501666212
32.528, 543.501664710
32.5942, 543.501662793
32.6621, 543.501664362
32.7221, 543.501660079
32.7836, 543.501659218
32.8466, 543.501657559
32.9112, 543.501656658
32.9775, 543.501658767
33.0375, 543.501653621
33.099, 543.501650730
33.162, 543.501653034
33.222, 543.501649734
33.2835, 543.501647222
33.3465, 543.501649922
33.4065, 543.501645252
33.468, 543.501644253
33.5311, 543.501645673
33.5911, 543.501643237
33.6526, 543.501640794
33.7156, 543.501639599
33.7802, 543.501636641
33.8465, 543.501634021
33.9143, 543.501635183
33.9743, 543.501632730
34.0358, 543.501626628
34.0989, 543.501632813
34.1589, 543.501630532
34.2204, 543.501626855
34.2834, 543.501626253
34.348, 543.501623825
34.4143, 543.501623429
34.4821, 543.501623322
34.5517, 543.501621728
34.623, 543.501620182
34.6961, 543.501617168
34.7711, 543.501614645
34.8479, 543.501613588
34.9266, 543.501608835
35.0073, 543.501611569
35.0673, 543.501605590
35.1288, 543.501607280
35.1888, 543.501599636
35.2503, 543.501599572
35.3133, 543.501600174
35.3733, 543.501603819
35.4333, 543.501599148
35.4948, 543.501599607
35.5548, 543.501596765
35.6163, 543.501594990
35.6794, 543.501597452
35.7394, 543.501592155
35.8009, 543.501588578
35.8639, 543.501592142
35.9239, 543.501589930
35.9854, 543.501588286
36.0484, 543.501587102
36.1131, 543.501584294
36.1793, 543.501585836
36.2393, 543.501582925
36.3008, 543.501580974
36.3638, 543.501580445
36.4284, 543.501579179
36.4947, 543.501574697
36.5626, 543.501575345
36.6226, 543.501573080
36.6841, 543.501567746
36.7471, 543.501571413
36.8071, 543.501567372
36.8686, 543.501567140
36.9316, 543.501564370
36.9962, 543.501568838
37.0562, 543.501563004
37.1177, 543.501560002
37.1808, 543.501560861
37.2408, 543.501562124
37.3008, 543.501556766
37.3623, 543.501553478
37.4253, 543.501556620
37.4853, 543.501549227
37.5468, 543.501551385
37.6068, 543.501552277
37.6668, 543.501546443
37.7283, 543.501547506
37.7883, 543.501544569
37.8498, 543.501541231
37.9129, 543.501544493
37.9729, 543.501542599
38.0344, 543.501537159
38.0974, 543.501540036
38.1574, 543.501536757
38.2189, 543.501534918
38.2819, 543.501536123
38.3419, 543.501532276
38.4034, 543.501529128
38.4665, 543.501532056
38.5265, 543.501528816
38.588, 543.501526522
38.651, 543.501525257
38.7156, 543.501525240
38.7818, 543.501523887
38.8497, 543.501523362
38.9193, 543.501520388
38.9906, 543.501517858
39.0637, 543.501520532
39.1237, 543.501516164
39.1852, 543.501514151
39.2483, 543.501512720
39.3129, 543.501510462
39.3791, 543.501507795
39.447, 543.501509609
39.507, 543.501506115
39.5685, 543.501503170
39.6315, 543.501503806
39.6915, 543.501499981
39.753, 543.501498223
39.8161, 543.501503754
39.8761, 543.501499804
39.9376, 543.501495053
40.0006, 543.501495327
40.0606, 543.501492502
40.1221, 543.501492823
40.1821, 543.501496244
40.2421, 543.501488873
40.3036, 543.501487177
40.3667, 543.501489450
40.4267, 543.501486030
40.4882, 543.501481684
40.5512, 543.501482439
40.6112, 543.501481134
40.6727, 543.501481594
40.7327, 543.501477405
40.7942, 543.501476808
40.8572, 543.501478737
40.9172, 543.501473172
40.9787, 543.501473531
41.0387, 543.501470465
41.1002, 543.501468148
41.1633, 543.501470621
41.2233, 543.501464772
41.2848, 543.501465336
41.3448, 543.501465915
41.4048, 543.501463143
41.4663, 543.501461190
41.5293, 543.501462879
41.5893, 543.501460902
41.6508, 543.501459619
41.7138, 543.501461705
41.7738, 543.501453333
41.8353, 543.501452086
41.8984, 543.501453770
41.9584, 543.501451929
42.0199, 543.501449725
42.0829, 543.501448525
42.1475, 543.501444037
42.2138, 543.501445000
42.2738, 543.501444984
42.3353, 543.501442729
42.3983, 543.501441799
42.4629, 543.501441536
42.5291, 543.501441233
42.597, 543.501437105
42.6666, 543.501435923
42.7379, 543.501434765
42.811, 543.501431788
42.886, 543.501429806
42.9628, 543.501430644
43.0228, 543.501430593
43.0843, 543.501423720
43.1473, 543.501428628
43.2073, 543.501422997
43.2688, 543.501422190
43.3318, 543.501420938
43.3965, 543.501417212
43.4627, 543.501417609
43.5227, 543.501410273
43.5842, 543.501411575
43.6442, 543.501410638
43.7057, 543.501408541
43.7687, 543.501407766
43.8333, 543.501404408
43.8996, 543.501409564
43.9596, 543.501406642
44.0211, 543.501404058
44.0841, 543.501404263
44.1441, 543.501398819
44.2056, 543.501399329
44.2656, 543.501397927
44.3271, 543.501397040
44.3901, 543.501396578
44.4548, 543.501393989
44.521, 543.501393864
44.5889, 543.501389508
44.6584, 543.501390336
44.7184, 543.501390019
44.7799, 543.501385821
44.843, 543.501387179
44.903, 543.501384018
44.9645, 543.501381171
45.0275, 543.501381926
45.0875, 543.501379489
45.149, 543.501375787
45.2121, 543.501383388
45.2721, 543.501374056
45.3336, 543.501376381
45.3936, 543.501372861
45.4551, 543.501367945
45.5181, 543.501370128
45.5781, 543.501367207
45.6396, 543.501366497
45.7026, 543.501365822
45.7672, 543.501362381
45.8335, 543.501365198
45.8935, 543.501361281
45.955, 543.501362754
46.015, 543.501359900
46.0765, 543.501361116
46.1365, 543.501354072
46.198, 543.501354754
46.258, 543.501350494
46.3195, 543.501351205
46.3795, 543.501350364
46.441, 543.501348865
46.504, 543.501348706
46.5686, 543.501344897
46.6349, 543.501348850
46.6949, 543.501345736
46.7564, 543.501342614
46.8194, 543.501342464
46.884, 543.501341856
46.9502, 543.501340930
47.0181, 543.501339944
47.0877, 543.501334990
47.159, 543.501331897
47.2321, 543.501330328
47.3071, 543.501328864
47.3839, 543.501329157
47.4439, 543.501330511
47.5039, 543.501323330
47.5654, 543.501319176
47.6284, 543.501321775
47.6884, 543.501319275
47.7499, 543.501317720
47.8129, 543.501322529
47.8729, 543.501315171
47.9344, 543.501314575
47.9975, 543.501313382
48.0621, 543.501314318
48.1221, 543.501313745
48.1836, 543.501314047
48.2436, 543.501307575
48.3051, 543.501304768
48.3681, 543.501304723
48.4327, 543.501304309
48.499, 543.501303497
48.5669, 543.501297296
48.6364, 543.501296227
48.7078, 543.501297832
48.7678, 543.501298127
48.8278, 543.501297779
48.8893, 543.501291885
48.9523, 543.501294153
49.0123, 543.501288794
49.0738, 543.501290580
49.1338, 543.501286305
49.1953, 543.501284638
49.2583, 543.501286478
49.3183, 543.501286967
49.3783, 543.501285314
49.4398, 543.501284309
49.5029, 543.501283260
49.5675, 543.501277831
49.6337, 543.501277440
49.7016, 543.501275285
49.7712, 543.501273948
49.8425, 543.501273080
49.9156, 543.501271687
49.9905, 543.501270697
50.0673, 543.501265772
50.1461, 543.501264124
50.2268, 543.501263172
50.3095, 543.501263380
50.3695, 543.501262346
50.431, 543.501258534
50.494, 543.501258163
50.5586, 543.501256789
50.6248, 543.501253929
50.6927, 543.501252550
50.7623, 543.501254444
50.8223, 543.501250249
50.8838, 543.501249263
50.9469, 543.501249975
51.0069, 543.501245469
51.0684, 543.501243625
51.1314, 543.501242285
51.196, 543.501241559
51.2622, 543.501239268
51.3301, 543.501242493
51.3901, 543.501238507
51.4516, 543.501231894
51.5147, 543.501235052
51.5747, 543.501233377
51.6362, 543.501230036
51.6992, 543.501230587
51.7592, 543.501227286
51.8207, 543.501222042
51.8837, 543.501224515
51.9437, 543.501224378
52.0052, 543.501222050
52.0683, 543.501224707
52.1283, 543.501217860
52.1898, 543.501218454
52.2498, 543.501216774
52.3113, 543.501215410
52.3743, 543.501215764
52.4343, 543.501212643
52.4958, 543.501212898
52.5558, 543.501209455
52.6173, 543.501209634
52.6773, 543.501206339
52.7388, 543.501203842
52.8018, 543.501204729
52.8618, 543.501205126
52.9218, 543.501203396
52.9833, 543.501196468
53.0464, 543.501200705
53.1064, 543.501195327
53.1679, 543.501191976
53.2309, 543.501196907
53.2909, 543.501191793
53.3524, 543.501192542
53.4124, 543.501191779
53.4739, 543.501186589
53.537, 543.501189932
53.597, 543.501188339
53.6585, 543.501183444
53.7215, 543.501183694
53.7815, 543.501180672
53.843, 543.501180563
53.906, 543.501179581
53.9706, 543.501179947
54.0306, 543.501177379
54.0921, 543.501174999
54.1552, 543.501176542
54.2152, 543.501173140
54.2767, 543.501170388
54.3397, 543.501169444
54.4043, 543.501168321
54.4706, 543.501163346
54.5384, 543.501166061
54.5984, 543.501164298
54.6599, 543.501161983
54.723, 543.501161253
54.7876, 543.501160400
54.8538, 543.501159241
54.9217, 543.501155914
54.9913, 543.501157289
55.0513, 543.501151277
55.1128, 543.501155596
55.1728, 543.501149895
55.2343, 543.501151717
55.2943, 543.501148535
55.3558, 543.501145218
55.4188, 543.501146625
55.4788, 543.501144856
55.5403, 543.501140792
55.6034, 543.501143517
55.6634, 543.501141627
55.7249, 543.501139510
55.7879, 543.501137419
55.8525, 543.501134428
55.9187, 543.501137980
55.9787, 543.501134384
56.0402, 543.501133847
56.1033, 543.501132465
56.1679, 543.501127836
56.2341, 543.501127714
56.302, 543.501126370
56.3716, 543.501122431
56.4429, 543.501125958
56.5029, 543.501120657
56.5644, 543.501119132
56.6274, 543.501117209
56.6921, 543.501116439
56.7583, 543.501112601
56.8262, 543.501115733
56.8862, 543.501108358
56.9477, 543.501112178
57.0077, 543.501107084
57.0692, 543.501108450
57.1292, 543.501106379
57.1907, 543.501104319
57.2537, 543.501101971
57.3183, 543.501100967
57.3846, 543.501100735
57.4524, 543.501100616
57.522, 543.501098615
57.5933, 543.501098007
57.6664, 543.501090170
57.7414, 543.501097410
57.8014, 543.501093531
57.8629, 543.501088027
57.9259, 543.501086536
57.9905, 543.501089962
58.0505, 543.501084525
58.112, 543.501082394
58.1751, 543.501083338
58.2351, 543.501079533
58.2966, 543.501081398
58.3566, 543.501079846
58.4181, 543.501075655
58.4811, 543.501079091
58.5411, 543.501077647
58.6026, 543.501073081
58.6656, 543.501072365
58.7303, 543.501070837
58.7965, 543.501069336
58.8644, 543.501070364
58.9244, 543.501069007
58.9859, 543.501064360
59.0489, 543.501060551
59.1135, 543.501066748
59.1735, 543.501062128
59.235, 543.501058078
59.2981, 543.501061191
59.3581, 543.501058034
59.4196, 543.501054263
59.4826, 543.501056217
59.5426, 543.501054444
59.6041, 543.501048668
59.6671, 543.501050519
59.7271, 543.501049296
59.7886, 543.501045732
59.8517, 543.501049589
59.9117, 543.501045088
59.9732, 543.501041879
60.0362, 543.501039711
60.1008, 543.501041500
60.1608, 543.501040623
60.2223, 543.501037478
60.2854, 543.501035776
60.35, 543.501036395
60.41, 543.501034833
60.4715, 543.501031995
60.5345, 543.501030087
60.5991, 543.501031266
60.6591, 543.501024028
60.7206, 543.501021842
60.7837, 543.501023219
60.8437, 543.501021100
60.9052, 543.501022390
60.9652, 543.501022835
61.0252, 543.501018843
61.0867, 543.501020207
61.1467, 543.501017537
61.2082, 543.501015333
61.2712, 543.501012848
61.3358, 543.501014066
61.3958, 543.501012203
61.4573, 543.501009979
61.5203, 543.501011948
61.5803, 543.501007709
61.6418, 543.501003166
61.7049, 543.501001734
61.7695, 543.501003645
61.8295, 543.500999189
61.891, 543.500999385
61.951, 543.500996944
62.0125, 543.500994136
62.0755, 543.500997311
62.1355, 543.500994205
62.197, 543.500994814
62.257, 543.500991110
62.3185, 543.500987110
62.3816, 543.500988063
62.4416, 543.500989395
62.5016, 543.500986457
62.5631, 543.500982376
62.6261, 543.500985041
62.6861, 543.500982204
62.7476, 543.500977570
62.8107, 543.500978705
62.8707, 543.500978341
62.9322, 543.500976570
62.9952, 543.500972604
63.0598, 543.500974600
63.1198, 543.500971782
63.1813, 543.500969410
63.2443, 543.500969082
63.309, 543.500968279
63.3752, 543.500964074
63.4431, 543.500964995
63.5031, 543.500966221
63.5631, 543.500959362
63.6246, 543.500963347
63.6846, 543.500959675
63.7461, 543.500959685
63.8061, 543.500954147
63.8676, 543.500958544
63.9276, 543.500954202
63.9891, 543.500953145
64.0521, 543.500952024
64.1167, 543.500952665
64.1767, 543.500949066
64.2382, 543.500947872
64.3013, 543.500948688
64.3613, 543.500941433
64.4228, 543.500940909
64.4858, 543.500944304
64.5458, 543.500938576
64.6073, 543.500933706
64.6703, 543.500939785
64.7303, 543.500935946
64.7918, 543.500937783
64.8518, 543.500934008
64.9133, 543.500933715
64.9764, 543.500932113
65.041, 543.500927219
65.1072, 543.500928257
65.1672, 543.500927003
65.2287, 543.500922922
65.2917, 543.500922165
65.3564, 543.500920768
65.4226, 543.500923024
65.4826, 543.500916364
65.5441, 543.500918785
65.6041, 543.500913870
65.6656, 543.500914497
65.7256, 543.500910427
65.7871, 543.500912879
65.8471, 543.500913200
65.9071, 543.500911095
65.9686, 543.500910136
66.0316, 543.500911519
66.0916, 543.500906174
66.1531, 543.500904299
66.2162, 543.500903156
66.2808, 543.500903540
66.3408, 543.500900248
66.4023, 543.500897806
66.4653, 543.500899465
66.5253, 543.500897405
66.5868, 543.500894309
66.6499, 543.500894168
66.7145, 543.500894215
66.7745, 543.500892741
66.836, 543.500892426
66.899, 543.500887072
66.9636, 543.500883908
67.0298, 543.500884429
67.0898, 543.500886422
67.1498, 543.500880866
67.2113, 543.500882428
67.2713, 543.500880005
67.3328, 543.500879657
67.3959, 543.500877342
67.4605, 543.500876740
67.5267, 543.500873353
67.5946, 543.500873889
67.6546, 543.500871726
67.7161, 543.500868589
67.7791, 543.500868548
67.8438, 543.500867336
67.91, 543.500866851
67.9779, 543.500865721
68.0475, 543.500864209
68.1188, 543.500862357
68.1919, 543.500856350
68.2668, 543.500859619
68.3268, 543.500857879
68.3883, 543.500854303
68.4513, 543.500854175
68.516, 543.500852480
68.5822, 543.500849099
68.6501, 543.500851085
68.7101, 543.500845636
68.7716, 543.500845930
68.8316, 543.500844642
68.8931, 543.500843193
68.9561, 543.500841178
69.0207, 543.500840304
69.087, 543.500840800
69.147, 543.500839301
69.2085, 543.500832542
69.2715, 543.500835865
69.3315, 543.500833973
69.393, 543.500831374
69.456, 543.500831547
69.516, 543.500829363
69.5775, 543.500825670
69.6406, 543.500827092
69.7006, 543.500825422
69.7621, 543.500822984
69.8251, 543.500819407
69.8897, 543.500824330
69.9497, 543.500821815
70.0112, 543.500818556
70.0743, 543.500815315
70.1389, 543.500817489
70.1989, 543.500813240
70.2604, 543.500813277
70.3204, 543.500809730
70.3819, 543.500807457
70.4449, 543.500808687
70.5049, 543.500806066
70.5664, 543.500805209
70.6294, 543.500801047
70.6941, 543.500801508
70.7541, 543.500801638
70.8141, 543.500803277
70.8741, 543.500801437
70.9356, 543.500796142
70.9986, 543.500797517
71.0586, 543.500798449
71.1186, 543.500791057
71.1801, 543.500790102
71.2431, 543.500790592
71.3031, 543.500785739
71.3646, 543.500785385
71.4277, 543.500787372
71.4877, 543.500785427
71.5492, 543.500784798
71.6122, 543.500784285
71.6768, 543.500783978
71.7431, 543.500777223
71.8109, 543.500780057
71.8709, 543.500774044
71.9324, 543.500777091
71.9924, 543.500773296
72.0539, 543.500773264
72.117, 543.500775067
72.177, 543.500771016
72.2385, 543.500767916
72.3015, 543.500768462
72.3615, 543.500765389
72.423, 543.500766177
72.483, 543.500762059
72.5445, 543.500759791
72.6075, 543.500758900
72.6722, 543.500758012
72.7384, 543.500758303
72.7984, 543.500755233
72.8599, 543.500755075
72.9229, 543.500758380
72.9829, 543.500751698
73.0444, 543.500752063
73.1044, 543.500749873
73.1659, 543.500747365
73.229, 543.500748865
73.289, 543.500748748
73.3505, 543.500739535
73.4135, 543.500743133
73.4735, 543.500739658
73.535, 543.500740613
73.595, 543.500737179
73.6565, 543.500735718
73.7195, 543.500734956
73.7842, 543.500737452
73.8442, 543.500729851
73.9057, 543.500734094
73.9657, 543.500729889
74.0272, 543.500727188
74.0902, 543.500729395
74.1502, 543.500723463
74.2117, 543.500726593
74.2717, 543.500723915
74.3332, 543.500717391
74.3962, 543.500721382
74.4562, 543.500716570
74.5177, 543.500716242
74.5808, 543.500719733
74.6408, 543.500712586
74.7023, 543.500713128
74.7623, 543.500713608
74.8223, 543.500710162
74.8838, 543.500711509
74.9438, 543.500708683
75.0053, 543.500705385
75.0683, 543.500706566
75.1283, 543.500702358
75.1898, 543.500705203
75.2498, 543.500700147
75.3113, 543.500697046
75.3743, 543.500698691
75.4343, 543.500698138
75.4958, 543.500697764
75.5589, 543.500696292
75.6235, 543.500693374
75.6897, 543.500692142
75.7576, 543.500692464
75.8176, 543.500686168
75.8791, 543.500689587
75.9391, 543.500686739
76.0006, 543.500684498
76.0636, 543.500684205
76.1283, 543.500683173
76.1945, 543.500683380
76.2545, 543.500676360
76.316, 543.500677214
76.376, 543.500673480
76.4375, 543.500675387
76.4975, 543.500675565
76.5575, 543.500671705
76.619, 543.500666648
76.682, 543.500669962
76.742, 543.500666305
76.8035, 543.500664829
76.8666, 543.500668335
76.9266, 543.500663990
76.9881, 543.500663961
77.0511, 543.500662488
77.1157, 543.500661741
77.1819, 543.500658727
77.2498, 543.500659549
77.3098, 543.500657734
77.3713, 543.500652270
77.4344, 543.500655087
77.4944, 543.500654672
77.5559, 543.500652318
77.6189, 543.500649337
77.6835, 543.500647444
77.7497, 543.500646302
77.8176, 543.500646875
77.8776, 543.500645274
77.9391, 543.500641217
78.0022, 543.500640861
78.0668, 543.500638720
78.133, 543.500638611
78.2009, 543.500637438
78.2705, 543.500633634
78.3418, 543.500632703
78.4149, 543.500630749
78.4898, 543.500629985
78.5666, 543.500632403
78.6266, 543.500625169
78.6881, 543.500626407
78.7481, 543.500623041
78.8096, 543.500623201
78.8696, 543.500618004
78.9311, 543.500618443
78.9911, 543.500619662
79.0511, 543.500617622
79.1126, 543.500615895
79.1757, 543.500617104
79.2357, 543.500615013
79.2972, 543.500614176
79.3602, 543.500611827
79.4248, 543.500607507
79.4911, 543.500607740
79.5511, 543.500606193
79.6126, 543.500602940
79.6756, 543.500603855
79.7356, 543.500602619
79.7971, 543.500596527
79.8601, 543.500598479
79.9201, 543.500597489
79.9816, 543.500594928
80.0447, 543.500600406
80.1047, 543.500594315
80.1662, 543.500590830
80.2292, 543.500589944
80.2938, 543.500589103
80.36, 543.500585751
80.4279, 543.500586068
80.4879, 543.500584868
80.5494, 543.500584428
80.6125, 543.500581770
80.6771, 543.500581598
80.7433, 543.500577782
80.8112, 543.500577953
80.8712, 543.500573219
80.9327, 543.500576068
80.9927, 543.500573917
81.0542, 543.500572756
81.1172, 543.500569677
81.1818, 543.500571716
81.2418, 543.500568653
81.3033, 543.500567905
81.3664, 543.500565865
81.431, 543.500564282
81.4972, 543.500562434
81.5651, 543.500562797
81.6251, 543.500560353
81.6866, 543.500559287
81.7496, 543.500558185
81.8143, 543.500554892
81.8805, 543.500553067
81.9484, 543.500554066
82.0084, 543.500549828
82.0699, 543.500548543
82.1329, 543.500548529
82.1975, 543.500546813
82.2638, 543.500544026
82.3316, 543.500542887
82.4012, 543.500544532
82.4612, 543.500542107
82.5227, 543.500542153
82.5827, 543.500537320
82.6442, 543.500535157
82.7073, 543.500534528
82.7719, 543.500536699
82.8319, 543.500533059
82.8934, 543.500528844
82.9564, 543.500528451
83.021, 543.500529632
83.081, 543.500524484
83.1425, 543.500527154
83.2025, 543.500523986
83.264, 543.500523602
83.3271, 543.500517713
83.3917, 543.500522484
83.4517, 543.500518647
83.5132, 543.500518775
83.5732, 543.500518175
83.6347, 543.500516310
83.6977, 543.500513759
83.7623, 543.500513267
83.8285, 543.500513620
83.8885, 543.500511282
83.95, 543.500505945
84.0131, 543.500507649
84.0731, 543.500506958
84.1346, 543.500503114
84.1976, 543.500504054
84.2576, 543.500503489
84.3191, 543.500498836
84.3822, 543.500496257
84.4468, 543.500500846
84.5068, 543.500497347
84.5683, 543.500494849
84.6313, 543.500489801
84.6959, 543.500491744
84.7559, 543.500486705
84.8174, 543.500490869
84.8774, 543.500487455
84.9389, 543.500484315
85.002, 543.500480944
85.0666, 543.500485484
85.1266, 543.500486753
85.1866, 543.500482573
85.2481, 543.500482231
85.3111, 543.500477034
85.3757, 543.500477271
85.4357, 543.500473400
85.4972, 543.500471802
85.5603, 543.500471824
85.6203, 543.500469209
85.6818, 543.500471662
85.7418, 543.500466372
85.8033, 543.500465752
85.8663, 543.500467288
85.9263, 543.500464384
85.9878, 543.500460877
86.0508, 543.500461242
86.1108, 543.500459530
86.1723, 543.500459630
86.2323, 543.500454155
86.2938, 543.500458745
86.3538, 543.500453699
86.4153, 543.500453112
86.4784, 543.500449866
86.543, 543.500453472
86.603, 543.500447907
86.6645, 543.500444581
86.7275, 543.500448256
86.7875, 543.500445140
86.849, 543.500443943
86.9121, 543.500440063
86.9767, 543.500444535
87.0367, 543.500438914
87.0982, 543.500437688
87.1612, 543.500439284
87.2212, 543.500435216
87.2827, 543.500436835
87.3427, 543.500434395
87.4042, 543.500431922
87.4673, 543.500429191
87.5319, 543.500432816
87.5919, 543.500427626
87.6534, 543.500425537
87.7164, 543.500425476
87.781, 543.500425174
87.8472, 543.500425222
87.9072, 543.500421296
87.9687, 543.500420295
88.0318, 543.500416601
88.0964, 543.500417781
88.1564, 543.500417569
88.2179, 543.500413370
88.2809, 543.500415666
88.3409, 543.500411800
88.4024, 543.500410521
88.4655, 543.500404939
88.5301, 543.500408179
88.5901, 543.500406842
88.6516, 543.500404608
88.7146, 543.500405673
88.7746, 543.500398801
88.8361, 543.500402008
88.8961, 543.500398592
88.9576, 543.500397383
89.0207, 543.500393634
89.0853, 543.500394518
89.1453, 543.500393714
89.2068, 543.500394217
89.2668, 543.500391292
89.3283, 543.500392743
89.3883, 543.500387939
89.4498, 543.500387008
89.5128, 543.500387238
89.5728, 543.500383095
89.6343, 543.500382429
89.6974, 543.500382176
89.762, 543.500377429
89.8282, 543.500380355
89.8882, 543.500376972
89.9497, 543.500373560
90.0127, 543.500373854
90.0727, 543.500371423
90.1342, 543.500368310
90.1973, 543.500367642
90.2619, 543.500371283
90.3219, 543.500364318
90.3834, 543.500362231
90.4464, 543.500363162
90.5064, 543.500361322
90.5679, 543.500362935
90.6279, 543.500359825
90.6894, 543.500356864
90.7525, 543.500355330
90.8171, 543.500357049
90.8771, 543.500352813
90.9386, 543.500350608
91.0016, 543.500350312
91.0662, 543.500351795
91.1262, 543.500347653
91.1877, 543.500350106
91.2477, 543.500345011
91.3092, 543.500348041
91.3692, 543.500341914
91.4307, 543.500341188
91.4938, 543.500342829
91.5538, 543.500339188
91.6153, 543.500338515
91.6783, 543.500343405
91.7383, 543.500336449
91.7998, 543.500334511
91.8628, 543.500332142
91.9274, 543.500331957
91.9937, 543.500331862
92.0616, 543.500333301
92.1216, 543.500329561
92.1831, 543.500323113
92.2461, 543.500323749
92.3061, 543.500324578
92.3661, 543.500322557
92.4276, 543.500321324
92.4906, 543.500321608
92.5506, 543.500316342
92.6121, 543.500317213
92.6721, 543.500319606
92.7321, 543.500315826
92.7936, 543.500313759
92.8567, 543.500308722
92.9213, 543.500309481
92.9813, 543.500309388
93.0428, 543.500308559
93.1058, 543.500306488
93.1704, 543.500306161
93.2367, 543.500305808
93.3046, 543.500301224
93.3741, 543.500299055
93.4455, 543.500301881
93.5055, 543.500295694
93.567, 543.500297263
93.627, 543.500290950
93.6885, 543.500289796
93.7515, 543.500292633
93.8115, 543.500286780
93.873, 543.500287583
93.933, 543.500288020
93.993, 543.500285917
94.0545, 543.500284995
94.1175, 543.500285052
94.1775, 543.500286803
94.2375, 543.500281639
94.299, 543.500280068
94.3621, 543.500280453
94.4221, 543.500276611
94.4836, 543.500274811
94.5466, 543.500275085
94.6066, 543.500272267
94.6681, 543.500271034
94.7311, 543.500271919
94.7911, 543.500268649
94.8526, 543.500267085
94.9157, 543.500265766
94.9803, 543.500264876
95.0465, 543.500265128
95.1065, 543.500259258
95.168, 543.500262198
95.228, 543.500259467
95.2895, 543.500261186
95.3495, 543.500255663
95.411, 543.500254170
95.4741, 543.500251238
95.5387, 543.500253974
95.5987, 543.500250888
95.6602, 543.500247326
95.7232, 543.500249367
95.7832, 543.500248370
95.8447, 543.500247417
95.9077, 543.500243203
95.9724, 543.500244225
96.0324, 543.500244235
96.0924, 543.500240884
96.1539, 543.500239966
96.2169, 543.500238406
96.2815, 543.500234451
96.3477, 543.500233400
96.4156, 543.500234024
96.4756, 543.500234020
96.5371, 543.500228709
96.6002, 543.500226013
96.6648, 543.500226191
96.7248, 543.500225147
96.7863, 543.500226889
96.8463, 543.500223960
96.9078, 543.500220359
96.9708, 543.500221040
97.0308, 543.500219268
97.0923, 543.500219317
97.1523, 543.500217458
97.2138, 543.500214608
97.2769, 543.500214604
97.3415, 543.500212603
97.4077, 543.500212042
97.4756, 543.500213275
97.5356, 543.500207194
97.5971, 543.500205991
97.6601, 543.500206280
97.7201, 543.500204040
97.7816, 543.500201537
97.8447, 543.500200904
97.9093, 543.500197893
97.9755, 543.500199842
98.0355, 543.500198062
98.097, 543.500198387
98.157, 543.500193394
98.2185, 543.500194379
98.2785, 543.500193272
98.34, 543.500191425
98.403, 543.500189500
98.4676, 543.500189189
98.5339, 543.500187761
98.6018, 543.500189579
98.6618, 543.500182606
98.7233, 543.500180931
98.7863, 543.500178501
98.8509, 543.500180438
98.9109, 543.500178013
98.9724, 543.500176966
99.0354, 543.500176891
99.1001, 543.500174541
99.1663, 543.500176903
99.2263, 543.500171799
99.2878, 543.500170560
99.3508, 543.500170584
99.4108, 543.500166619
99.4723, 543.500165592
99.5354, 543.500166252
99.5954, 543.500164835
99.6569, 543.500163678
99.7199, 543.500161305
99.7845, 543.500159924
99.8507, 543.500160379
99.9107, 543.500156190
99.9722, 543.500154685
100.035, 543.500151318
100.1, 543.500151489
100.16, 543.500154934
100.22, 543.500151362
100.281, 543.500149077
100.344, 543.500149614
100.404, 543.500146006
100.466, 543.500146056
100.526, 543.500139753
100.587, 543.500142919
100.647, 543.500138187
100.709, 543.500139291
100.769, 543.500136900
100.83, 543.500137047
100.89, 543.500133230
100.952, 543.500135131
101.012, 543.500130376
101.073, 543.500127998
101.136, 543.500127566
101.201, 543.500132505
101.261, 543.500128412
101.323, 543.500123981
101.386, 543.500123344
101.45, 543.500122724
101.516, 543.500121577
101.584, 543.500121228
101.654, 543.500116745
101.725, 543.500117749
101.785, 543.500117546
101.847, 543.500114383
101.91, 543.500112075
101.974, 543.500110570
102.041, 543.500112095
102.101, 543.500109762
102.162, 543.500108747
102.225, 543.500104842
102.29, 543.500105786
102.35, 543.500104377
102.411, 543.500102925
102.474, 543.500101253
102.539, 543.500101080
102.605, 543.500099706
102.673, 543.500095917
102.743, 543.500094285
102.814, 543.500094780
102.874, 543.500090777
102.935, 543.500092493
102.995, 543.500091847
103.057, 543.500089556
103.12, 543.500088331
103.185, 543.500089279
103.245, 543.500083472
103.306, 543.500082058
103.369, 543.500079753
103.434, 543.500081615
103.494, 543.500078272
103.555, 543.500079796
103.615, 543.500073862
103.677, 543.500072879
103.74, 543.500070653
103.804, 543.500071866
103.864, 543.500070076
103.926, 543.500071648
103.986, 543.500070800
104.047, 543.500067374
104.11, 543.500064527
104.175, 543.500060716
104.241, 543.500063282
104.301, 543.500061463
104.363, 543.500058810
104.426, 543.500059091
104.486, 543.500055806
104.547, 543.500054292
104.61, 543.500054085
104.675, 543.500054854
104.735, 543.500052105
104.796, 543.500048151
104.86, 543.500047779
104.924, 543.500048208
104.984, 543.500047259
105.046, 543.500044312
105.109, 543.500040257
105.173, 543.500042877
105.233, 543.500039800
105.295, 543.500040311
105.355, 543.500033133
105.416, 543.500036139
105.476, 543.500033654
105.538, 543.500033035
105.601, 543.500032309
105.665, 543.500032364
105.725, 543.500028341
105.787, 543.500027421
105.85, 543.500027827
105.91, 543.500025317
105.971, 543.500023463
106.034, 543.500021353
106.099, 543.500024970
106.159, 543.500019206
106.221, 543.500019789
106.281, 543.500017073
106.342, 543.500018960
106.402, 543.500014583
106.464, 543.500012860
106.527, 543.500012536
106.591, 543.500013445
106.651, 543.500009457
106.713, 543.500007129
106.776, 543.500008963
106.836, 543.500007248
106.897, 543.500004435
106.96, 543.500003486
107.025, 543.500003352
107.091, 543.500002639
107.159, 543.499998114
107.229, 543.499996433
107.3, 543.499997983
107.36, 543.499994146
107.421, 543.499990795
107.485, 543.499991663
107.545, 543.499992175
107.605, 543.499992070
107.666, 543.499984450
107.729, 543.499986021
107.789, 543.499983554
107.851, 543.499983040
107.914, 543.499981166
107.978, 543.499981353
108.038, 543.499979331
108.1, 543.499978678
108.163, 543.499975298
108.227, 543.499975852
108.287, 543.499975710
108.349, 543.499971920
108.412, 543.499973088
108.472, 543.499971701
108.533, 543.499970385
108.596, 543.499966770
108.661, 543.499967092
108.721, 543.499964500
108.783, 543.499962084
108.846, 543.499959857
108.91, 543.499958688
108.976, 543.499959586
109.036, 543.499956791
109.098, 543.499955277
109.161, 543.499955001
109.226, 543.499951254
109.292, 543.499953250
109.352, 543.499950718
109.413, 543.499949616
109.476, 543.499946401
109.541, 543.499947080
109.601, 543.499948195
109.661, 543.499945400
109.722, 543.499944266
109.785, 543.499941551
109.85, 543.499939827
109.916, 543.499939931
109.976, 543.499934687
110.038, 543.499935106
110.098, 543.499936336
110.158, 543.499934124
110.219, 543.499928765
110.282, 543.499929213
110.342, 543.499927271
110.404, 543.499926559
110.467, 543.499927823
110.527, 543.499924424
110.588, 543.499921422
110.651, 543.499921563
110.711, 543.499920924
110.773, 543.499921349
110.833, 543.499918863
110.894, 543.499916747
110.957, 543.499917125
111.017, 543.499915201
111.079, 543.499912005
111.142, 543.499913628
111.202, 543.499910675
111.264, 543.499907372
111.327, 543.499905164
111.391, 543.499902773
111.457, 543.499908624
111.517, 543.499905494
111.579, 543.499901504
111.642, 543.499898709
111.707, 543.499899793
111.767, 543.499897271
111.828, 543.499898784
111.888, 543.499896440
111.95, 543.499893972
112.013, 543.499893600
112.077, 543.499891929
112.143, 543.499892069
112.203, 543.499886631
112.265, 543.499885856
112.328, 543.499886254
112.388, 543.499886222
112.449, 543.499878849
112.512, 543.499881091
112.572, 543.499877893
112.634, 543.499876412
112.697, 543.499878762
112.757, 543.499876738
112.819, 543.499874763
112.882, 543.499868924
112.946, 543.499873566
113.006, 543.499872419
113.068, 543.499871063
113.131, 543.499868524
113.195, 543.499867757
113.262, 543.499866837
113.329, 543.499867121
113.389, 543.499866781
113.451, 543.499860495
113.514, 543.499859394
113.579, 543.499857975
113.645, 543.499857516
113.713, 543.499858316
113.773, 543.499852413
113.834, 543.499851314
113.897, 543.499852503
113.957, 543.499851366
114.019, 543.499850048
114.082, 543.499847465
114.146, 543.499846310
114.213, 543.499845607
114.281, 543.499844165
114.35, 543.499845863
114.41, 543.499839816
114.472, 543.499835638
114.535, 543.499833801
114.599, 543.499834615
114.659, 543.499837110
114.719, 543.499835903
114.781, 543.499832195
114.844, 543.499835219
114.904, 543.499832259
114.965, 543.499828698
115.028, 543.499825703
115.093, 543.499825176
115.159, 543.499824528
115.227, 543.499824608
115.287, 543.499819021
115.349, 543.499821266
115.409, 543.499820418
115.47, 543.499818743
115.533, 543.499817732
115.598, 543.499818047
115.658, 543.499812346
115.719, 543.499812880
115.779, 543.499808843
115.841, 543.499807688
115.904, 543.499806957
115.968, 543.499806907
116.035, 543.499805374
116.102, 543.499803506
116.172, 543.499803991
116.232, 543.499801403
116.294, 543.499799784
116.357, 543.499795832
116.421, 543.499799531
116.481, 543.499797941
116.543, 543.499795328
116.606, 543.499791054
116.67, 543.499791850
116.73, 543.499788859
116.792, 543.499789836
116.852, 543.499785917
116.913, 543.499787844
116.973, 543.499783707
117.035, 543.499781506
117.098, 543.499783864
117.158, 543.499781349
117.219, 543.499779649
117.282, 543.499778142
117.347, 543.499778976
117.407, 543.499775887
117.469, 543.499775165
117.532, 543.499773499
117.596, 543.499775731
117.656, 543.499770749
117.718, 543.499768691
117.781, 543.499766932
117.845, 543.499764511
117.912, 543.499765366
117.972, 543.499766519
118.032, 543.499764011
118.093, 543.499758189
118.156, 543.499760095
118.216, 543.499759658
118.278, 543.499758841
118.341, 543.499757310
118.405, 543.499756551
118.471, 543.499753806
118.539, 543.499752632
118.609, 543.499749488
118.68, 543.499746910
118.753, 543.499748095
118.813, 543.499744255
118.875, 543.499741791
118.938, 543.499738784
119.003, 543.499740492
119.063, 543.499738992
119.124, 543.499737464
119.187, 543.499735477
119.252, 543.499734243
119.318, 543.499733645
119.386, 543.499731910
119.455, 543.499732131
119.515, 543.499729887
119.577, 543.499724364
119.64, 543.499728431
119.7, 543.499723418
119.761, 543.499722932
119.824, 543.499722079
119.889, 543.499721681
119.955, 543.499720709
120.023, 543.499718776
120.093, 543.499717059
120.164, 543.499717662
120.224, 543.499712828
120.286, 543.499712216
120.349, 543.499711684
120.413, 543.499710771
120.479, 543.499707629
120.547, 543.499709616
120.607, 543.499703371
120.669, 543.499702363
120.732, 543.499703654
120.792, 543.499702423
120.853, 543.499702309
120.916, 543.499699875
120.981, 543.499696216
121.047, 543.499698740
121.107, 543.499696843
121.169, 543.499691844
121.232, 543.499692633
121.292, 543.499690674
121.353, 543.499688934
121.416, 543.499688697
121.481, 543.499688021
121.547, 543.499687964
121.615, 543.499682490
121.685, 543.499684733
121.745, 543.499679862
121.806, 543.499677045
121.869, 543.499677265
121.929, 543.499681119
121.989, 543.499675632
122.051, 543.499675131
122.114, 543.499675625
122.174, 543.499672303
122.235, 543.499670752
122.298, 543.499672155
122.358, 543.499668188
122.42, 543.499668008
122.483, 543.499665285
122.547, 543.499664238
122.614, 543.499664400
122.674, 543.499661696
122.735, 543.499660111
122.798, 543.499656157
122.863, 543.499656837
122.923, 543.499653593
122.984, 543.499652915
123.047, 543.499652548
123.112, 543.499652340
123.178, 543.499648453
123.246, 543.499649214
123.306, 543.499647865
123.368, 543.499646014
123.431, 543.499643868
123.495, 543.499642484
123.561, 543.499641690
123.629, 543.499643060
123.689, 543.499638945
123.751, 543.499636448
123.814, 543.499636523
123.874, 543.499631843
123.935, 543.499633880
123.995, 543.499630719
124.057, 543.499632300
124.117, 543.499628641
124.178, 543.499626826
124.241, 543.499628631
124.301, 543.499628984
124.361, 543.499625198
124.423, 543.499621099
124.486, 543.499622932
124.546, 543.499620413
124.607, 543.499619419
124.67, 543.499615747
124.735, 543.499614989
124.801, 543.499617496
124.861, 543.499613884
124.923, 543.499613517
124.986, 543.499608705
125.05, 543.499610110
125.11, 543.499607459
125.172, 543.499609019
125.232, 543.499604852
125.293, 543.499604881
125.353, 543.499603574
125.415, 543.499599240
125.478, 543.499601468
125.538, 543.499600964
125.599, 543.499599923
125.663, 543.499595939
125.727, 543.499596913
125.787, 543.499597748
125.847, 543.499590321
125.909, 543.499589787
125.972, 543.499588145
126.036, 543.499586664
126.103, 543.499586900
126.163, 543.499584494
126.224, 543.499582075
126.287, 543.499587164
126.347, 543.499581430
126.409, 543.499581113
126.472, 543.499576464
126.536, 543.499576294
126.602, 543.499575316
126.67, 543.499576437
126.73, 543.499573864
126.792, 543.499571733
126.855, 543.499570378
126.919, 543.499567581
126.986, 543.499567816
127.046, 543.499566069
127.107, 543.499565032
127.17, 543.499563466
127.235, 543.499563869
127.295, 543.499561067
127.356, 543.499560809
127.419, 543.499562108
127.479, 543.499557458
127.541, 543.499559237
127.601, 543.499555758
127.662, 543.499555157
127.725, 543.499552796
127.79, 543.499546606
127.856, 543.499553043
127.916, 543.499548134
127.978, 543.499545087
128.041, 543.499545939
128.101, 543.499543734
128.162, 543.499540033
128.225, 543.499543342
128.285, 543.499534007
128.347, 543.499537016
128.407, 543.499537653
128.467, 543.499537402
128.528, 543.499533469
128.591, 543.499534851
128.651, 543.499530369
128.713, 543.499529199
128.776, 543.499530995
128.836, 543.499526254
128.897, 543.499526725
128.957, 543.499527112
129.017, 543.499526860
129.079, 543.499524958
129.142, 543.499520142
129.207, 543.499521420
129.267, 543.499519153
129.328, 543.499521455
129.388, 543.499518836
129.45, 543.499514488
129.513, 543.499512468
129.577, 543.499512874
129.637, 543.499513247
129.697, 543.499508325
129.759, 543.499509442
129.819, 543.499506302
129.88, 543.499507729
129.94, 543.499502458
130.002, 543.499504175
130.062, 543.499500022
130.123, 543.499497385
130.186, 543.499496590
130.251, 543.499497296
130.311, 543.499495522
130.372, 543.499495577
130.432, 543.499492511
130.494, 543.499491325
130.557, 543.499488686
130.622, 543.499487930
130.688, 543.499490281
130.748, 543.499486632
130.809, 543.499486178
130.872, 543.499485170
130.937, 543.499486696
130.997, 543.499485973
131.058, 543.499480008
131.121, 543.499481589
131.181, 543.499478051
131.243, 543.499478033
131.306, 543.499473795
131.371, 543.499476656
131.431, 543.499469088
131.492, 543.499468431
131.555, 543.499467900
131.62, 543.499472113
131.68, 543.499465678
131.741, 543.499466302
131.801, 543.499462166
131.863, 543.499465686
131.923, 543.499461715
131.984, 543.499458920
132.047, 543.499457596
132.112, 543.499460900
132.172, 543.499453286
132.233, 543.499456441
132.293, 543.499452354
132.355, 543.499451357
132.418, 543.499454713
132.478, 543.499449900
132.539, 543.499446170
132.602, 543.499448966
132.662, 543.499447199
132.724, 543.499446148
132.787, 543.499442672
132.852, 543.499443662
132.912, 543.499436194
132.973, 543.499444465
133.033, 543.499437686
133.095, 543.499436023
133.158, 543.499434948
133.222, 543.499437235
133.282, 543.499430699
133.344, 543.499429953
133.407, 543.499431304
133.467, 543.499426172
133.528, 543.499429257
133.588, 543.499427432
133.65, 543.499423056
133.713, 543.499423021
133.777, 543.499419916
133.844, 543.499417040
133.912, 543.499417111
133.972, 543.499418069
134.032, 543.499415716
134.093, 543.499412815
134.156, 543.499416367
134.216, 543.499412338
134.278, 543.499411341
134.341, 543.499408859
134.405, 543.499408789
134.471, 543.499407293
134.539, 543.499404955
134.609, 543.499407826
134.669, 543.499402772
134.73, 543.499402109
134.793, 543.499402981
134.853, 543.499398581
134.915, 543.499399250
134.975, 543.499396864
135.036, 543.499391846
135.1, 543.499393166
135.16, 543.499393017
135.221, 543.499390971
135.284, 543.499389961
135.349, 543.499388161
135.415, 543.499384661
135.483, 543.499385922
135.543, 543.499382372
135.604, 543.499384831
135.664, 543.499381397
135.726, 543.499382158
135.786, 543.499379739
135.847, 543.499377946
135.91, 543.499377049
135.975, 543.499375437
136.041, 543.499371665
136.109, 543.499373822
136.169, 543.499371756
136.231, 543.499366845
136.294, 543.499370064
136.354, 543.499363956
136.415, 543.499364919
136.475, 543.499360864
136.537, 543.499362962
136.597, 543.499359378
136.658, 543.499360157
136.718, 543.499355467
136.78, 543.499356379
136.84, 543.499356768
136.9, 543.499355010
136.961, 543.499354682
137.024, 543.499352173
137.089, 543.499349337
137.155, 543.499350193
137.215, 543.499347359
137.276, 543.499345705
137.34, 543.499343376
137.404, 543.499344833
137.464, 543.499340352
137.526, 543.499341216
137.586, 543.499339539
137.647, 543.499338250
137.71, 543.499341302
137.77, 543.499335052
137.832, 543.499334363
137.895, 543.499333599
137.959, 543.499329906
138.026, 543.499332715
138.086, 543.499331565
138.147, 543.499326945
138.21, 543.499326578
138.275, 543.499325897
138.341, 543.499326363
138.401, 543.499323042
138.462, 543.499319930
138.525, 543.499316414
138.59, 543.499317169
138.65, 543.499315695
138.712, 543.499316650
138.772, 543.499315006
138.833, 543.499312794
138.896, 543.499309844
138.961, 543.499309197
139.027, 543.499311495
139.087, 543.499306405
139.148, 543.499307526
139.208, 543.499303669
139.27, 543.499303983
139.33, 543.499301896
139.391, 543.499302883
139.451, 543.499298188
139.513, 543.499296923
139.576, 543.499297821
139.636, 543.499297787
139.697, 543.499294081
139.761, 543.499293451
139.825, 543.499289048
139.891, 543.499288783
139.959, 543.499292038
140.019, 543.499287108
140.081, 543.499284357
140.144, 543.499284510
140.204, 543.499284808
140.264, 543.499283973
140.325, 543.499282823
140.388, 543.499282185
140.453, 543.499280012
140.519, 543.499277067
140.587, 543.499276599
140.657, 543.499275645
140.728, 543.499272507
140.801, 543.499270462
140.876, 543.499274727
140.936, 543.499269890
140.997, 543.499268918
141.061, 543.499265896
141.125, 543.499264512
141.191, 543.499263910
141.259, 543.499263479
141.329, 543.499261969
141.4, 543.499262866
141.46, 543.499258557
141.522, 543.499258666
141.582, 543.499255117
141.643, 543.499255345
141.703, 543.499251256
141.765, 543.499251695
141.825, 543.499248567
141.886, 543.499249462
141.946, 543.499248964
142.008, 543.499247407
142.071, 543.499244570
142.135, 543.499240792
142.202, 543.499239080
142.269, 543.499242461
142.329, 543.499237200
142.391, 543.499237945
142.451, 543.499232599
142.512, 543.499235348
142.572, 543.499233382
142.634, 543.499236426
142.694, 543.499231147
142.755, 543.499231666
142.815, 543.499230447
142.877, 543.499225494
142.94, 543.499223931
143.005, 543.499224053
143.065, 543.499221516
143.126, 543.499220945
143.189, 543.499219186
143.254, 543.499220366
143.314, 543.499214236
143.375, 543.499212661
143.438, 543.499214159
143.498, 543.499211789
143.56, 543.499210740
143.623, 543.499210669
143.687, 543.499208633
143.754, 543.499204381
143.822, 543.499204466
143.882, 543.499203387
143.943, 543.499201001
144.006, 543.499202531
144.066, 543.499199368
144.128, 543.499201130
144.188, 543.499199467
144.249, 543.499195020
144.312, 543.499196973
144.372, 543.499196294
144.434, 543.499190724
144.497, 543.499194980
144.557, 543.499192223
144.618, 543.499190521
144.681, 543.499186316
144.746, 543.499188991
144.806, 543.499186799
144.867, 543.499184686
144.93, 543.499181014
144.995, 543.499184351
145.055, 543.499180671
145.116, 543.499177530
145.179, 543.499178916
145.239, 543.499177503
145.301, 543.499175730
145.364, 543.499173065
145.429, 543.499168130
145.495, 543.499170212
145.555, 543.499170133
145.616, 543.499168362
145.679, 543.499165257
145.744, 543.499164819
145.81, 543.499161902
145.878, 543.499164489
145.938, 543.499160136
146, 543.499160309
146.06, 543.499158575
146.121, 543.499158618
146.181, 543.499158647
146.241, 543.499154074
146.303, 543.499151015
146.366, 543.499150948
146.43, 543.499150204
146.497, 543.499148892
146.564, 543.499149829
146.624, 543.499145084
146.686, 543.499146410
146.746, 543.499143851
146.807, 543.499141386
146.87, 543.499142948
146.93, 543.499138062
146.992, 543.499139303
147.052, 543.499138144
147.113, 543.499138191
147.173, 543.499134342
147.235, 543.499135997
147.295, 543.499131710
147.356, 543.499134127
147.416, 543.499128936
147.478, 543.499129467
147.538, 543.499126800
147.599, 543.499124021
147.662, 543.499125049
147.722, 543.499119888
147.784, 543.499121783
147.844, 543.499119785
147.905, 543.499117029
147.969, 543.499117492
148.029, 543.499116275
148.09, 543.499113963
148.153, 543.499109963
148.218, 543.499111580
148.278, 543.499111621
148.338, 543.499109839
148.399, 543.499110019
148.459, 543.499107380
148.521, 543.499107773
148.581, 543.499103855
148.642, 543.499098267
148.705, 543.499100185
148.765, 543.499103062
148.825, 543.499100286
148.887, 543.499097852
148.95, 543.499096538
149.014, 543.499096957
149.074, 543.499096880
149.136, 543.499093548
149.199, 543.499092546
149.263, 543.499089722
149.33, 543.499087951
149.398, 543.499086596
149.467, 543.499086991
149.527, 543.499085995
149.589, 543.499083097
149.652, 543.499081084
149.716, 543.499079207
149.783, 543.499081102
149.843, 543.499079482
149.904, 543.499076945
149.967, 543.499075158
150.032, 543.499071217
150.098, 543.499072309
150.158, 543.499066301
150.219, 543.499071835
150.279, 543.499068307
150.341, 543.499068726
150.401, 543.499066085
150.462, 543.499067412
150.522, 543.499064690
150.584, 543.499063426
150.647, 543.499060358
150.712, 543.499061228
150.772, 543.499056821
150.833, 543.499055794
150.896, 543.499051705
150.961, 543.499054894
151.021, 543.499051632
151.082, 543.499051656
151.142, 543.499047331
151.204, 543.499047802
151.264, 543.499047519
151.325, 543.499047556
151.385, 543.499041412
151.447, 543.499042030
151.507, 543.499039879
151.568, 543.499040853
151.628, 543.499041450
151.688, 543.499037797
151.75, 543.499034941
151.813, 543.499040233
151.873, 543.499033565
151.934, 543.499032501
151.997, 543.499033272
152.057, 543.499031956
152.119, 543.499027869
152.182, 543.499028965
152.242, 543.499027162
152.303, 543.499028116
152.363, 543.499023914
152.425, 543.499020701
152.488, 543.499020261
152.553, 543.499022101
152.613, 543.499020595
152.674, 543.499015962
152.737, 543.499018437
152.797, 543.499017039
152.859, 543.499014664
152.922, 543.499013390
152.986, 543.499009467
153.052, 543.499010259
153.112, 543.499004803
153.174, 543.499006555
153.234, 543.499006706
153.294, 543.499004203
153.355, 543.499002154
153.418, 543.499002279
153.478, 543.498997933
153.54, 543.499003869
153.6, 543.498996841
153.661, 543.498997386
153.721, 543.498993062
153.783, 543.498991306
153.846, 543.498993529
153.906, 543.498990485
153.968, 543.498986198
154.031, 543.498988901
154.091, 543.498987697
154.152, 543.498983642
154.215, 543.498983545
154.28, 543.498981708
154.346, 543.498978980
154.414, 543.498981931
154.474, 543.498977774
154.535, 543.498979605
154.595, 543.498973857
154.657, 543.498973393
154.72, 543.498973512
154.78, 543.498973674
154.84, 543.498971193
154.901, 543.498970086
154.964, 543.498972803
155.024, 543.498968557
155.086, 543.498967611
155.149, 543.498968104
155.209, 543.498967232
155.27, 543.498962657
155.333, 543.498961756
155.398, 543.498961486
155.464, 543.498957327
155.532, 543.498960431
155.592, 543.498955388
155.654, 543.498950583
155.717, 543.498952963
155.777, 543.498952384
155.838, 543.498951270
155.901, 543.498947617
155.966, 543.498948826
156.026, 543.498948980
156.086, 543.498946221
156.147, 543.498944852
156.21, 543.498942654
156.275, 543.498941557
156.341, 543.498938488
156.409, 543.498938535
156.469, 543.498935582
156.531, 543.498935397
156.594, 543.498935337
156.658, 543.498939175
156.718, 543.498932875
156.78, 543.498931780
156.843, 543.498928987
156.907, 543.498927999
156.974, 543.498923533
157.042, 543.498928050
157.102, 543.498925022
157.163, 543.498922787
157.226, 543.498917307
157.291, 543.498916221
157.357, 543.498920250
157.417, 543.498916170
157.478, 543.498919278
157.538, 543.498912602
157.6, 543.498912775
157.66, 543.498911669
157.721, 543.498911613
157.784, 543.498908869
157.849, 543.498908627
157.915, 543.498909451
157.975, 543.498905829
158.037, 543.498902412
158.1, 543.498905099
158.16, 543.498900014
158.221, 543.498900772
158.281, 543.498899530
158.343, 543.498896990
158.406, 543.498897774
158.466, 543.498893863
158.527, 543.498895089
158.587, 543.498892158
158.649, 543.498887882
158.712, 543.498891181
158.772, 543.498889600
158.833, 543.498885959
158.896, 543.498885611
158.961, 543.498888042
159.021, 543.498884461
159.083, 543.498882718
159.146, 543.498880620
159.21, 543.498879242
159.276, 543.498876763
159.344, 543.498876498
159.414, 543.498874817
159.485, 543.498875937
159.545, 543.498873508
159.607, 543.498869564
159.67, 543.498871513
159.73, 543.498866250
159.791, 543.498869956
159.851, 543.498863410
159.913, 543.498864976
159.973, 543.498863551
160.034, 543.498860761
160.097, 543.498861451
160.157, 543.498860522
160.219, 543.498860128
160.282, 543.498857794
160.346, 543.498857087
160.413, 543.498856342
160.481, 543.498855198
160.55, 543.498851685
160.621, 543.498853885
160.681, 543.498846801
160.743, 543.498845915
160.806, 543.498847616
160.866, 543.498843570
160.928, 543.498844988
160.988, 543.498839080
161.049, 543.498841604
161.109, 543.498836153
161.171, 543.498839160
161.231, 543.498834580
161.292, 543.498835531
161.352, 543.498834549
161.414, 543.498831315
161.477, 543.498829659
161.541, 543.498828425
161.607, 543.498827930
161.675, 543.498828748
161.735, 543.498825408
161.797, 543.498825389
161.86, 543.498818343
161.924, 543.498822859
161.984, 543.498818910
162.046, 543.498817107
162.109, 543.498817402
162.169, 543.498816533
162.23, 543.498812762
162.294, 543.498815836
162.354, 543.498807207
162.415, 543.498815435
162.475, 543.498807892
162.537, 543.498808876
162.597, 543.498806764
162.658, 543.498808275
162.718, 543.498803046
162.78, 543.498802182
162.843, 543.498800112
162.907, 543.498794727
162.973, 543.498800661
163.033, 543.498797027
163.095, 543.498796732
163.158, 543.498794475
163.223, 543.498793037
163.289, 543.498790852
163.357, 543.498788290
163.426, 543.498790662
163.486, 543.498787100
163.548, 543.498786038
163.611, 543.498784524
163.675, 543.498785954
163.735, 543.498778201
163.797, 543.498785126
163.857, 543.498782047
163.918, 543.498781749
163.981, 543.498778844
164.046, 543.498777237
164.112, 543.498773751
164.18, 543.498772239
164.25, 543.498777962
164.31, 543.498768908
164.371, 543.498766242
164.434, 543.498769698
164.494, 543.498767566
164.556, 543.498765650
164.619, 543.498764039
164.683, 543.498762168
164.75, 543.498762723
164.81, 543.498761283
164.871, 543.498762105
164.931, 543.498760384
164.993, 543.498758059
165.056, 543.498753588
165.12, 543.498755655
165.18, 543.498751582
165.242, 543.498751006
165.305, 543.498753843
165.365, 543.498751065
165.426, 543.498747010
165.489, 543.498746310
165.554, 543.498745608
165.62, 543.498742466
165.688, 543.498744073
165.748, 543.498738847
165.81, 543.498738155
165.873, 543.498736122
165.937, 543.498735438
166.003, 543.498733072
166.071, 543.498735066
166.131, 543.498733623
166.193, 543.498730953
166.256, 543.498729082
166.321, 543.498728294
166.387, 543.498727686
166.455, 543.498728769
166.515, 543.498721761
166.576, 543.498722980
166.636, 543.498719572
166.698, 543.498721565
166.758, 543.498718082
166.819, 543.498719202
166.879, 543.498718469
166.941, 543.498717142
167.004, 543.498718153
167.064, 543.498713825
167.125, 543.498709384
167.188, 543.498710433
167.248, 543.498708805
167.31, 543.498710427
167.37, 543.498707156
167.431, 543.498707829
167.491, 543.498702111
167.553, 543.498705225
167.613, 543.498701009
167.674, 543.498703552
167.734, 543.498700336
167.796, 543.498697635
167.859, 543.498697625
167.923, 543.498693787
167.99, 543.498694510
168.05, 543.498692591
168.111, 543.498693772
168.171, 543.498689131
168.233, 543.498691736
168.293, 543.498686844
168.354, 543.498686272
168.417, 543.498687759
168.477, 543.498686040
168.539, 543.498680689
168.602, 543.498680976
168.662, 543.498681020
168.722, 543.498677012
168.783, 543.498676521
168.846, 543.498676032
168.911, 543.498675846
168.977, 543.498672932
169.045, 543.498674423
169.105, 543.498670977
169.166, 543.498669582
169.229, 543.498668384
169.294, 543.498667960
169.36, 543.498662868
169.428, 543.498664894
169.488, 543.498662598
169.55, 543.498658824
169.613, 543.498657166
169.677, 543.498659075
169.737, 543.498658217
169.799, 543.498659797
169.859, 543.498655661
169.92, 543.498652714
169.983, 543.498652670
170.048, 543.498647726
170.114, 543.498652217
170.174, 543.498648810
170.236, 543.498649719
170.296, 543.498642168
170.357, 543.498642242
170.417, 543.498641403
170.479, 543.498641373
170.542, 543.498640632
170.606, 543.498639096
170.673, 543.498636795
170.74, 543.498636141
170.81, 543.498635851
170.881, 543.498636662
170.941, 543.498633734
171.003, 543.498630972
171.066, 543.498628440
171.131, 543.498629253
171.191, 543.498625010
171.252, 543.498623202
171.315, 543.498625927
171.375, 543.498621359
171.437, 543.498621361
171.497, 543.498620422
171.558, 543.498618102
171.621, 543.498617044
171.686, 543.498612983
171.752, 543.498613773
171.812, 543.498615232
171.872, 543.498612587
171.933, 543.498611579
171.996, 543.498610275
172.061, 543.498609646
172.127, 543.498606814
172.195, 543.498606858
172.255, 543.498604356
172.317, 543.498605825
172.377, 543.498599649
172.438, 543.498603273
172.498, 543.498596761
172.56, 543.498596520
172.623, 543.498600251
172.683, 543.498597574
172.744, 543.498593358
172.807, 543.498590876
172.872, 543.498592219
172.932, 543.498587756
172.993, 543.498585857
173.056, 543.498589755
173.116, 543.498586111
173.178, 543.498584329
173.241, 543.498583830
173.306, 543.498579521
173.372, 543.498577622
173.44, 543.498579714
173.5, 543.498579399
173.561, 543.498578691
173.624, 543.498577618
173.689, 543.498575708
173.755, 543.498570358
173.823, 543.498568193
173.893, 543.498570195
173.953, 543.498569610
174.014, 543.498564493
174.077, 543.498564515
174.137, 543.498563427
174.199, 543.498564077
174.259, 543.498560499
174.32, 543.498559761
174.383, 543.498558856
174.448, 543.498558339
174.514, 543.498558888
174.574, 543.498553032
174.635, 543.498551047
174.699, 543.498549339
174.763, 543.498549830
174.823, 543.498547631
174.885, 543.498547394
174.948, 543.498547206
175.012, 543.498548420
175.072, 543.498547187
175.134, 543.498540631
175.197, 543.498544997
175.257, 543.498540613
175.318, 543.498539543
175.381, 543.498536201
175.446, 543.498534780
175.512, 543.498534881
175.572, 543.498531466
175.634, 543.498530803
175.697, 543.498533491
175.757, 543.498532587
175.818, 543.498525027
175.881, 543.498526930
175.941, 543.498525979
176.003, 543.498523369
176.066, 543.498522624
176.13, 543.498520879
176.197, 543.498521379
176.257, 543.498519826
176.318, 543.498516543
176.381, 543.498518358
176.441, 543.498513951
176.503, 543.498514761
176.563, 543.498514590
176.624, 543.498513122
176.687, 543.498514786
176.747, 543.498512879
176.809, 543.498507430
176.872, 543.498506532
176.936, 543.498507438
176.996, 543.498503374
177.058, 543.498500770
177.121, 543.498502230
177.181, 543.498504870
177.241, 543.498501321
177.302, 543.498497861
177.365, 543.498496816
177.43, 543.498494322
177.496, 543.498491379
177.564, 543.498497470
177.624, 543.498490605
177.686, 543.498488708
177.749, 543.498489092
177.809, 543.498488594
177.87, 543.498483756
177.933, 543.498482404
177.998, 543.498481098
178.064, 543.498481406
178.124, 543.498480833
178.186, 543.498478191
178.249, 543.498477377
178.313, 543.498475809
178.379, 543.498472726
178.447, 543.498470221
178.517, 543.498475020
178.577, 543.498473776
178.638, 543.498468821
178.701, 543.498467925
178.766, 543.498466427
178.832, 543.498466310
178.9, 543.498466695
178.96, 543.498465763
179.022, 543.498463711
179.085, 543.498461453
179.149, 543.498462005
179.209, 543.498459080
179.271, 543.498456115
179.334, 543.498454310
179.399, 543.498453718
179.465, 543.498447084
179.533, 543.498455728
179.593, 543.498453859
179.654, 543.498449830
179.717, 543.498448915
179.782, 543.498445112
179.848, 543.498443353
179.916, 543.498441218
179.985, 543.498445566
180.045, 543.498439829
180.107, 543.498438240
180.17, 543.498436753
180.235, 543.498435899
180.301, 543.498434622
180.369, 543.498435624
180.429, 543.498432075
180.49, 543.498429675
180.553, 543.498432786
180.613, 543.498432123
180.675, 543.498428890
180.738, 543.498424111
180.802, 543.498424764
180.862, 543.498425864
180.922, 543.498421900
180.984, 543.498419877
181.047, 543.498420322
181.107, 543.498416941
181.168, 543.498417600
181.228, 543.498415190
181.29, 543.498414683
181.353, 543.498415632
181.413, 543.498411930
181.474, 543.498412136
181.534, 543.498406153
181.596, 543.498409232
181.656, 543.498405595
181.717, 543.498404526
181.781, 543.498403771
181.845, 543.498402348
181.911, 543.498403151
181.971, 543.498400958
182.033, 543.498398071
182.096, 543.498397362
182.161, 543.498398743
182.221, 543.498396660
182.282, 543.498392348
182.345, 543.498392805
182.405, 543.498391808
182.467, 543.498389192
182.53, 543.498390492
182.59, 543.498385789
182.651, 543.498388198
182.711, 543.498385487
182.773, 543.498382434
182.836, 543.498382884
182.896, 543.498378729
182.957, 543.498377507
183.02, 543.498379633
183.08, 543.498379659
183.14, 543.498377327
183.202, 543.498373483
183.265, 543.498377125
183.325, 543.498370144
183.386, 543.498373226
183.446, 543.498367020
183.508, 543.498365066
183.571, 543.498368749
183.631, 543.498367101
183.692, 543.498364981
183.755, 543.498362472
183.82, 543.498360336
183.886, 543.498363193
183.946, 543.498358665
184.008, 543.498357510
184.071, 543.498357073
184.135, 543.498358130
184.195, 543.498354629
184.257, 543.498349516
184.32, 543.498347913
184.384, 543.498350113
184.444, 543.498348807
184.506, 543.498346991
184.569, 543.498346826
184.634, 543.498344878
184.7, 543.498343435
184.768, 543.498342697
184.837, 543.498341961
184.909, 543.498338911
184.982, 543.498340733
185.042, 543.498336686
185.103, 543.498336700
185.163, 543.498334046
185.225, 543.498333425
185.288, 543.498332084
185.352, 543.498331491
185.419, 543.498330927
185.486, 543.498328651
185.556, 543.498329711
185.616, 543.498324898
185.678, 543.498323253
185.741, 543.498320215
185.805, 543.498320811
185.865, 543.498319319
185.927, 543.498318871
185.99, 543.498315627
186.054, 543.498316097
186.114, 543.498315881
186.176, 543.498315818
186.239, 543.498311383
186.303, 543.498309890
186.37, 543.498308765
186.438, 543.498308065
186.507, 543.498306832
186.579, 543.498305409
186.652, 543.498303729
186.727, 543.498302556
186.803, 543.498301535
186.882, 543.498300583
186.963, 543.498299639
187.045, 543.498293818
187.13, 543.498293518
187.217, 543.498289928
187.306, 543.498288865
187.398, 543.498287976
187.491, 543.498284415
187.587, 543.498282600
187.685, 543.498285397
187.745, 543.498278594
187.807, 543.498277546
187.87, 543.498277417
187.934, 543.498276038
188.001, 543.498275881
188.069, 543.498274168
188.138, 543.498272958
188.21, 543.498271399
188.283, 543.498272312
188.343, 543.498269840
188.404, 543.498261173
188.467, 543.498265849
188.527, 543.498262029
188.589, 543.498261020
188.652, 543.498259221
188.716, 543.498257899
188.783, 543.498258804
188.843, 543.498256378
188.904, 543.498253097
188.967, 543.498253658
189.027, 543.498253116
189.089, 543.498249631
189.152, 543.498252147
189.212, 543.498249787
189.273, 543.498250454
189.333, 543.498246040
189.395, 543.498244228
189.458, 543.498242677
189.522, 543.498240911
189.588, 543.498241343
189.648, 543.498238801
189.71, 543.498237074
189.773, 543.498238950
189.833, 543.498236364
189.895, 543.498236253
189.958, 543.498235673
190.022, 543.498234508
190.088, 543.498233915
190.156, 543.498229677
190.226, 543.498231676
190.286, 543.498226477
190.347, 543.498225876
190.41, 543.498226171
190.47, 543.498222489
190.532, 543.498222416
190.595, 543.498223494
190.655, 543.498218673
190.716, 543.498216978
190.779, 543.498216312
190.844, 543.498215119
190.91, 543.498216284
190.97, 543.498211364
191.032, 543.498212917
191.092, 543.498208042
191.153, 543.498210595
191.213, 543.498211584
191.273, 543.498204005
191.335, 543.498203743
191.398, 543.498207165
191.458, 543.498203959
191.519, 543.498200069
191.582, 543.498200232
191.642, 543.498199161
191.704, 543.498196366
191.767, 543.498194964
191.832, 543.498196715
191.892, 543.498194543
191.953, 543.498190626
192.016, 543.498194563
192.076, 543.498189212
192.138, 543.498183836
192.201, 543.498188967
192.261, 543.498187600
192.322, 543.498185441
192.385, 543.498185126
192.45, 543.498183442
192.516, 543.498180669
192.584, 543.498181287
192.644, 543.498179484
192.705, 543.498174952
192.768, 543.498175315
192.828, 543.498172505
192.89, 543.498174933
192.95, 543.498172878
193.011, 543.498171765
193.074, 543.498168584
193.139, 543.498167570
193.205, 543.498164383
193.273, 543.498165546
193.333, 543.498165137
193.395, 543.498163886
193.458, 543.498161590
193.522, 543.498162820
193.582, 543.498158687
193.644, 543.498155899
193.707, 543.498155111
193.771, 543.498156743
193.831, 543.498154318
193.893, 543.498152601
193.956, 543.498153262
194.016, 543.498148857
194.078, 543.498151034
194.138, 543.498145352
194.199, 543.498143582
194.262, 543.498143851
194.322, 543.498140858
194.384, 543.498142644
194.444, 543.498138337
194.505, 543.498138026
194.568, 543.498137789
194.633, 543.498135594
194.699, 543.498134214
194.767, 543.498136034
194.827, 543.498132228
194.888, 543.498131186
194.951, 543.498131561
195.011, 543.498126553
195.073, 543.498127961
195.133, 543.498127425
195.194, 543.498122861
195.257, 543.498127817
195.317, 543.498117960
195.379, 543.498119490
195.439, 543.498119667
195.499, 543.498119054
195.56, 543.498116829
195.623, 543.498113834
195.688, 543.498116246
195.748, 543.498110698
195.81, 543.498112076
195.87, 543.498110411
195.931, 543.498105629
195.994, 543.498111051
196.054, 543.498106532
196.116, 543.498105947
196.179, 543.498102027
196.243, 543.498101971
196.309, 543.498099507
196.377, 543.498101971
196.437, 543.498098859
196.499, 543.498098803
196.562, 543.498097166
196.627, 543.498096472
196.693, 543.498095957
196.761, 543.498096746
196.821, 543.498089168
196.882, 543.498089820
196.942, 543.498085406
197.004, 543.498088965
197.064, 543.498084147
197.125, 543.498084718
197.185, 543.498080176
197.247, 543.498078391
197.31, 543.498083254
197.37, 543.498079020
197.431, 543.498077685
197.494, 543.498076976
197.559, 543.498075496
197.625, 543.498075493
197.693, 543.498072212
197.763, 543.498073548
197.823, 543.498069276
197.884, 543.498070253
197.944, 543.498066423
198.006, 543.498067154
198.066, 543.498065448
198.127, 543.498066280
198.187, 543.498063062
198.249, 543.498062772
198.312, 543.498064276
198.372, 543.498059971
198.433, 543.498058450
198.496, 543.498061425
198.556, 543.498053408
198.618, 543.498054724
198.678, 543.498052953
198.739, 543.498049688
198.802, 543.498052464
198.862, 543.498047271
198.924, 543.498048199
198.984, 543.498048967
199.044, 543.498046638
199.105, 543.498043943
199.168, 543.498043531
199.233, 543.498041830
199.299, 543.498037248
199.367, 543.498038495
199.427, 543.498038936
199.487, 543.498035431
199.548, 543.498032042
199.611, 543.498032571
199.671, 543.498032219
199.733, 543.498029236
199.796, 543.498032049
199.856, 543.498026308
199.917, 543.498026027
199.98, 543.498025820
200.045, 543.498024720
200.111, 543.498021469
200.179, 543.498021538
200.239, 543.498019499
200.301, 543.498018959
200.364, 543.498020103
200.424, 543.498018014
200.485, 543.498016999
200.548, 543.498015432
200.613, 543.498013472
200.679, 543.498012572
200.747, 543.498013338
200.807, 543.498008169
200.869, 543.498005185
200.932, 543.498006987
200.992, 543.498003914
201.053, 543.498004026
201.113, 543.498001305
201.175, 543.497997182
201.238, 543.498002202
201.298, 543.497998382
201.359, 543.497998154
201.422, 543.497998192
201.482, 543.497991954
201.544, 543.497993815
201.604, 543.497986848
201.665, 543.497988761
201.725, 543.497990400
201.785, 543.497987266
201.847, 543.497985490
201.91, 543.497987961
201.97, 543.497984570
202.031, 543.497980650
202.094, 543.497982849
202.154, 543.497982135
202.216, 543.497977764
202.279, 543.497983574
202.339, 543.497980861
202.4, 543.497974891
202.463, 543.497975394
202.523, 543.497975384
202.585, 543.497970118
202.648, 543.497973360
202.708, 543.497968305
202.769, 543.497967971
202.832, 543.497968254
202.892, 543.497965190
202.954, 543.497961527
203.017, 543.497963427
203.077, 543.497960844
203.138, 543.497961679
203.198, 543.497959379
203.26, 543.497957660
203.323, 543.497955744
203.388, 543.497957361
203.448, 543.497948711
203.509, 543.497952120
203.569, 543.497947439
203.631, 543.497950169
203.691, 543.497950774
203.751, 543.497946973
203.812, 543.497943312
203.875, 543.497944093
203.935, 543.497946617
203.995, 543.497940712
204.057, 543.497940891
204.117, 543.497943167
204.177, 543.497936280
204.238, 543.497936845
204.298, 543.497935775
204.36, 543.497930738
204.423, 543.497931784
204.483, 543.497930896
204.544, 543.497930822
204.607, 543.497930582
204.672, 543.497930262
204.738, 543.497930059
204.806, 543.497926817
204.875, 543.497925877
204.947, 543.497925091
205.02, 543.497924926
205.095, 543.497925558
205.155, 543.497921745
205.216, 543.497915945
205.279, 543.497918491
205.339, 543.497915766
205.401, 543.497914750
205.464, 543.497916484
205.524, 543.497911986
205.585, 543.497912159
205.645, 543.497909291
205.707, 543.497903120
205.77, 543.497905697
205.83, 543.497904091
205.891, 543.497905375
205.951, 543.497902140
206.013, 543.497899945
206.076, 543.497902270
206.136, 543.497901286
206.197, 543.497898769
206.261, 543.497899758
206.321, 543.497896101
206.382, 543.497895358
206.445, 543.497897369
206.505, 543.497890543
206.567, 543.497890763
206.627, 543.497887741
206.688, 543.497885585
206.751, 543.497886631
206.811, 543.497885955
206.873, 543.497884173
206.936, 543.497885181
206.996, 543.497881507
207.057, 543.497882860
207.117, 543.497880602
207.179, 543.497878891
207.242, 543.497877258
207.306, 543.497876603
207.373, 543.497875040
207.44, 543.497869313
207.51, 543.497872057
207.57, 543.497869439
207.631, 543.497862709
207.695, 543.497869400
207.755, 543.497866223
207.816, 543.497863607
207.879, 543.497863023
207.944, 543.497867564
208.004, 543.497861454
208.065, 543.497860567
208.128, 543.497859958
208.193, 543.497859272
208.259, 543.497856549
208.327, 543.497853357
208.397, 543.497853350
208.468, 543.497849521
208.541, 543.497849316
208.616, 543.497851696
208.676, 543.497847897
208.737, 543.497846849
208.8, 543.497845240
208.865, 543.497844822
208.931, 543.497839553
208.999, 543.497841857
209.059, 543.497839781
209.121, 543.497838356
209.184, 543.497835815
209.248, 543.497839075
209.308, 543.497832450
209.37, 543.497832129
209.433, 543.497833026
209.493, 543.497833351
209.553, 543.497827854
209.614, 543.497826642
209.677, 543.497828096
209.737, 543.497823128
209.799, 543.497820958
209.862, 543.497822311
209.922, 543.497820097
209.983, 543.497817497
210.046, 543.497820354
210.106, 543.497813773
210.168, 543.497815462
210.228, 543.497812764
210.289, 543.497813390
210.349, 543.497811336
210.411, 543.497811803
210.471, 543.497811377
210.532, 543.497809647
210.595, 543.497808741
210.66, 543.497806478
210.726, 543.497803492
210.794, 543.497800066
210.864, 543.497806401
210.924, 543.497802495
210.985, 543.497800008
211.048, 543.497800925
211.108, 543.497795343
211.17, 543.497794106
211.233, 543.497793784
211.297, 543.497798373
211.357, 543.497790500
211.419, 543.497789852
211.482, 543.497790301
211.542, 543.497788213
211.604, 543.497786239
211.667, 543.497783727
211.731, 543.497780409
211.797, 543.497785242
211.857, 543.497779822
211.919, 543.497781155
211.979, 543.497777427
212.04, 543.497779416
212.1, 543.497775956
212.162, 543.497777297
212.222, 543.497774896
212.283, 543.497772918
212.346, 543.497770545
212.411, 543.497771197
212.471, 543.497767995
212.533, 543.497765210
212.596, 543.497767894
212.656, 543.497763027
212.717, 543.497762817
212.78, 543.497762505
212.845, 543.497760702
212.911, 543.497763252
212.971, 543.497756807
213.032, 543.497758112
213.092, 543.497756831
213.154, 543.497759871
213.214, 543.497754235
213.275, 543.497751462
213.338, 543.497749855
213.403, 543.497753138
213.463, 543.497746924
213.525, 543.497749422
213.585, 543.497745660
213.646, 543.497743180
213.709, 543.497745347
213.769, 543.497743551
213.831, 543.497739351
213.894, 543.497738987
213.958, 543.497738874
214.025, 543.497736048
214.092, 543.497733621
214.162, 543.497734111
214.222, 543.497731738
214.283, 543.497732354
214.343, 543.497731521
214.405, 543.497727611
214.468, 543.497729038
214.528, 543.497728757
214.59, 543.497725631
214.653, 543.497723511
214.717, 543.497723546
214.777, 543.497720120
214.839, 543.497718921
214.902, 543.497719192
214.962, 543.497715877
215.023, 543.497713871
215.086, 543.497713740
215.151, 543.497714754
215.211, 543.497715324
215.271, 543.497711473
215.332, 543.497710389
215.395, 543.497707287
215.46, 543.497710967
215.52, 543.497707242
215.582, 543.497706380
215.645, 543.497698955
215.709, 543.497709232
215.769, 543.497701405
215.831, 543.497694090
215.894, 543.497700072
215.954, 543.497693197
216.015, 543.497697514
216.075, 543.497694767
216.137, 543.497691024
216.2, 543.497693094
216.26, 543.497690219
216.321, 543.497690920
216.381, 543.497687544
216.443, 543.497686473
216.506, 543.497686890
216.566, 543.497685889
216.627, 543.497683945
216.69, 543.497680841
216.755, 543.497683222
216.815, 543.497680057
216.876, 543.497677358
216.939, 543.497678107
216.999, 543.497675210
217.061, 543.497674048
217.124, 543.497674424
217.184, 543.497674869
217.244, 543.497671955
217.306, 543.497670498
217.369, 543.497669043
217.433, 543.497668135
217.499, 543.497666306
217.567, 543.497666529
217.627, 543.497661262
217.689, 543.497663874
217.749, 543.497661240
217.81, 543.497660116
217.873, 543.497657206
217.938, 543.497655883
218.004, 543.497657612
218.064, 543.497651722
218.126, 543.497655432
218.186, 543.497655417
218.247, 543.497649635
218.31, 543.497649753
218.37, 543.497648247
218.432, 543.497645395
218.495, 543.497643790
218.559, 543.497640387
218.626, 543.497642250
218.686, 543.497641963
218.747, 543.497636057
218.81, 543.497640691
218.87, 543.497635796
218.932, 543.497633432
218.995, 543.497636755
219.055, 543.497634243
219.116, 543.497630883
219.179, 543.497630124
219.244, 543.497631021
219.304, 543.497627978
219.365, 543.497625174
219.428, 543.497626680
219.488, 543.497623749
219.55, 543.497623553
219.613, 543.497620691
219.677, 543.497622485
219.737, 543.497620233
219.799, 543.497617477
219.862, 543.497618815
219.922, 543.497616150
219.984, 543.497613981
220.047, 543.497616811
220.107, 543.497612423
220.168, 543.497612949
220.228, 543.497609466
220.29, 543.497607617
220.353, 543.497605779
220.417, 543.497607093
220.477, 543.497603880
220.539, 543.497604593
220.599, 543.497602937
220.66, 543.497606014
220.72, 543.497599716
220.782, 543.497600668
220.842, 543.497599046
220.903, 543.497596695
220.966, 543.497593306
221.031, 543.497593282
221.097, 543.497589656
221.165, 543.497591770
221.225, 543.497588632
221.286, 543.497587492
221.35, 543.497587945
221.41, 543.497584404
221.471, 543.497584795
221.531, 543.497580541
221.593, 543.497583038
221.653, 543.497583623
221.713, 543.497577611
221.774, 543.497577681
221.834, 543.497577574
221.896, 543.497576419
221.959, 543.497573254
222.023, 543.497572605
222.089, 543.497573173
222.149, 543.497572442
222.211, 543.497573203
222.271, 543.497565130
222.332, 543.497566056
222.392, 543.497563226
222.454, 543.497562428
222.517, 543.497563627
222.577, 543.497561400
222.638, 543.497562675
222.698, 543.497558052
222.76, 543.497559858
222.82, 543.497557476
222.881, 543.497557535
222.941, 543.497553813
223.003, 543.497553679
223.066, 543.497551194
223.131, 543.497552524
223.191, 543.497547234
223.252, 543.497546775
223.315, 543.497545878
223.38, 543.497543105
223.446, 543.497543993
223.506, 543.497543192
223.567, 543.497540486
223.63, 543.497543206
223.69, 543.497536259
223.752, 543.497537392
223.812, 543.497535984
223.873, 543.497535078
223.937, 543.497532803
224.001, 543.497534197
224.061, 543.497529859
224.123, 543.497531997
224.183, 543.497532281
224.243, 543.497528197
224.304, 543.497527060
224.367, 543.497525823
224.432, 543.497524393
224.498, 543.497523274
224.566, 543.497523125
224.635, 543.497523218
224.695, 543.497520525
224.757, 543.497518173
224.82, 543.497513166
224.885, 543.497515404
224.945, 543.497512779
225.006, 543.497513752
225.066, 543.497509666
225.128, 543.497512066
225.188, 543.497509588
225.249, 543.497508480
225.312, 543.497509455
225.372, 543.497505020
225.434, 543.497502153
225.497, 543.497502951
225.557, 543.497503740
225.617, 543.497499815
225.678, 543.497497210
225.741, 543.497497646
225.801, 543.497497500
225.863, 543.497493555
225.926, 543.497494639
225.986, 543.497491695
226.047, 543.497490983
226.11, 543.497494907
226.17, 543.497488910
226.232, 543.497487484
226.295, 543.497486001
226.359, 543.497484532
226.426, 543.497480666
226.494, 543.497483142
226.554, 543.497481652
226.615, 543.497479806
226.678, 543.497477338
226.743, 543.497477643
226.803, 543.497477830
226.863, 543.497473848
226.924, 543.497470144
226.987, 543.497467463
227.052, 543.497470733
227.112, 543.497470104
227.173, 543.497469880
227.236, 543.497468495
227.301, 543.497468688
227.361, 543.497461960
227.423, 543.497462740
227.483, 543.497459898
227.544, 543.497461687
227.604, 543.497458635
227.666, 543.497457565
227.729, 543.497457306
227.793, 543.497455862
227.859, 543.497451568
227.927, 543.497453852
227.987, 543.497451566
228.049, 543.497449393
228.112, 543.497450878
228.172, 543.497448311
228.233, 543.497448026
228.296, 543.497445739
228.361, 543.497446600
228.421, 543.497445155
228.482, 543.497442557
228.546, 543.497438801
228.61, 543.497438969
228.67, 543.497439004
228.73, 543.497434392
228.792, 543.497435513
228.852, 543.497433306
228.913, 543.497431859
228.976, 543.497431863
229.036, 543.497431015
229.098, 543.497430888
229.161, 543.497431358
229.221, 543.497430200
229.282, 543.497426812
229.345, 543.497421529
229.41, 543.497425205
229.47, 543.497425393
229.53, 543.497420233
229.591, 543.497420888
229.651, 543.497413706
229.713, 543.497416346
229.773, 543.497414076
229.834, 543.497413058
229.897, 543.497414297
229.957, 543.497415289
230.017, 543.497409009
230.079, 543.497407097
230.142, 543.497406021
230.207, 543.497405271
230.273, 543.497404190
230.341, 543.497407059
230.401, 543.497403451
230.462, 543.497404083
230.522, 543.497402782
230.584, 543.497400495
230.647, 543.497397365
230.711, 543.497397177
230.778, 543.497395470
230.845, 543.497394534
230.915, 543.497391929
230.986, 543.497394799
231.046, 543.497387042
231.108, 543.497387688
231.168, 543.497385491
231.229, 543.497385640
231.289, 543.497381467
231.351, 543.497384626
231.411, 543.497382295
231.472, 543.497379705
231.535, 543.497378628
231.6, 543.497380351
231.66, 543.497378626
231.721, 543.497376629
231.785, 543.497373449
231.849, 543.497377982
231.909, 543.497371182
231.971, 543.497371263
232.031, 543.497365860
232.092, 543.497368840
232.152, 543.497365893
232.214, 543.497365813
232.277, 543.497365995
232.337, 543.497366276
232.397, 543.497360458
232.458, 543.497361531
232.518, 543.497360555
232.58, 543.497357288
232.643, 543.497354836
232.707, 543.497358638
232.767, 543.497356473
232.829, 543.497353463
232.892, 543.497352226
232.956, 543.497346763
233.023, 543.497350826
233.083, 543.497348450
233.144, 543.497346466
233.207, 543.497345612
233.272, 543.497346953
233.332, 543.497340130
233.393, 543.497339214
233.456, 543.497340852
233.516, 543.497337267
233.578, 543.497339023
233.638, 543.497338125
233.699, 543.497333574
233.762, 543.497336048
233.822, 543.497333295
233.884, 543.497331131
233.947, 543.497334009
234.007, 543.497328898
234.068, 543.497330365
234.128, 543.497325806
234.19, 543.497325139
234.253, 543.497327216
234.313, 543.497324292
234.375, 543.497323718
234.438, 543.497324700
234.498, 543.497319561
234.559, 543.497319789
234.619, 543.497317595
234.681, 543.497313924
234.744, 543.497314577
234.804, 543.497311951
234.865, 543.497309987
234.928, 543.497310767
234.988, 543.497307706
235.05, 543.497310032
235.11, 543.497311060
235.17, 543.497306605
235.231, 543.497305805
235.294, 543.497301553
235.359, 543.497305070
235.419, 543.497301532
235.48, 543.497301310
235.543, 543.497297722
235.608, 543.497299464
235.668, 543.497293878
235.729, 543.497296161
235.789, 543.497293061
235.851, 543.497291109
235.914, 543.497289796
235.979, 543.497292775
236.039, 543.497286890
236.1, 543.497290649
236.16, 543.497287051
236.222, 543.497281331
236.285, 543.497281926
236.345, 543.497280441
236.406, 543.497281380
236.466, 543.497279952
236.528, 543.497276205
236.591, 543.497278593
236.651, 543.497275949
236.712, 543.497272623
236.775, 543.497274316
236.835, 543.497275147
236.895, 543.497267536
236.957, 543.497269608
237.017, 543.497268716
237.078, 543.497268357
237.141, 543.497265161
237.206, 543.497269245
237.266, 543.497263613
237.327, 543.497261156
237.39, 543.497261837
237.45, 543.497256587
237.512, 543.497260882
237.572, 543.497258141
237.633, 543.497255080
237.696, 543.497253575
237.761, 543.497255905
237.821, 543.497247588
237.883, 543.497251400
237.943, 543.497248168
238.004, 543.497249068
238.064, 543.497250063
238.124, 543.497245163
238.186, 543.497246230
238.246, 543.497244848
238.307, 543.497239879
238.37, 543.497239243
238.435, 543.497239558
238.495, 543.497236666
238.556, 543.497236275
238.619, 543.497233617
238.684, 543.497236966
238.744, 543.497232978
238.805, 543.497230839
238.868, 543.497231531
238.928, 543.497231865
238.988, 543.497227481
239.05, 543.497227926
239.11, 543.497226813
239.171, 543.497222122
239.234, 543.497222033
239.299, 543.497225701
239.359, 543.497218156
239.421, 543.497221688
239.481, 543.497220301
239.542, 543.497215281
239.605, 543.497215130
239.67, 543.497215061
239.736, 543.497213638
239.804, 543.497214398
239.864, 543.497211751
239.925, 543.497209638
239.988, 543.497211563
240.048, 543.497206211
240.11, 543.497201163
240.173, 543.497204602
240.233, 543.497202512
240.294, 543.497202119
240.357, 543.497202182
240.417, 543.497202677
240.477, 543.497197515
240.539, 543.497198825
240.599, 543.497198000
240.66, 543.497196002
240.723, 543.497195672
240.788, 543.497193322
240.854, 543.497195188
240.914, 543.497193049
240.976, 543.497188601
241.039, 543.497183887
241.103, 543.497185093
241.163, 543.497187089
241.223, 543.497183198
241.285, 543.497185426
241.345, 543.497180101
241.406, 543.497179820
241.469, 543.497177390
241.534, 543.497179148
241.594, 543.497177678
241.656, 543.497176225
241.719, 543.497173265
241.783, 543.497170760
241.849, 543.497169463
241.917, 543.497173296
241.977, 543.497165396
242.039, 543.497167764
242.099, 543.497167374
242.16, 543.497165806
242.223, 543.497164481
242.288, 543.497162573
242.354, 543.497160967
242.422, 543.497161333
242.482, 543.497157022
242.544, 543.497155998
242.607, 543.497155396
242.671, 543.497157690
242.731, 543.497152272
242.793, 543.497150046
242.856, 543.497151866
242.916, 543.497150318
242.977, 543.497148124
243.04, 543.497144493
243.105, 543.497144352
243.171, 543.497144592
243.231, 543.497143383
243.293, 543.497139702
243.356, 543.497142319
243.416, 543.497140086
243.477, 543.497137368
243.54, 543.497137805
243.6, 543.497138651
243.66, 543.497129926
243.722, 543.497135234
243.782, 543.497133528
243.843, 543.497132934
243.906, 543.497129705
243.971, 543.497127827
244.037, 543.497125679
244.105, 543.497125135
244.175, 543.497123274
244.246, 543.497125919
244.306, 543.497121255
244.367, 543.497120188
244.43, 543.497118315
244.495, 543.497116565
244.561, 543.497115331
244.629, 543.497119467
244.689, 543.497112691
244.751, 543.497115137
244.811, 543.497112188
244.872, 543.497108568
244.935, 543.497109820
244.995, 543.497108585
245.057, 543.497107598
245.12, 543.497105950
245.184, 543.497109722
245.244, 543.497100365
245.306, 543.497102950
245.366, 543.497101238
245.427, 543.497100097
245.49, 543.497098282
245.555, 543.497097392
245.621, 543.497096422
245.689, 543.497092993
245.759, 543.497095231
245.819, 543.497089520
245.88, 543.497090084
245.94, 543.497089602
246.002, 543.497090205
246.062, 543.497083219
246.123, 543.497085918
246.183, 543.497083793
246.245, 543.497083516
246.308, 543.497079096
246.372, 543.497080900
246.432, 543.497077378
246.494, 543.497079127
246.554, 543.497078217
246.615, 543.497075505
246.678, 543.497076507
246.738, 543.497073367
246.8, 543.497073084
246.863, 543.497072408
246.928, 543.497070768
246.994, 543.497066218
247.062, 543.497068104
247.122, 543.497066235
247.183, 543.497063908
247.246, 543.497060598
247.311, 543.497059421
247.377, 543.497063290
247.437, 543.497055368
247.499, 543.497057209
247.559, 543.497053270
247.62, 543.497056037
247.68, 543.497051509
247.742, 543.497052750
247.802, 543.497051599
247.863, 543.497048010
247.926, 543.497048340
247.986, 543.497047008
248.048, 543.497049930
248.108, 543.497046821
248.169, 543.497042111
248.232, 543.497042780
248.292, 543.497037808
248.354, 543.497038122
248.414, 543.497039042
248.474, 543.497035369
248.535, 543.497036017
248.595, 543.497034294
248.657, 543.497035010
248.717, 543.497028585
248.778, 543.497029768
248.838, 543.497030205
248.898, 543.497029163
248.96, 543.497026810
249.023, 543.497030473
249.083, 543.497025610
249.144, 543.497022772
249.207, 543.497023686
249.267, 543.497020183
249.329, 543.497018788
249.392, 543.497022117
249.452, 543.497020020
249.513, 543.497012954
249.576, 543.497012573
249.641, 543.497014957
249.701, 543.497012384
249.762, 543.497013501
249.822, 543.497013825
249.882, 543.497007278
249.944, 543.497007427
250.004, 543.497002939
250.065, 543.497006704
250.125, 543.497004029
250.187, 543.497005760
250.247, 543.497002556
250.308, 543.496999814
250.371, 543.496998659
250.436, 543.497000713
250.496, 543.496997534
250.558, 543.496993448
250.621, 543.496993074
250.685, 543.496993341
250.745, 543.496989576
250.807, 543.496989505
250.87, 543.496989660
250.93, 543.496990222
250.99, 543.496986602
251.051, 543.496985122
251.114, 543.496986982
251.174, 543.496980992
