0.06, 0.0196533
0.12, 0.0196838
0.18, 0.0196838
0.2415, 0.0196838
0.304538, 0.0196838
0.369151, 0.0196838
0.43538, 0.0196838
0.503264, 0.0196838
0.572846, 0.0196838
0.644167, 0.0196838
0.717271, 0.0196838
0.792203, 0.0196838
0.869008, 0.0196838
0.947733, 0.0196838
1.02843, 0.0196838
1.11114, 0.0196838
1.19592, 0.0196838
1.28281, 0.0196838
1.37188, 0.0196838
1.46318, 0.0196533
1.55676, 0.0196533
1.65268, 0.0196533
1.751, 0.0196533
1.85177, 0.0196533
1.95507, 0.0196533
2.06094, 0.0196533
2.16947, 0.0196533
2.2807, 0.0196533
2.39472, 0.0196533
2.51159, 0.0196533
2.63138, 0.0196533
2.75416, 0.0196533
2.88002, 0.0196533
3.00902, 0.0196533
3.14124, 0.0196533
3.20124, 0.0196533
3.26274, 0.0196533
3.32578, 0.0196533
3.39039, 0.0196533
3.45039, 0.0196533
3.51189, 0.0196533
3.57493, 0.0196533
3.63954, 0.0196533
3.69954, 0.0196533
3.76104, 0.0196533
3.82104, 0.0196533
3.88254, 0.0196533
3.94558, 0.0196533
4.00558, 0.0196533
4.06708, 0.0196533
4.13012, 0.0196533
4.19012, 0.0196533
4.25162, 0.0196533
4.31162, 0.0196533
4.37162, 0.0196533
4.43312, 0.0196533
4.49312, 0.0196533
4.55462, 0.0196533
4.61462, 0.0196533
4.67462, 0.0196533
4.73612, 0.0196533
4.79612, 0.0196533
4.85762, 0.0196533
4.91762, 0.0196533
4.97762, 0.0196533
5.03912, 0.0196533
5.10216, 0.0196533
5.16216, 0.0196533
5.22366, 0.0196533
5.28669, 0.0196533
5.35131, 0.0196533
5.41131, 0.0196533
5.47281, 0.0196533
5.53584, 0.0196533
5.60046, 0.0196533
5.66669, 0.0196533
5.73457, 0.0196533
5.79457, 0.0196533
5.85607, 0.0196533
5.91911, 0.0196533
5.98372, 0.0196533
6.04372, 0.0196533
6.10522, 0.0196533
6.16826, 0.0196533
6.22826, 0.0196533
6.28976, 0.0196533
6.3528, 0.0196533
6.4128, 0.0196533
6.4743, 0.0196533
6.5343, 0.0196533
6.5958, 0.0196533
6.65884, 0.0196533
6.71884, 0.0196533
6.78034, 0.0196533
6.84337, 0.0196533
6.90799, 0.0196533
6.97421, 0.0196533
7.03421, 0.0196533
7.09571, 0.0196533
7.15875, 0.0196533
7.21875, 0.0196533
7.28025, 0.0196533
7.34329, 0.0196533
7.40329, 0.0196533
7.46479, 0.0196533
7.52783, 0.0196533
7.59244, 0.0196533
7.65244, 0.0196533
7.71394, 0.0196533
7.77394, 0.0196533
7.83544, 0.0196533
7.89544, 0.0196533
7.95694, 0.0196533
8.01998, 0.0196533
8.08459, 0.0196533
8.14459, 0.0196533
8.20609, 0.0196533
8.26913, 0.0196533
8.33374, 0.0196533
8.39374, 0.0196533
8.45524, 0.0196533
8.51524, 0.0196533
8.57674, 0.0196533
8.63674, 0.0196533
8.69824, 0.0196533
8.76128, 0.0196533
8.82128, 0.0196533
8.88128, 0.0196533
8.94278, 0.0196533
9.00582, 0.0196533
9.06582, 0.0196533
9.12582, 0.0196533
9.18732, 0.0196533
9.24732, 0.0196533
9.30882, 0.0196533
9.37186, 0.0196533
9.43647, 0.0196533
9.49647, 0.0196533
9.55797, 0.0196533
9.61797, 0.0196533
9.67947, 0.0196533
9.74251, 0.0196533
9.80251, 0.0196533
9.86401, 0.0196533
9.92704, 0.0196533
9.98704, 0.0196533
10.0485, 0.0196533
10.1085, 0.0196533
10.17, 0.0196533
10.23, 0.0196533
10.29, 0.0196533
10.3515, 0.0196533
10.4146, 0.0196533
10.4792, 0.0196533
10.5392, 0.0196533
10.6007, 0.0196533
10.6607, 0.0196533
10.7222, 0.0196533
10.7852, 0.0196533
10.8498, 0.0196533
10.9161, 0.0196533
10.9761, 0.0196533
11.0376, 0.0196533
11.1006, 0.0196533
11.1652, 0.0196533
11.2315, 0.0196533
11.2993, 0.0196533
11.3689, 0.0196533
11.4289, 0.0196533
11.4889, 0.0196533
11.5504, 0.0196533
11.6104, 0.0196533
11.6719, 0.0196533
11.7319, 0.0196533
11.7919, 0.0196533
11.8534, 0.0196533
11.9165, 0.0196533
11.9765, 0.0196533
12.0365, 0.0196533
12.098, 0.0196533
12.161, 0.0196533
12.2256, 0.0196533
12.2856, 0.0196533
12.3471, 0.0196533
12.4071, 0.0196533
12.4671, 0.0196533
12.5286, 0.0196533
12.5916, 0.0196533
12.6516, 0.0196533
12.7131, 0.0196533
12.7762, 0.0196533
12.8362, 0.0196533
12.8977, 0.0196533
12.9577, 0.0196533
13.0192, 0.0196533
13.0822, 0.0196533
13.1468, 0.0196533
13.2131, 0.0196533
13.2731, 0.0196533
13.3346, 0.0196533
13.3946, 0.0196533
13.4561, 0.0196533
13.5161, 0.0196533
13.5761, 0.0196533
13.6376, 0.0196533
13.7006, 0.0196533
13.7606, 0.0196533
13.8221, 0.0196533
13.8821, 0.0196533
13.9436, 0.0196533
14.0036, 0.0196533
14.0651, 0.0196533
14.1281, 0.0196533
14.1928, 0.0196533
14.2528, 0.0196533
14.3143, 0.0196533
14.3773, 0.0196533
14.4419, 0.0196533
14.5081, 0.0196533
14.576, 0.0196533
14.636, 0.0196533
14.6975, 0.0196533
14.7606, 0.0196533
14.8252, 0.0196533
14.8852, 0.0196533
14.9467, 0.0196533
15.0097, 0.0196533
15.0697, 0.0196533
15.1312, 0.0196533
15.1912, 0.0196533
15.2527, 0.0196533
15.3157, 0.0196533
15.3757, 0.0196533
15.4372, 0.0196533
15.4972, 0.0196533
15.5587, 0.0196533
15.6187, 0.0196533
15.6802, 0.0196533
15.7433, 0.0196533
15.8033, 0.0196533
15.8648, 0.0196533
15.9248, 0.0196533
15.9863, 0.0196533
16.0463, 0.0196533
16.1078, 0.0196533
16.1708, 0.0196533
16.2354, 0.0196533
16.2954, 0.0196533
16.3569, 0.0196533
16.42, 0.0196533
16.4846, 0.0196533
16.5446, 0.0196533
16.6061, 0.0196533
16.6691, 0.0196533
16.7337, 0.0196533
16.8, 0.0196533
16.86, 0.0196533
16.9215, 0.0196533
16.9815, 0.0196533
17.043, 0.0196533
17.106, 0.0196533
17.166, 0.0196533
17.226, 0.0196533
17.2875, 0.0196533
17.3475, 0.0196533
17.409, 0.0196533
17.469, 0.0196533
17.5305, 0.0196533
17.5905, 0.0196533
17.652, 0.0196533
17.715, 0.0196533
17.775, 0.0196533
17.8365, 0.0196533
17.8996, 0.0196533
17.9642, 0.0196533
18.0304, 0.0196533
18.0983, 0.0196533
18.1583, 0.0196533
18.2198, 0.0196533
18.2798, 0.0196533
18.3413, 0.0196533
18.4043, 0.0196533
18.4643, 0.0196533
18.5258, 0.0196533
18.5889, 0.0196533
18.6535, 0.0196533
18.7197, 0.0196533
18.7797, 0.0196533
18.8412, 0.0196533
18.9043, 0.0196533
18.9689, 0.0196533
19.0289, 0.0196533
19.0889, 0.0196533
19.1504, 0.0196533
19.2104, 0.0196533
19.2704, 0.0196533
19.3319, 0.0196533
19.3949, 0.0196533
19.4595, 0.0196533
19.5195, 0.0196533
19.581, 0.0196533
19.6441, 0.0196533
19.7087, 0.0196533
19.7687, 0.0196533
19.8302, 0.0196533
19.8932, 0.0196533
19.9532, 0.0196533
20.0147, 0.0196533
20.0777, 0.0196533
20.1424, 0.0196533
20.2024, 0.0196533
20.2639, 0.0196533
20.3269, 0.0196533
20.3915, 0.0196533
20.4515, 0.0196533
20.513, 0.0196533
20.573, 0.0196533
20.633, 0.0196533
20.6945, 0.0196533
20.7575, 0.0196533
20.8175, 0.0196533
20.879, 0.0196533
20.9421, 0.0196533
21.0067, 0.0196533
21.0729, 0.0196533
21.1408, 0.0196533
21.2008, 0.0196533
21.2623, 0.0196533
21.3253, 0.0196533
21.3853, 0.0196533
21.4468, 0.0196533
21.5099, 0.0196533
21.5699, 0.0196533
21.6314, 0.0196533
21.6914, 0.0196533
21.7529, 0.0196533
21.8159, 0.0196533
21.8759, 0.0196533
21.9374, 0.0196533
22.0005, 0.0196533
22.0651, 0.0196533
22.1251, 0.0196533
22.1866, 0.0196533
22.2496, 0.0196533
22.3142, 0.0196533
22.3742, 0.0196533
22.4357, 0.0196533
22.4957, 0.0196533
22.5572, 0.0196533
22.6172, 0.0196533
22.6787, 0.0196533
22.7387, 0.0196533
22.8002, 0.0196533
22.8602, 0.0196533
22.9217, 0.0196533
22.9848, 0.0196533
23.0494, 0.0196533
23.1156, 0.0196533
23.1835, 0.0196533
23.2435, 0.0196533
23.305, 0.0196533
23.365, 0.0196533
23.4265, 0.0196533
23.4895, 0.0196533
23.5495, 0.0196533
23.6095, 0.0196533
23.671, 0.0196533
23.731, 0.0196533
23.7925, 0.0196533
23.8525, 0.0196533
23.914, 0.0196533
23.974, 0.0196533
24.034, 0.0196533
24.0955, 0.0196533
24.1586, 0.0196533
24.2232, 0.0196533
24.2894, 0.0196533
24.3573, 0.0196533
24.4173, 0.0196533
24.4788, 0.0196533
24.5418, 0.0196533
24.6064, 0.0196533
24.6727, 0.0196533
24.7327, 0.0196533
24.7942, 0.0196533
24.8542, 0.0196533
24.9157, 0.0196533
24.9787, 0.0196533
25.0387, 0.0196533
25.1002, 0.0196533
25.1632, 0.0196533
25.2232, 0.0196533
25.2847, 0.0196533
25.3478, 0.0196533
25.4124, 0.0196533
25.4724, 0.0196533
25.5339, 0.0196533
25.5939, 0.0196533
25.6554, 0.0196533
25.7184, 0.0196533
25.7784, 0.0196533
25.8399, 0.0196533
25.8999, 0.0196533
25.9599, 0.0196533
26.0214, 0.0196533
26.0814, 0.0196533
26.1429, 0.0196533
26.2029, 0.0196533
26.2644, 0.0196533
26.3275, 0.0196838
26.3921, 0.0196838
26.4521, 0.0196838
26.5136, 0.0196838
26.5766, 0.0196838
26.6366, 0.0196838
26.6981, 0.0196838
26.7612, 0.0196838
26.8258, 0.0196838
26.8858, 0.0196838
26.9473, 0.0196838
27.0103, 0.0196838
27.0749, 0.0196838
27.1412, 0.0196838
27.2012, 0.0196838
27.2627, 0.0196838
27.3257, 0.0196838
27.3903, 0.0196838
27.4565, 0.0196838
27.5165, 0.0196838
27.578, 0.0196838
27.6411, 0.0196838
27.7057, 0.0196838
27.7719, 0.0196838
27.8319, 0.0196838
27.8934, 0.0196838
27.9565, 0.0196838
28.0211, 0.0196838
28.0811, 0.0196838
28.1426, 0.0196838
28.2026, 0.0196838
28.2641, 0.0196838
28.3271, 0.0196838
28.3917, 0.0196838
28.4517, 0.0196838
28.5117, 0.0196838
28.5732, 0.0196838
28.6363, 0.0196838
28.7009, 0.0196838
28.7671, 0.0196838
28.835, 0.0196838
28.9046, 0.0196838
28.9759, 0.0196838
29.049, 0.0196838
29.1239, 0.0196838
29.1839, 0.0196838
29.2454, 0.0196838
29.3054, 0.0196838
29.3669, 0.0196838
29.43, 0.0196838
29.4946, 0.0196838
29.5546, 0.0196838
29.6161, 0.0196838
29.6791, 0.0196838
29.7437, 0.0196838
29.8037, 0.0196838
29.8652, 0.0196838
29.9283, 0.0196838
29.9883, 0.0196838
30.0498, 0.0196838
30.1098, 0.0196838
30.1713, 0.0196838
30.2343, 0.0196838
30.2989, 0.0196838
30.3651, 0.0196838
30.4251, 0.0196838
30.4866, 0.0196838
30.5497, 0.0196838
30.6143, 0.0196838
30.6743, 0.0196838
30.7358, 0.0196838
30.7988, 0.0196838
30.8588, 0.0196838
30.9203, 0.0196838
30.9834, 0.0196838
31.048, 0.0196838
31.108, 0.0196838
31.168, 0.0196838
31.2295, 0.0196838
31.2895, 0.0196838
31.351, 0.0196838
31.414, 0.0196838
31.474, 0.0196838
31.5355, 0.0196838
31.5955, 0.0196838
31.657, 0.0196838
31.7201, 0.0196838
31.7801, 0.0196838
31.8416, 0.0196838
31.9016, 0.0196838
31.9631, 0.0196838
32.0261, 0.0196838
32.0907, 0.0196838
32.1507, 0.0196838
32.2122, 0.0196838
32.2722, 0.0196838
32.3322, 0.0196838
32.3937, 0.0196838
32.4567, 0.0196838
32.5167, 0.0196838
32.5782, 0.0196838
32.6382, 0.0196838
32.6997, 0.0196838
32.7597, 0.0196838
32.8212, 0.0196838
32.8812, 0.0196838
32.9427, 0.0196838
33.0027, 0.0196838
33.0642, 0.0196838
33.1242, 0.0196838
33.1857, 0.0196838
33.2457, 0.0196838
33.3072, 0.0196838
33.3703, 0.0196838
33.4349, 0.0196838
33.4949, 0.0196838
33.5564, 0.0196838
33.6194, 0.0196838
33.684, 0.0196838
33.744, 0.0196838
33.8055, 0.0196838
33.8686, 0.0196838
33.9332, 0.0196838
33.9932, 0.0196838
34.0547, 0.0196838
34.1147, 0.0196838
34.1747, 0.0196838
34.2362, 0.0196838
34.2992, 0.0196838
34.3638, 0.0196838
34.4238, 0.0196838
34.4853, 0.0196838
34.5484, 0.0196838
34.613, 0.0196838
34.6792, 0.0196838
34.7392, 0.0196838
34.8007, 0.0196838
34.8607, 0.0196838
34.9222, 0.0196838
34.9853, 0.0196838
35.0499, 0.0196838
35.1161, 0.0196838
35.1761, 0.0196838
35.2376, 0.0196838
35.2976, 0.0196838
35.3591, 0.0196838
35.4221, 0.0196838
35.4821, 0.0196838
35.5436, 0.0196838
35.6067, 0.0196838
35.6667, 0.0196838
35.7267, 0.0196838
35.7882, 0.0196838
35.8512, 0.0196838
35.9158, 0.0196838
35.9758, 0.0196838
36.0373, 0.0196838
36.0973, 0.0196838
36.1588, 0.0196838
36.2219, 0.0196838
36.2865, 0.0196838
36.3465, 0.0196838
36.408, 0.0196838
36.468, 0.0196838
36.5295, 0.0196838
36.5925, 0.0196838
36.6571, 0.0196838
36.7171, 0.0196838
36.7786, 0.0196838
36.8417, 0.0196838
36.9063, 0.0196838
36.9663, 0.0196838
37.0278, 0.0196838
37.0878, 0.0196838
37.1493, 0.0196838
37.2093, 0.0196838
37.2708, 0.0196838
37.3338, 0.0196838
37.3938, 0.0196838
37.4553, 0.0196838
37.5184, 0.0196838
37.583, 0.0196838
37.643, 0.0196838
37.7045, 0.0196838
37.7675, 0.0196838
37.8321, 0.0196838
37.8921, 0.0196838
37.9536, 0.0196838
38.0167, 0.0196838
38.0767, 0.0196838
38.1382, 0.0196838
38.2012, 0.0196838
38.2612, 0.0196838
38.3227, 0.0196838
38.3857, 0.0196838
38.4503, 0.0196838
38.5103, 0.0196838
38.5718, 0.0196838
38.6318, 0.0196838
38.6933, 0.0196838
38.7564, 0.0196838
38.8164, 0.0196838
38.8779, 0.0196838
38.9409, 0.0196838
39.0055, 0.0196838
39.0655, 0.0196838
39.127, 0.0196838
39.1901, 0.0196838
39.2547, 0.0196838
39.3147, 0.0196838
39.3762, 0.0196838
39.4392, 0.0196838
39.5038, 0.0196838
39.5701, 0.0196838
39.6301, 0.0196838
39.6916, 0.0196838
39.7546, 0.0196838
39.8146, 0.0196838
39.8761, 0.0196838
39.9391, 0.0196838
40.0038, 0.0196838
40.0638, 0.0196838
40.1253, 0.0196838
40.1883, 0.0196838
40.2483, 0.0196838
40.3098, 0.0196838
40.3728, 0.0196838
40.4328, 0.0196838
40.4928, 0.0196838
40.5543, 0.0196838
40.6174, 0.0196838
40.6774, 0.0196838
40.7389, 0.0196838
40.7989, 0.0196838
40.8604, 0.0196838
40.9204, 0.0196838
40.9819, 0.0196838
41.0449, 0.0196838
41.1095, 0.0196838
41.1695, 0.0196838
41.231, 0.0196838
41.291, 0.0196838
41.3525, 0.0196838
41.4156, 0.0196838
41.4756, 0.0196838
41.5356, 0.0196838
41.5971, 0.0196838
41.6601, 0.0196838
41.7201, 0.0196838
41.7801, 0.0196838
41.8416, 0.0196838
41.9046, 0.0196838
41.9646, 0.0196838
42.0261, 0.0196838
42.0892, 0.0196838
42.1538, 0.0196838
42.2138, 0.0196838
42.2753, 0.0196838
42.3353, 0.0196838
42.3968, 0.0196838
42.4568, 0.0196838
42.5183, 0.0196838
42.5813, 0.0196838
42.6413, 0.0196838
42.7028, 0.0196838
42.7659, 0.0196838
42.8305, 0.0196838
42.8905, 0.0196838
42.952, 0.0196838
43.015, 0.0196838
43.0796, 0.0196838
43.1396, 0.0196838
43.2011, 0.0196838
43.2642, 0.0196838
43.3242, 0.0196838
43.3857, 0.0196838
43.4487, 0.0196838
43.5087, 0.0196838
43.5687, 0.0196838
43.6302, 0.0196838
43.6902, 0.0196838
43.7517, 0.0196838
43.8147, 0.0196838
43.8793, 0.0196838
43.9456, 0.0196838
44.0135, 0.0196838
44.0735, 0.0196838
44.135, 0.0196838
44.198, 0.0196838
44.258, 0.0196838
44.318, 0.0196838
44.3795, 0.0196838
44.4395, 0.0196838
44.501, 0.0196838
44.564, 0.0196838
44.624, 0.0196838
44.6855, 0.0196838
44.7455, 0.0196838
44.807, 0.0196838
44.8701, 0.0196838
44.9347, 0.0196838
44.9947, 0.0196838
45.0562, 0.0196838
45.1192, 0.0196838
45.1792, 0.0196838
45.2407, 0.0196838
45.3038, 0.0196838
45.3638, 0.0196838
45.4253, 0.0196838
45.4883, 0.0196838
45.5529, 0.0196838
45.6129, 0.0196838
45.6744, 0.0196838
45.7374, 0.0196838
45.7974, 0.0196838
45.8589, 0.0196838
45.9189, 0.0196838
45.9804, 0.0196838
46.0404, 0.0196838
46.1019, 0.0196838
46.165, 0.0196838
46.2296, 0.0196838
46.2896, 0.0196838
46.3496, 0.0196838
46.4111, 0.0196838
46.4741, 0.0196838
46.5388, 0.0196838
46.605, 0.0196838
46.665, 0.0196838
46.7265, 0.0196838
46.7865, 0.0196838
46.848, 0.0196838
46.908, 0.0196838
46.9695, 0.0196838
47.0325, 0.0196838
47.0971, 0.0196838
47.1634, 0.0196838
47.2312, 0.0196838
47.3008, 0.0196838
47.3721, 0.0196838
47.4453, 0.0196838
47.5202, 0.0196838
47.597, 0.0196838
47.6757, 0.0196838
47.7357, 0.0196838
47.7972, 0.0196838
47.8603, 0.0196838
47.9249, 0.0196838
47.9911, 0.0196838
48.0511, 0.0196838
48.1126, 0.0196838
48.1756, 0.0196838
48.2402, 0.0196838
48.3065, 0.0196838
48.3665, 0.0196838
48.428, 0.0196838
48.488, 0.0196838
48.548, 0.0196838
48.6095, 0.0196838
48.6695, 0.0196838
48.7295, 0.0196838
48.791, 0.0196838
48.851, 0.0196838
48.9125, 0.0196838
48.9755, 0.0196838
49.0355, 0.0196838
49.097, 0.0196838
49.16, 0.0196838
49.2247, 0.0196838
49.2909, 0.0196838
49.3588, 0.0196838
49.4284, 0.0196838
49.4884, 0.0196838
49.5499, 0.0196838
49.6099, 0.0196838
49.6714, 0.0196838
49.7314, 0.0196838
49.7929, 0.0196838
49.8529, 0.0196838
49.9129, 0.0196838
49.9744, 0.0196838
50.0374, 0.0196838
50.0974, 0.0196838
50.1589, 0.0196838
50.2219, 0.0196838
50.2865, 0.0196838
50.3465, 0.0196838
50.408, 0.0196838
50.4711, 0.0196838
50.5311, 0.0196838
50.5926, 0.0196838
50.6526, 0.0196838
50.7141, 0.0196838
50.7741, 0.0196838
50.8341, 0.0196838
50.8956, 0.0196838
50.9556, 0.0196838
51.0171, 0.0196838
51.0771, 0.0196838
51.1386, 0.0196838
51.1986, 0.0196838
51.2601, 0.0196838
51.3231, 0.0196838
51.3831, 0.0196838
51.4431, 0.0196838
51.5046, 0.0196838
51.5677, 0.0196838
51.6323, 0.0196838
51.6985, 0.0196838
51.7664, 0.0196838
51.8264, 0.0196838
51.8879, 0.0196838
51.9509, 0.0196838
52.0109, 0.0196838
52.0724, 0.0196838
52.1324, 0.0196838
52.1939, 0.0196838
52.2539, 0.0196838
52.3154, 0.0196838
52.3754, 0.0196838
52.4354, 0.0196838
52.4969, 0.0196838
52.56, 0.0196838
52.6246, 0.0196838
52.6908, 0.0196838
52.7587, 0.0196838
52.8283, 0.0196838
52.8996, 0.0196838
52.9727, 0.0196838
53.0476, 0.0196838
53.1244, 0.0196838
53.1844, 0.0196838
53.2459, 0.0196838
53.309, 0.0196838
53.369, 0.0196838
53.4305, 0.0196838
53.4905, 0.0196838
53.552, 0.0196838
53.615, 0.0196838
53.6796, 0.0196838
53.7396, 0.0196838
53.8011, 0.0196838
53.8642, 0.0196838
53.9242, 0.0196838
53.9857, 0.0196838
54.0487, 0.0196838
54.1133, 0.0196838
54.1733, 0.0196838
54.2348, 0.0196838
54.2978, 0.0196838
54.3625, 0.0196838
54.4287, 0.0196838
54.4966, 0.0196838
54.5662, 0.0196838
54.6375, 0.0196838
54.6975, 0.0196838
54.759, 0.0196838
54.822, 0.0196838
54.8866, 0.0196838
54.9466, 0.0196838
55.0081, 0.0196838
55.0712, 0.0196838
55.1358, 0.0196838
55.202, 0.0196838
55.2699, 0.0196838
55.3299, 0.0196838
55.3914, 0.0196838
55.4544, 0.0196838
55.519, 0.0196838
55.579, 0.0196838
55.6405, 0.0196838
55.7036, 0.0196838
55.7636, 0.0196838
55.8251, 0.0196838
55.8881, 0.0196838
55.9527, 0.0196838
56.0127, 0.0196838
56.0742, 0.0196838
56.1342, 0.0196838
56.1957, 0.0196838
56.2557, 0.0196838
56.3172, 0.0196838
56.3772, 0.0196838
56.4387, 0.0196838
56.4987, 0.0196838
56.5602, 0.0196838
56.6233, 0.0196838
56.6879, 0.0196838
56.7479, 0.0196838
56.8094, 0.0196838
56.8724, 0.0196838
56.9324, 0.0196838
56.9939, 0.0196838
57.0539, 0.0196838
57.1154, 0.0196838
57.1754, 0.0196838
57.2369, 0.0196838
57.3, 0.0196838
57.3646, 0.0196838
57.4308, 0.0196838
57.4987, 0.0196838
57.5587, 0.0196838
57.6187, 0.0196838
57.6787, 0.0196838
57.7387, 0.0196838
57.8002, 0.0196838
57.8632, 0.0196838
57.9278, 0.0196838
57.9941, 0.0196838
58.0619, 0.0196838
58.1219, 0.0196838
58.1834, 0.0196838
58.2465, 0.0196838
58.3065, 0.0196838
58.368, 0.0196838
58.428, 0.0196838
58.4895, 0.0196838
58.5525, 0.0196838
58.6125, 0.0196838
58.674, 0.0196838
58.7371, 0.0196838
58.8017, 0.0196838
58.8617, 0.0196838
58.9232, 0.0196838
58.9832, 0.0196838
59.0447, 0.0196838
59.1077, 0.0196838
59.1723, 0.0196838
59.2323, 0.0196838
59.2923, 0.0196838
59.3538, 0.0196838
59.4169, 0.0196838
59.4769, 0.0196838
59.5384, 0.0196838
59.6014, 0.0196838
59.666, 0.0196838
59.726, 0.0196838
59.7875, 0.0196838
59.8505, 0.0196838
59.9152, 0.0196838
59.9814, 0.0196838
60.0493, 0.0196838
60.1093, 0.0196838
60.1708, 0.0196838
60.2338, 0.0196838
60.2938, 0.0196838
60.3553, 0.0196838
60.4153, 0.0196838
60.4768, 0.0196838
60.5398, 0.0196838
60.6045, 0.0196838
60.6645, 0.0196838
60.726, 0.0196838
60.789, 0.0196838
60.849, 0.0196838
60.909, 0.0196838
60.969, 0.0196838
61.0305, 0.0196838
61.0905, 0.0196838
61.152, 0.0196838
61.212, 0.0196838
61.2735, 0.0196838
61.3335, 0.0196838
61.395, 0.0196838
61.458, 0.0196838
61.518, 0.0196838
61.5795, 0.0196838
61.6395, 0.0196838
61.701, 0.0196838
61.761, 0.0196838
61.8225, 0.0196838
61.8825, 0.0196838
61.944, 0.0196838
62.004, 0.0196838
62.0655, 0.0196838
62.1255, 0.0196838
62.1855, 0.0196838
62.247, 0.0196838
62.3101, 0.0196838
62.3701, 0.0196838
62.4316, 0.0196838
62.4946, 0.0196838
62.5592, 0.0196838
62.6192, 0.0196838
62.6807, 0.0196838
62.7407, 0.0196838
62.8007, 0.0196838
62.8622, 0.0196838
62.9222, 0.0196838
62.9822, 0.0196838
63.0437, 0.0196838
63.1068, 0.0196838
63.1714, 0.0196838
63.2376, 0.0196838
63.2976, 0.0196838
63.3591, 0.0196838
63.4221, 0.0196838
63.4868, 0.0196838
63.553, 0.0196838
63.613, 0.0196838
63.6745, 0.0196838
63.7375, 0.0196838
63.7975, 0.0196838
63.859, 0.0196838
63.9221, 0.0196838
63.9867, 0.0196838
64.0529, 0.0196838
64.1129, 0.0196838
64.1744, 0.0196838
64.2374, 0.0196838
64.3021, 0.0196838
64.3683, 0.0196838
64.4283, 0.0196838
64.4898, 0.0196838
64.5498, 0.0196838
64.6113, 0.0196838
64.6743, 0.0196838
64.7343, 0.0196838
64.7958, 0.0196838
64.8589, 0.0196838
64.9189, 0.0196838
64.9804, 0.0196838
65.0434, 0.0196838
65.108, 0.0196838
65.1742, 0.0196838
65.2421, 0.0196838
65.3021, 0.0196838
65.3636, 0.0196838
65.4267, 0.0196838
65.4913, 0.0196838
65.5575, 0.0196838
65.6254, 0.0196838
65.695, 0.0196838
65.7663, 0.0196838
65.8394, 0.0196838
65.9143, 0.0196838
65.9911, 0.0196838
66.0511, 0.0196838
66.1126, 0.0196838
66.1757, 0.0196838
66.2403, 0.0196838
66.3003, 0.0196838
66.3618, 0.0196838
66.4248, 0.0196838
66.4848, 0.0196838
66.5463, 0.0196838
66.6063, 0.0196838
66.6678, 0.0196838
66.7278, 0.0196838
66.7893, 0.0196838
66.8493, 0.0196838
66.9108, 0.0196838
66.9739, 0.0196838
67.0385, 0.0196838
67.0985, 0.0196838
67.16, 0.0196838
67.223, 0.0196838
67.283, 0.0196838
67.3445, 0.0196838
67.4045, 0.0196838
67.4645, 0.0196838
67.526, 0.0196838
67.589, 0.0196838
67.6537, 0.0196838
67.7199, 0.0196838
67.7799, 0.0196838
67.8414, 0.0196838
67.9014, 0.0196838
67.9629, 0.0196838
68.0259, 0.0196838
68.0859, 0.0196838
68.1474, 0.0196838
68.2105, 0.0196838
68.2751, 0.0196838
68.3351, 0.0196838
68.3951, 0.0196838
68.4566, 0.0196838
68.5196, 0.0196838
68.5796, 0.0196838
68.6411, 0.0196838
68.7011, 0.0196838
68.7626, 0.0196838
68.8256, 0.0196838
68.8856, 0.0196838
68.9456, 0.0196838
69.0071, 0.0196838
69.0671, 0.0196838
69.1286, 0.0196838
69.1917, 0.0196838
69.2563, 0.0196838
69.3225, 0.0196838
69.3825, 0.0196838
69.444, 0.0196838
69.5071, 0.0196838
69.5717, 0.0196838
69.6379, 0.0196838
69.7058, 0.0196838
69.7754, 0.0196838
69.8354, 0.0196838
69.8969, 0.0196838
69.9599, 0.0196838
70.0199, 0.0196838
70.0799, 0.0196838
70.1414, 0.0196838
70.2014, 0.0196838
70.2629, 0.0196838
70.3229, 0.0196838
70.3844, 0.0196838
70.4474, 0.0196838
70.5121, 0.0196838
70.5721, 0.0196838
70.6336, 0.0196838
70.6936, 0.0196838
70.7551, 0.0196838
70.8181, 0.0196838
70.8827, 0.0196838
70.9427, 0.0196838
71.0042, 0.0196838
71.0673, 0.0196838
71.1319, 0.0196838
71.1919, 0.0196838
71.2534, 0.0196838
71.3134, 0.0196838
71.3734, 0.0196838
71.4349, 0.0196838
71.4949, 0.0196838
71.5564, 0.0196838
71.6164, 0.0196838
71.6779, 0.0196838
71.7409, 0.0196838
71.8009, 0.0196838
71.8624, 0.0196838
71.9254, 0.0196838
71.9854, 0.0196838
72.0469, 0.0196838
72.1069, 0.0196838
72.1684, 0.0196838
72.2284, 0.0196838
72.2899, 0.0196838
72.3499, 0.0196838
72.4114, 0.0196838
72.4745, 0.0196838
72.5391, 0.0196838
72.6053, 0.0196838
72.6732, 0.0196838
72.7428, 0.0196838
72.8028, 0.0196838
72.8643, 0.0196838
72.9273, 0.0196838
72.9873, 0.0196838
73.0488, 0.0196838
73.1119, 0.0196838
73.1765, 0.0196838
73.2365, 0.0196838
73.298, 0.0196838
73.361, 0.0196838
73.421, 0.0196838
73.4825, 0.0196838
73.5455, 0.0196838
73.6102, 0.0196838
73.6764, 0.0196838
73.7364, 0.0196838
73.7979, 0.0196838
73.8609, 0.0196838
73.9255, 0.0196838
73.9855, 0.0196838
74.047, 0.0196838
74.1101, 0.0196838
74.1747, 0.0196838
74.2409, 0.0196838
74.3088, 0.0196838
74.3688, 0.0196838
74.4303, 0.0196838
74.4933, 0.0196838
74.558, 0.0196838
74.618, 0.0196838
74.6795, 0.0196838
74.7425, 0.0196838
74.8025, 0.0196838
74.8625, 0.0196838
74.924, 0.0196838
74.984, 0.0196838
75.0455, 0.0196838
75.1055, 0.0196838
75.167, 0.0196838
75.23, 0.0196838
75.2946, 0.0196838
75.3609, 0.0196838
75.4288, 0.0196838
75.4983, 0.0196838
75.5697, 0.0196838
75.6297, 0.0196838
75.6912, 0.0196838
75.7512, 0.0196838
75.8112, 0.0196838
75.8727, 0.0196838
75.9327, 0.0196838
75.9942, 0.0196838
76.0542, 0.0196838
76.1142, 0.0196838
76.1757, 0.0196838
76.2357, 0.0196838
76.2972, 0.0196838
76.3572, 0.0196838
76.4187, 0.0196838
76.4817, 0.0196838
76.5463, 0.0196838
76.6125, 0.0196838
76.6725, 0.0196838
76.734, 0.0196838
76.794, 0.0196838
76.8555, 0.0196838
76.9186, 0.0196838
76.9832, 0.0196838
77.0494, 0.0196838
77.1094, 0.0196838
77.1709, 0.0196838
77.2309, 0.0196838
77.2924, 0.0196838
77.3555, 0.0196838
77.4201, 0.0196838
77.4863, 0.0196838
77.5463, 0.0196838
77.6078, 0.0196838
77.6678, 0.0196838
77.7293, 0.0196838
77.7893, 0.0196838
77.8508, 0.0196838
77.9138, 0.0196838
77.9785, 0.0196838
78.0447, 0.0196838
78.1047, 0.0196838
78.1662, 0.0196838
78.2292, 0.0196838
78.2938, 0.0196838
78.3601, 0.0196838
78.4201, 0.0196838
78.4816, 0.0196838
78.5416, 0.0196838
78.6031, 0.0196838
78.6631, 0.0196838
78.7246, 0.0196838
78.7876, 0.0196838
78.8476, 0.0196838
78.9091, 0.0196838
78.9721, 0.0196838
79.0321, 0.0196838
79.0936, 0.0196838
79.1536, 0.0196838
79.2151, 0.0196838
79.2751, 0.0196838
79.3366, 0.0196838
79.3966, 0.0196838
79.4581, 0.0196838
79.5181, 0.0196838
79.5781, 0.0196838
79.6396, 0.0196838
79.6996, 0.0196838
79.7611, 0.0196838
79.8242, 0.0196838
79.8842, 0.0196838
79.9457, 0.0196838
80.0087, 0.0196838
80.0687, 0.0196838
80.1302, 0.0196838
80.1932, 0.0196838
80.2579, 0.0196838
80.3179, 0.0196838
80.3794, 0.0196838
80.4424, 0.0196838
80.5024, 0.0196838
80.5639, 0.0196838
80.6269, 0.0196838
80.6869, 0.0196838
80.7484, 0.0196838
80.8084, 0.0196838
80.8684, 0.0196838
80.9299, 0.0196838
80.9899, 0.0196838
81.0514, 0.0196838
81.1145, 0.0196838
81.1791, 0.0196838
81.2391, 0.0196838
81.3006, 0.0196838
81.3636, 0.0196838
81.4282, 0.0196838
81.4945, 0.0196838
81.5545, 0.0196838
81.616, 0.0196838
81.676, 0.0196838
81.736, 0.0196838
81.7975, 0.0196838
81.8575, 0.0196838
81.919, 0.0196838
81.982, 0.0196838
82.0466, 0.0196838
82.1128, 0.0196838
82.1807, 0.0196838
82.2503, 0.0196838
82.3103, 0.0196838
82.3718, 0.0196838
82.4318, 0.0196838
82.4933, 0.0196838
82.5533, 0.0196838
82.6148, 0.0196838
82.6779, 0.0196838
82.7379, 0.0196838
82.7994, 0.0196838
82.8624, 0.0196838
82.9224, 0.0196838
82.9839, 0.0196838
83.0469, 0.0196838
83.1069, 0.0196838
83.1684, 0.0196838
83.2284, 0.0196838
83.2899, 0.0196838
83.3499, 0.0196838
83.4114, 0.0196838
83.4745, 0.0196838
83.5345, 0.0196838
83.596, 0.0196838
83.659, 0.0196838
83.7236, 0.0196838
83.7836, 0.0196838
83.8436, 0.0196838
83.9051, 0.0196838
83.9651, 0.0196838
84.0266, 0.0196838
84.0897, 0.0196838
84.1543, 0.0196838
84.2205, 0.0196838
84.2884, 0.0196838
84.3484, 0.0196838
84.4099, 0.0196838
84.4729, 0.0196838
84.5329, 0.0196838
84.5944, 0.0196838
84.6544, 0.0196838
84.7159, 0.0196838
84.779, 0.0196838
84.839, 0.0196838
84.9005, 0.0196838
84.9605, 0.0196838
85.022, 0.0196838
85.082, 0.0196838
85.1435, 0.0196838
85.2035, 0.0196838
85.265, 0.0196838
85.328, 0.0196838
85.388, 0.0196838
85.4495, 0.0196838
85.5125, 0.0196838
85.5725, 0.0196838
85.634, 0.0196838
85.694, 0.0196838
85.754, 0.0196838
85.8155, 0.0196838
85.8786, 0.0196838
85.9432, 0.0196838
86.0094, 0.0196838
86.0694, 0.0196838
86.1309, 0.0196838
86.1909, 0.0196838
86.2524, 0.0196838
86.3124, 0.0196838
86.3739, 0.0196838
86.4369, 0.0196838
86.5016, 0.0196838
86.5678, 0.0196838
86.6278, 0.0196838
86.6893, 0.0196838
86.7493, 0.0196838
86.8108, 0.0196838
86.8708, 0.0196838
86.9323, 0.0196838
86.9953, 0.0196838
87.0553, 0.0196838
87.1168, 0.0196838
87.1799, 0.0196838
87.2399, 0.0196838
87.2999, 0.0196838
87.3614, 0.0196838
87.4244, 0.0196838
87.489, 0.0196838
87.5552, 0.0196838
87.6152, 0.0196838
87.6752, 0.0196838
87.7367, 0.0196838
87.7967, 0.0196838
87.8582, 0.0196838
87.9182, 0.0196838
87.9797, 0.0196838
88.0397, 0.0196838
88.1012, 0.0196838
88.1643, 0.0196838
88.2289, 0.0196838
88.2951, 0.0196838
88.3551, 0.0196838
88.4151, 0.0196838
88.4766, 0.0196838
88.5397, 0.0196838
88.5997, 0.0196838
88.6597, 0.0196838
88.7212, 0.0196838
88.7842, 0.0196838
88.8442, 0.0196838
88.9057, 0.0196838
88.9657, 0.0196838
89.0272, 0.0196838
89.0902, 0.0196838
89.1502, 0.0196838
89.2117, 0.0196838
89.2717, 0.0196838
89.3332, 0.0196838
89.3932, 0.0196838
89.4547, 0.0196838
89.5178, 0.0196838
89.5778, 0.0196838
89.6393, 0.0196838
89.6993, 0.0196838
89.7608, 0.0196838
89.8238, 0.0196838
89.8838, 0.0196838
89.9453, 0.0196838
90.0053, 0.0196838
90.0653, 0.0196838
90.1268, 0.0196838
90.1868, 0.0196838
90.2468, 0.0196838
90.3083, 0.0196838
90.3713, 0.0196838
90.436, 0.0196838
90.496, 0.0196838
90.5575, 0.0196838
90.6205, 0.0196838
90.6805, 0.0196838
90.742, 0.0196838
90.805, 0.0196838
90.865, 0.0196838
90.9265, 0.0196838
90.9896, 0.0196838
91.0542, 0.0196838
91.1204, 0.0196838
91.1883, 0.0196838
91.2483, 0.0196838
91.3098, 0.0196838
91.3698, 0.0196838
91.4313, 0.0196838
91.4913, 0.0196838
91.5528, 0.0196838
91.6128, 0.0196838
91.6728, 0.0196838
91.7343, 0.0196838
91.7973, 0.0196838
91.862, 0.0196838
91.9282, 0.0196838
91.9882, 0.0196838
92.0497, 0.0196838
92.1127, 0.0196838
92.1727, 0.0196838
92.2342, 0.0196838
92.2973, 0.0196838
92.3573, 0.0196838
92.4188, 0.0196838
92.4818, 0.0196838
92.5464, 0.0196838
92.6126, 0.0196838
92.6805, 0.0196838
92.7405, 0.0196838
92.802, 0.0196838
92.8651, 0.0196838
92.9297, 0.0196838
92.9959, 0.0196838
93.0638, 0.0196838
93.1334, 0.0196838
93.1934, 0.0196838
93.2549, 0.0196838
93.3179, 0.0196838
93.3825, 0.0196838
93.4487, 0.0196838
93.5087, 0.0196838
93.5702, 0.0196838
93.6333, 0.0196838
93.6979, 0.0196838
93.7579, 0.0196838
93.8194, 0.0196838
93.8824, 0.0196838
93.9424, 0.0196838
94.0039, 0.0196838
94.0639, 0.0196838
94.1254, 0.0196838
94.1885, 0.0196838
94.2531, 0.0196838
94.3193, 0.0196838
94.3872, 0.0196838
94.4472, 0.0196838
94.5087, 0.0196838
94.5717, 0.0196838
94.6363, 0.0196838
94.7026, 0.0196838
94.7626, 0.0196838
94.8241, 0.0196838
94.8871, 0.0196838
94.9517, 0.0196838
95.018, 0.0196838
95.0858, 0.0196838
95.1554, 0.0196838
95.2267, 0.0196838
95.2998, 0.0196838
95.3598, 0.0196838
95.4213, 0.0196838
95.4844, 0.0196838
95.5444, 0.0196838
95.6059, 0.0196838
95.6689, 0.0196838
95.7289, 0.0196838
95.7904, 0.0196838
95.8504, 0.0196838
95.9119, 0.0196838
95.975, 0.0196838
96.035, 0.0196838
96.095, 0.0196838
96.1565, 0.0196838
96.2195, 0.0196838
96.2841, 0.0196838
96.3441, 0.0196838
96.4056, 0.0196838
96.4686, 0.0196838
96.5286, 0.0196838
96.5901, 0.0196838
96.6501, 0.0196838
96.7116, 0.0196838
96.7716, 0.0196838
96.8331, 0.0196838
96.8931, 0.0196838
96.9546, 0.0196838
97.0177, 0.0196838
97.0777, 0.0196838
97.1392, 0.0196838
97.2022, 0.0196838
97.2622, 0.0196838
97.3222, 0.0196838
97.3837, 0.0196838
97.4437, 0.0196838
97.5052, 0.0196838
97.5683, 0.0196838
97.6283, 0.0196838
97.6898, 0.0196838
97.7498, 0.0196838
97.8113, 0.0196838
97.8743, 0.0196838
97.9389, 0.0196838
97.9989, 0.0196838
98.0604, 0.0196838
98.1234, 0.0196838
98.1834, 0.0196838
98.2449, 0.0196838
98.3049, 0.0196838
98.3664, 0.0196838
98.4264, 0.0196838
98.4864, 0.0196838
98.5479, 0.0196838
98.611, 0.0196838
98.671, 0.0196838
98.7325, 0.0196838
98.7955, 0.0196838
98.8601, 0.0196838
98.9201, 0.0196838
98.9816, 0.0196838
99.0447, 0.0196838
99.1047, 0.0196838
99.1662, 0.0196838
99.2292, 0.0196838
99.2892, 0.0196838
99.3507, 0.0196838
99.4138, 0.0196838
99.4738, 0.0196838
99.5353, 0.0196838
99.5983, 0.0196838
99.6583, 0.0196838
99.7198, 0.0196838
99.7828, 0.0196838
99.8474, 0.0196838
99.9137, 0.0196838
99.9816, 0.0196838
100.042, 0.0196838
100.103, 0.0196838
100.166, 0.0196838
100.231, 0.0196838
100.297, 0.0196838
100.357, 0.0196838
100.417, 0.0196838
100.478, 0.0196838
100.541, 0.0196838
100.601, 0.0196838
100.661, 0.0196838
100.723, 0.0196838
100.786, 0.0196838
100.851, 0.0196838
100.917, 0.0196838
100.985, 0.0196838
101.045, 0.0196838
101.106, 0.0196838
101.166, 0.0196838
101.228, 0.0196838
101.288, 0.0196838
101.349, 0.0196838
101.409, 0.0196838
101.471, 0.0196838
101.534, 0.0196838
101.598, 0.0196838
101.658, 0.0196838
101.72, 0.0196838
101.783, 0.0196838
101.843, 0.0196838
101.903, 0.0196838
101.964, 0.0196838
102.024, 0.0196838
102.086, 0.0196838
102.146, 0.0196838
102.206, 0.0196838
102.266, 0.0196838
102.327, 0.0196838
102.39, 0.0196838
102.455, 0.0196838
102.521, 0.0196838
102.581, 0.0196838
102.643, 0.0196838
102.703, 0.0196838
102.764, 0.0196838
102.827, 0.0196838
102.887, 0.0196838
102.947, 0.0196838
103.009, 0.0196838
103.072, 0.0196838
103.136, 0.0196838
103.203, 0.0196838
103.263, 0.0196838
103.324, 0.0196838
103.384, 0.0196838
103.446, 0.0196838
103.509, 0.0196838
103.569, 0.0196838
103.63, 0.0196838
103.693, 0.0196838
103.758, 0.0196838
103.818, 0.0196838
103.878, 0.0196838
103.939, 0.0196838
104.002, 0.0196838
104.067, 0.0196838
104.127, 0.0196838
104.189, 0.0196838
104.249, 0.0196838
104.31, 0.0196838
104.373, 0.0196838
104.438, 0.0196838
104.504, 0.0196838
104.572, 0.0196838
104.632, 0.0196838
104.692, 0.0196838
104.753, 0.0196838
104.816, 0.0196838
104.876, 0.0196838
104.938, 0.0196838
105.001, 0.0196838
105.061, 0.0196838
105.122, 0.0196838
105.185, 0.0196838
105.25, 0.0196838
105.316, 0.0196838
105.376, 0.0196838
105.436, 0.0196838
105.498, 0.0196838
105.561, 0.0196838
105.621, 0.0196838
105.682, 0.0196838
105.745, 0.0196838
105.81, 0.0196838
105.876, 0.0196838
105.936, 0.0196838
105.998, 0.0196838
106.058, 0.0196838
106.118, 0.0196838
106.179, 0.0196838
106.242, 0.0196838
106.302, 0.0196838
106.364, 0.0196838
106.427, 0.0196838
106.487, 0.0196838
106.548, 0.0196838
106.608, 0.0196838
106.67, 0.0196838
106.733, 0.0196838
106.797, 0.0196838
106.864, 0.0196838
106.924, 0.0196838
106.985, 0.0196838
107.045, 0.0196838
107.107, 0.0196838
107.17, 0.0196838
107.23, 0.0196838
107.29, 0.0196838
107.351, 0.0196838
107.414, 0.0196838
107.474, 0.0196838
107.536, 0.0196838
107.599, 0.0196838
107.659, 0.0196838
107.72, 0.0196838
107.783, 0.0196838
107.848, 0.0196838
107.914, 0.0196838
107.974, 0.0196838
108.036, 0.0196838
108.096, 0.0196838
108.157, 0.0196838
108.217, 0.0196838
108.279, 0.0196838
108.342, 0.0196838
108.402, 0.0196838
108.463, 0.0196838
108.526, 0.0196838
108.591, 0.0196838
108.651, 0.0196838
108.712, 0.0196838
108.772, 0.0196838
108.834, 0.0196838
108.897, 0.0196838
108.961, 0.0196838
109.021, 0.0196838
109.083, 0.0196838
109.146, 0.0196838
109.206, 0.0196838
109.268, 0.0196838
109.331, 0.0196838
109.391, 0.0196838
109.451, 0.0196838
109.512, 0.0196838
109.575, 0.0196838
109.635, 0.0196838
109.697, 0.0196838
109.76, 0.0196838
109.824, 0.0196838
109.89, 0.0196838
109.958, 0.0196838
110.028, 0.0196838
110.099, 0.0196838
110.172, 0.0196838
110.232, 0.0196838
110.294, 0.0196838
110.354, 0.0196838
110.415, 0.0196838
110.478, 0.0196838
110.543, 0.0196838
110.609, 0.0196838
110.669, 0.0196838
110.731, 0.0196838
110.794, 0.0196838
110.858, 0.0196838
110.925, 0.0196838
110.985, 0.0196838
111.046, 0.0196838
111.109, 0.0196838
111.169, 0.0196838
111.229, 0.0196838
111.291, 0.0196838
111.354, 0.0196838
111.418, 0.0196838
111.478, 0.0196838
111.54, 0.0196838
111.603, 0.0196838
111.663, 0.0196838
111.723, 0.0196838
111.784, 0.0196838
111.847, 0.0196838
111.912, 0.0196838
111.972, 0.0196838
112.034, 0.0196838
112.094, 0.0196838
112.155, 0.0196838
112.215, 0.0196838
112.277, 0.0196838
112.34, 0.0196838
112.404, 0.0196838
112.47, 0.0196838
112.53, 0.0196838
112.592, 0.0196838
112.652, 0.0196838
112.713, 0.0196838
112.776, 0.0196838
112.841, 0.0196838
112.907, 0.0196838
112.967, 0.0196838
113.027, 0.0196838
113.087, 0.0196838
113.149, 0.0196838
113.212, 0.0196838
113.276, 0.0196838
113.343, 0.0196838
113.403, 0.0196838
113.464, 0.0196838
113.524, 0.0196838
113.586, 0.0196838
113.646, 0.0196838
113.707, 0.0196838
113.77, 0.0196838
113.835, 0.0196838
113.895, 0.0196838
113.956, 0.0196838
114.019, 0.0196838
114.084, 0.0196838
114.15, 0.0196838
114.21, 0.0196838
114.272, 0.0196838
114.335, 0.0196838
114.399, 0.0196838
114.466, 0.0196838
114.533, 0.0196838
114.603, 0.0196838
114.674, 0.0196838
114.734, 0.0196838
114.796, 0.0196838
114.859, 0.0196838
114.923, 0.0196838
114.99, 0.0196838
115.05, 0.0196838
115.111, 0.0196838
115.174, 0.0196838
115.239, 0.0196838
115.305, 0.0196838
115.373, 0.0196838
115.433, 0.0196838
115.494, 0.0196838
115.558, 0.0196838
115.622, 0.0196838
115.688, 0.0196838
115.748, 0.0196838
115.81, 0.0196838
115.873, 0.0196838
115.933, 0.0196838
115.994, 0.0196838
116.057, 0.0196838
116.117, 0.0196838
116.179, 0.0196838
116.242, 0.0196838
116.307, 0.0196838
116.373, 0.0196838
116.441, 0.0196838
116.501, 0.0196838
116.562, 0.0196838
116.625, 0.0196838
116.69, 0.0196838
116.75, 0.0196838
116.81, 0.0196838
116.871, 0.0196838
116.931, 0.0196838
116.993, 0.0196838
117.056, 0.0196838
117.116, 0.0196838
117.177, 0.0196838
117.24, 0.0196838
117.3, 0.0196838
117.362, 0.0196838
117.425, 0.0196838
117.485, 0.0196838
117.546, 0.0196838
117.61, 0.0196838
117.67, 0.0196838
117.731, 0.0196838
117.794, 0.0196838
117.854, 0.0196838
117.914, 0.0196838
117.976, 0.0196838
118.039, 0.0196838
118.103, 0.0196838
118.169, 0.0196838
118.229, 0.0196838
118.291, 0.0196838
118.354, 0.0196838
118.419, 0.0196838
118.479, 0.0196838
118.54, 0.0196838
118.603, 0.0196838
118.668, 0.0196838
118.734, 0.0196838
118.802, 0.0196838
118.871, 0.0196838
118.943, 0.0196838
119.016, 0.0196838
119.076, 0.0196838
119.137, 0.0196838
119.2, 0.0196838
119.26, 0.0196838
119.322, 0.0196838
119.385, 0.0196838
119.445, 0.0196838
119.506, 0.0196838
119.566, 0.0196838
119.628, 0.0196838
119.688, 0.0196838
119.749, 0.0196838
119.809, 0.0196838
119.871, 0.0196838
119.931, 0.0196838
119.992, 0.0196838
120.055, 0.0196838
120.12, 0.0196838
120.186, 0.0196838
120.246, 0.0196838
120.308, 0.0196838
120.371, 0.0196838
120.435, 0.0196838
120.502, 0.0196838
120.562, 0.0196838
120.623, 0.0196838
120.683, 0.0196838
120.745, 0.0196838
120.808, 0.0196838
120.868, 0.0196838
120.929, 0.0196838
120.989, 0.0196838
121.051, 0.0196838
121.111, 0.0196838
121.172, 0.0196838
121.235, 0.0196838
121.295, 0.0196838
121.357, 0.0196838
121.42, 0.0196838
121.48, 0.0196838
121.541, 0.0196838
121.604, 0.0196838
121.664, 0.0196838
121.726, 0.0196838
121.789, 0.0196838
121.849, 0.0196838
121.91, 0.0196838
121.973, 0.0196838
122.033, 0.0196838
122.095, 0.0196838
122.155, 0.0196838
122.216, 0.0196838
122.279, 0.0196838
122.339, 0.0196838
122.401, 0.0196838
122.464, 0.0196838
122.524, 0.0196838
122.585, 0.0196838
122.649, 0.0196838
122.713, 0.0196838
122.773, 0.0196838
122.833, 0.0196838
122.895, 0.0196838
122.958, 0.0196838
123.022, 0.0196838
123.089, 0.0196838
123.156, 0.0196838
123.216, 0.0196838
123.276, 0.0196838
123.338, 0.0196838
123.401, 0.0196838
123.461, 0.0196838
123.521, 0.0196838
123.582, 0.0196838
123.645, 0.0196838
123.71, 0.0196838
123.776, 0.0196838
123.844, 0.0196838
123.904, 0.0196838
123.966, 0.0196838
124.029, 0.0196838
124.093, 0.0196838
124.16, 0.0196838
124.22, 0.0196838
124.281, 0.0196838
124.341, 0.0196838
124.401, 0.0196838
124.463, 0.0196838
124.526, 0.0196838
124.586, 0.0196838
124.646, 0.0196838
124.707, 0.0196838
124.77, 0.0196838
124.835, 0.0196838
124.901, 0.0196838
124.961, 0.0196838
125.022, 0.0196838
125.082, 0.0196838
125.144, 0.0196838
125.207, 0.0196838
125.267, 0.0196838
125.329, 0.0196838
125.392, 0.0196838
125.456, 0.0196838
125.522, 0.0196838
125.59, 0.0196838
125.66, 0.0196838
125.731, 0.0196838
125.791, 0.0196838
125.853, 0.0196838
125.913, 0.0196838
125.974, 0.0196838
126.037, 0.0196838
126.097, 0.0196838
126.159, 0.0196838
126.219, 0.0196838
126.28, 0.0196838
126.34, 0.0196838
126.402, 0.0196838
126.462, 0.0196838
126.523, 0.0196838
126.586, 0.0196838
126.651, 0.0196838
126.711, 0.0196838
126.772, 0.0196838
126.835, 0.0196838
126.895, 0.0196838
126.955, 0.0196838
127.017, 0.0196838
127.08, 0.0196838
127.14, 0.0196838
127.201, 0.0196838
127.261, 0.0196838
127.323, 0.0196838
127.386, 0.0196838
127.451, 0.0196838
127.511, 0.0196838
127.572, 0.0196838
127.635, 0.0196838
127.695, 0.0196838
127.757, 0.0196838
127.82, 0.0196838
127.88, 0.0196838
127.941, 0.0196838
128.004, 0.0196838
128.069, 0.0196838
128.135, 0.0196838
128.195, 0.0196838
128.257, 0.0196838
128.32, 0.0196838
128.384, 0.0196838
128.45, 0.0196838
128.51, 0.0196838
128.572, 0.0196838
128.635, 0.0196838
128.7, 0.0196838
128.766, 0.0196838
128.826, 0.0196838
128.887, 0.0196838
128.95, 0.0196838
129.01, 0.0196838
129.072, 0.0196838
129.132, 0.0196838
129.192, 0.0196838
129.253, 0.0196838
129.316, 0.0196838
129.381, 0.0196838
129.447, 0.0196838
129.515, 0.0196838
129.575, 0.0196838
129.635, 0.0196838
129.697, 0.0196838
129.76, 0.0196838
129.824, 0.0196838
129.884, 0.0196838
129.946, 0.0196838
130.009, 0.0196838
130.069, 0.0196838
130.129, 0.0196838
130.19, 0.0196838
130.253, 0.0196838
130.318, 0.0196838
130.384, 0.0196838
130.444, 0.0196838
130.506, 0.0196838
130.569, 0.0196838
130.629, 0.0196838
130.69, 0.0196838
130.753, 0.0196838
130.813, 0.0196838
130.875, 0.0196838
130.938, 0.0196838
130.998, 0.0196838
131.059, 0.0196838
131.122, 0.0196838
131.182, 0.0196838
131.242, 0.0196838
131.302, 0.0196838
131.364, 0.0196838
131.427, 0.0196838
131.491, 0.0196838
131.558, 0.0196838
131.626, 0.0196838
131.695, 0.0196838
131.755, 0.0196838
131.815, 0.0196838
131.877, 0.0196838
131.94, 0.0196838
132.004, 0.0196838
132.071, 0.0196838
132.131, 0.0196838
132.192, 0.0196838
132.255, 0.0196838
132.315, 0.0196838
132.377, 0.0196838
132.437, 0.0196838
132.497, 0.0196838
132.558, 0.0196838
132.621, 0.0196838
132.681, 0.0196838
132.743, 0.0196838
132.803, 0.0196838
132.864, 0.0196838
132.924, 0.0196838
132.986, 0.0196838
133.049, 0.0196838
133.113, 0.0196838
133.173, 0.0196838
133.235, 0.0196838
133.298, 0.0196838
133.358, 0.0196838
133.419, 0.0196838
133.482, 0.0196838
133.542, 0.0196838
133.604, 0.0196838
133.667, 0.0196838
133.727, 0.0196838
133.788, 0.0196838
133.848, 0.0196838
133.91, 0.0196838
133.97, 0.0196838
134.03, 0.0196838
134.091, 0.0196838
134.154, 0.0196838
134.214, 0.0196838
134.276, 0.0196838
134.339, 0.0196838
134.404, 0.0196838
134.47, 0.0196838
134.538, 0.0196838
134.598, 0.0196838
134.659, 0.0196838
134.722, 0.0196838
134.782, 0.0196838
134.842, 0.0196838
134.904, 0.0196838
134.967, 0.0196838
135.031, 0.0196838
135.098, 0.0196838
135.158, 0.0196838
135.219, 0.0196838
135.279, 0.0196838
135.341, 0.0196838
135.404, 0.0196838
135.468, 0.0196838
135.528, 0.0196838
135.59, 0.0196838
135.653, 0.0196838
135.717, 0.0196838
135.784, 0.0196838
135.852, 0.0196838
135.912, 0.0196838
135.973, 0.0196838
136.036, 0.0196838
136.101, 0.0196838
136.167, 0.0196838
136.227, 0.0196838
136.288, 0.0196838
136.348, 0.0196838
136.408, 0.0196838
136.47, 0.0196838
136.53, 0.0196838
136.591, 0.0196838
136.651, 0.0196838
136.713, 0.0196838
136.776, 0.0196838
136.841, 0.0196838
136.901, 0.0196838
136.961, 0.0196838
137.021, 0.0196838
137.082, 0.0196838
137.145, 0.0196838
137.205, 0.0196838
137.267, 0.0196838
137.33, 0.0196838
137.39, 0.0196838
137.451, 0.0196838
137.514, 0.0196838
137.579, 0.0196838
137.645, 0.0196838
137.713, 0.0196838
137.773, 0.0196838
137.834, 0.0196838
137.897, 0.0196838
137.962, 0.0196838
138.028, 0.0196838
138.096, 0.0196838
138.156, 0.0196838
138.218, 0.0196838
138.278, 0.0196838
138.339, 0.0196838
138.399, 0.0196838
138.461, 0.0196838
138.524, 0.0196838
138.588, 0.0196838
138.655, 0.0196838
138.722, 0.0196838
138.792, 0.0196838
138.852, 0.0196838
138.914, 0.0196838
138.977, 0.0196838
139.041, 0.0196838
139.101, 0.0196838
139.163, 0.0196838
139.226, 0.0196838
139.286, 0.0196838
139.347, 0.0196838
139.41, 0.0196838
139.47, 0.0196838
139.532, 0.0196838
139.595, 0.0196838
139.659, 0.0196838
139.726, 0.0196838
139.794, 0.0196838
139.854, 0.0196838
139.915, 0.0196838
139.975, 0.0196838
140.037, 0.0196838
140.1, 0.0196838
140.16, 0.0196838
140.221, 0.0196838
140.281, 0.0196838
140.343, 0.0196838
140.406, 0.0196838
140.466, 0.0196838
140.527, 0.0196838
140.59, 0.0196838
140.655, 0.0196838
140.715, 0.0196838
140.775, 0.0196838
140.836, 0.0196838
140.899, 0.0196838
140.964, 0.0196838
141.03, 0.0196838
141.098, 0.0196838
141.158, 0.0196838
141.219, 0.0196838
141.283, 0.0196838
141.347, 0.0196838
141.407, 0.0196838
141.469, 0.0196838
141.532, 0.0196838
141.592, 0.0196838
141.653, 0.0196838
141.716, 0.0196838
141.781, 0.0196838
141.847, 0.0196838
141.907, 0.0196838
141.969, 0.0196838
142.029, 0.0196838
142.09, 0.0196838
142.153, 0.0196838
142.213, 0.0196838
142.275, 0.0196838
142.335, 0.0196838
142.396, 0.0196838
142.456, 0.0196838
142.518, 0.0196838
142.581, 0.0196838
142.641, 0.0196838
142.702, 0.0196838
142.765, 0.0196838
142.83, 0.0196838
142.896, 0.0196838
142.956, 0.0196838
143.018, 0.0196838
143.078, 0.0196838
143.139, 0.0196838
143.199, 0.0196838
143.261, 0.0196838
143.324, 0.0196838
143.388, 0.0196838
143.454, 0.0196838
143.514, 0.0196838
143.576, 0.0196838
143.639, 0.0196838
143.699, 0.0196838
143.76, 0.0196838
143.823, 0.0196838
143.883, 0.0196838
143.945, 0.0196838
144.008, 0.0196838
144.068, 0.0196838
144.13, 0.0196838
144.19, 0.0196838
144.25, 0.0196838
144.311, 0.0196838
144.371, 0.0196838
144.433, 0.0196838
144.496, 0.0196838
144.56, 0.0196838
144.62, 0.0196838
144.68, 0.0196838
144.742, 0.0196838
144.805, 0.0196838
144.869, 0.0196838
144.936, 0.0196838
145.003, 0.0196838
145.063, 0.0196838
145.125, 0.0196838
145.185, 0.0196838
145.246, 0.0196838
145.309, 0.0196838
145.369, 0.0196838
145.431, 0.0196838
145.491, 0.0196838
145.552, 0.0196838
145.612, 0.0196838
145.674, 0.0196838
145.734, 0.0196838
145.795, 0.0196838
145.859, 0.0196838
145.923, 0.0196838
145.983, 0.0196838
146.045, 0.0196838
146.108, 0.0196838
146.172, 0.0196838
146.238, 0.0196838
146.306, 0.0196838
146.376, 0.0196838
146.447, 0.0196838
146.507, 0.0196838
146.569, 0.0196838
146.632, 0.0196838
146.696, 0.0196838
146.756, 0.0196838
146.818, 0.0196838
146.881, 0.0196838
146.946, 0.0196838
147.006, 0.0196838
147.067, 0.0196838
147.127, 0.0196838
147.189, 0.0196838
147.252, 0.0196838
147.316, 0.0196838
147.382, 0.0196838
147.45, 0.0196838
147.52, 0.0196838
147.591, 0.0196838
147.651, 0.0196838
147.713, 0.0196838
147.776, 0.0196838
147.84, 0.0196838
147.907, 0.0196838
147.975, 0.0196838
148.035, 0.0196838
148.096, 0.0196838
148.159, 0.0196838
148.219, 0.0196838
148.281, 0.0196838
148.344, 0.0196838
148.408, 0.0196838
148.468, 0.0196838
148.53, 0.0196838
148.59, 0.0196838
148.651, 0.0196838
148.714, 0.0196838
148.779, 0.0196838
148.839, 0.0196838
148.9, 0.0196838
148.963, 0.0196838
149.023, 0.0196838
149.085, 0.0196838
149.148, 0.0196838
149.208, 0.0196838
149.269, 0.0196838
149.332, 0.0196838
149.397, 0.0196838
149.463, 0.0196838
149.531, 0.0196838
149.591, 0.0196838
149.653, 0.0196838
149.716, 0.0196838
149.78, 0.0196838
149.847, 0.0196838
149.907, 0.0196838
149.968, 0.0196838
150.028, 0.0196838
150.09, 0.0196838
150.15, 0.0196838
150.211, 0.0196838
150.271, 0.0196838
150.331, 0.0196838
150.393, 0.0196838
150.453, 0.0196838
150.514, 0.0196838
150.577, 0.0196838
150.637, 0.0196838
150.699, 0.0196838
150.762, 0.0196838
150.826, 0.0196838
150.886, 0.0196838
150.948, 0.0196838
151.008, 0.0196838
151.069, 0.0196838
151.129, 0.0196838
151.191, 0.0196838
151.251, 0.0196838
151.312, 0.0196838
151.372, 0.0196838
151.434, 0.0196838
151.497, 0.0196838
151.557, 0.0196838
151.618, 0.0196838
151.681, 0.0196838
151.741, 0.0196838
151.803, 0.0196838
151.863, 0.0196838
151.923, 0.0196838
151.984, 0.0196838
152.047, 0.0196838
152.112, 0.0196838
152.172, 0.0196838
152.233, 0.0196838
152.297, 0.0196838
152.357, 0.0196838
152.418, 0.0196838
152.481, 0.0196838
152.546, 0.0196838
152.612, 0.0196838
152.68, 0.0196838
152.749, 0.0196838
152.821, 0.0196838
152.881, 0.0196838
152.942, 0.0196838
153.005, 0.0196838
153.065, 0.0196838
153.127, 0.0196838
153.19, 0.0196838
153.254, 0.0196838
153.314, 0.0196838
153.374, 0.0196838
153.436, 0.0196838
153.499, 0.0196838
153.559, 0.0196838
153.62, 0.0196838
153.683, 0.0196838
153.748, 0.0196838
153.814, 0.0196838
153.882, 0.0196838
153.952, 0.0196838
154.023, 0.0196838
154.083, 0.0196838
154.145, 0.0196838
154.205, 0.0196838
154.266, 0.0196838
154.329, 0.0196838
154.389, 0.0196838
154.451, 0.0196838
154.511, 0.0196838
154.572, 0.0196838
154.635, 0.0196838
154.7, 0.0196838
154.76, 0.0196838
154.821, 0.0196838
154.881, 0.0196838
154.941, 0.0196838
155.003, 0.0196838
155.066, 0.0196838
155.126, 0.0196838
155.187, 0.0196838
155.247, 0.0196838
155.309, 0.0196838
155.372, 0.0196838
155.432, 0.0196838
155.493, 0.0196838
155.556, 0.0196838
155.621, 0.0196838
155.687, 0.0196838
155.755, 0.0196838
155.825, 0.0196838
155.896, 0.0196838
155.956, 0.0196838
156.018, 0.0196838
156.081, 0.0196838
156.145, 0.0196838
156.205, 0.0196838
156.267, 0.0196838
156.327, 0.0196838
156.388, 0.0196838
156.451, 0.0196838
156.511, 0.0196838
156.573, 0.0196838
156.636, 0.0196838
156.7, 0.0196838
156.76, 0.0196838
156.822, 0.0196838
156.882, 0.0196838
156.943, 0.0196838
157.006, 0.0196838
157.066, 0.0196838
157.128, 0.0196838
157.191, 0.0196838
157.251, 0.0196838
157.312, 0.0196838
157.375, 0.0196838
157.44, 0.0196838
157.506, 0.0196838
157.566, 0.0196838
157.628, 0.0196838
157.691, 0.0196838
157.755, 0.0196838
157.815, 0.0196838
157.877, 0.0196838
157.94, 0.0196838
158, 0.0196838
158.062, 0.0196838
158.125, 0.0196838
158.185, 0.0196838
158.246, 0.0196838
158.309, 0.0196838
158.374, 0.0196838
158.434, 0.0196838
158.495, 0.0196838
158.558, 0.0196838
158.623, 0.0196838
158.683, 0.0196838
158.744, 0.0196838
158.804, 0.0196838
158.866, 0.0196838
158.929, 0.0196838
158.989, 0.0196838
159.05, 0.0196838
159.11, 0.0196838
159.172, 0.0196838
159.232, 0.0196838
159.293, 0.0196838
159.353, 0.0196838
159.415, 0.0196838
159.475, 0.0196838
159.536, 0.0196838
159.596, 0.0196838
159.658, 0.0196838
159.718, 0.0196838
159.779, 0.0196838
159.839, 0.0196838
159.901, 0.0196838
159.964, 0.0196838
160.024, 0.0196838
160.085, 0.0196838
160.145, 0.0196838
160.207, 0.0196838
160.27, 0.0196838
160.33, 0.0196838
160.391, 0.0196838
160.451, 0.0196838
160.513, 0.0196838
160.573, 0.0196838
160.634, 0.0196838
160.697, 0.0196838
160.762, 0.0196838
160.828, 0.0196838
160.888, 0.0196838
160.95, 0.0196838
161.013, 0.0196838
161.077, 0.0196838
161.137, 0.0196838
161.199, 0.0196838
161.259, 0.0196838
161.32, 0.0196838
161.38, 0.0196838
161.442, 0.0196838
161.505, 0.0196838
161.57, 0.0196838
161.636, 0.0196838
161.696, 0.0196838
161.757, 0.0196838
161.817, 0.0196838
161.879, 0.0196838
161.939, 0.0196838
162, 0.0196838
162.063, 0.0196838
162.128, 0.0196838
162.188, 0.0196838
162.25, 0.0196838
162.313, 0.0196838
162.377, 0.0196838
162.443, 0.0196838
162.511, 0.0196838
162.581, 0.0196838
162.652, 0.0196838
162.725, 0.0196838
162.785, 0.0196838
162.845, 0.0196838
162.907, 0.0196838
162.97, 0.0196838
163.034, 0.0196838
163.101, 0.0196838
163.169, 0.0196838
163.238, 0.0196838
163.298, 0.0196838
163.36, 0.0196838
163.42, 0.0196838
163.481, 0.0196838
163.541, 0.0196838
163.603, 0.0196838
163.666, 0.0196838
163.73, 0.0196838
163.79, 0.0196838
163.852, 0.0196838
163.915, 0.0196838
163.975, 0.0196838
164.035, 0.0196838
164.096, 0.0196838
164.159, 0.0196838
164.219, 0.0196838
164.281, 0.0196838
164.341, 0.0196838
164.402, 0.0196838
164.465, 0.0196838
164.53, 0.0196838
164.596, 0.0196838
164.656, 0.0196838
164.716, 0.0196838
164.778, 0.0196838
164.841, 0.0196838
164.905, 0.0196838
164.965, 0.0196838
165.027, 0.0196838
165.09, 0.0196838
165.155, 0.0196838
165.221, 0.0196838
165.289, 0.0196838
165.349, 0.0196838
165.41, 0.0196838
165.47, 0.0196838
165.532, 0.0196838
165.592, 0.0196838
165.652, 0.0196838
165.713, 0.0196838
165.773, 0.0196838
165.835, 0.0196838
165.898, 0.0196838
165.962, 0.0196838
166.029, 0.0196838
166.096, 0.0196838
166.156, 0.0196838
166.218, 0.0196838
166.278, 0.0196838
166.339, 0.0196838
166.399, 0.0196838
166.459, 0.0196838
166.521, 0.0196838
166.584, 0.0196838
166.644, 0.0196838
166.705, 0.0196838
166.765, 0.0196838
166.827, 0.0196838
166.89, 0.0196838
166.955, 0.0196838
167.021, 0.0196838
167.081, 0.0196838
167.141, 0.0196838
167.202, 0.0196838
167.262, 0.0196838
167.324, 0.0196838
167.387, 0.0196838
167.451, 0.0196838
167.518, 0.0196838
167.578, 0.0196838
167.639, 0.0196838
167.699, 0.0196838
167.759, 0.0196838
167.821, 0.0196838
167.884, 0.0196838
167.948, 0.0196838
168.008, 0.0196838
168.07, 0.0196838
168.133, 0.0196838
168.198, 0.0196838
168.258, 0.0196838
168.319, 0.0196838
168.379, 0.0196838
168.441, 0.0196838
168.501, 0.0196838
168.562, 0.0196838
168.625, 0.0196838
168.69, 0.0196838
168.75, 0.0196838
168.811, 0.0196838
168.871, 0.0196838
168.933, 0.0196838
168.996, 0.0196838
169.056, 0.0196838
169.117, 0.0196838
169.18, 0.0196838
169.245, 0.0196838
169.305, 0.0196838
169.366, 0.0196838
169.426, 0.0196838
169.488, 0.0196838
169.548, 0.0196838
169.609, 0.0196838
169.669, 0.0196838
169.731, 0.0196838
169.794, 0.0196838
169.859, 0.0196838
169.919, 0.0196838
169.98, 0.0196838
170.043, 0.0196838
170.103, 0.0196838
170.165, 0.0196838
170.228, 0.0196838
170.292, 0.0196838
170.358, 0.0196838
170.418, 0.0196838
170.48, 0.0196838
170.543, 0.0196838
170.608, 0.0196838
170.674, 0.0196838
170.734, 0.0196838
170.795, 0.0196838
170.858, 0.0196838
170.923, 0.0196838
170.989, 0.0196838
171.049, 0.0196838
171.109, 0.0196838
171.171, 0.0196838
171.231, 0.0196838
171.291, 0.0196838
171.352, 0.0196838
171.412, 0.0196838
171.472, 0.0196838
171.532, 0.0196838
171.594, 0.0196838
171.657, 0.0196838
171.721, 0.0196838
171.781, 0.0196838
171.841, 0.0196838
171.903, 0.0196838
171.966, 0.0196838
172.03, 0.0196838
172.097, 0.0196838
172.157, 0.0196838
172.218, 0.0196838
172.281, 0.0196838
172.346, 0.0196838
172.412, 0.0196838
172.472, 0.0196838
172.534, 0.0196838
172.594, 0.0196838
172.655, 0.0196838
172.715, 0.0196838
172.777, 0.0196838
172.837, 0.0196838
172.898, 0.0196838
172.961, 0.0196838
173.026, 0.0196838
173.086, 0.0196838
173.147, 0.0196838
173.21, 0.0196838
173.275, 0.0196838
173.341, 0.0196838
173.409, 0.0196838
173.469, 0.0196838
173.529, 0.0196838
173.591, 0.0196838
173.654, 0.0196838
173.718, 0.0196838
173.778, 0.0196838
173.84, 0.0196838
173.9, 0.0196838
173.961, 0.0196838
174.024, 0.0196838
174.089, 0.0196838
174.149, 0.0196838
174.21, 0.0196838
174.273, 0.0196838
174.338, 0.0196838
174.398, 0.0196838
174.459, 0.0196838
174.519, 0.0196838
174.581, 0.0196838
174.641, 0.0196838
174.702, 0.0196838
174.765, 0.0196838
174.83, 0.0196838
174.89, 0.0196838
174.952, 0.0196838
175.015, 0.0196838
175.079, 0.0196838
175.139, 0.0196838
175.201, 0.0196838
175.261, 0.0196838
175.322, 0.0196838
175.382, 0.0196838
175.444, 0.0196838
175.507, 0.0196838
175.571, 0.0196838
175.631, 0.0196838
175.693, 0.0196838
175.756, 0.0196838
175.821, 0.0196838
175.887, 0.0196838
175.955, 0.0196838
176.024, 0.0196838
176.096, 0.0196838
176.169, 0.0196838
176.229, 0.0196838
176.29, 0.0196838
176.353, 0.0196838
176.413, 0.0196838
176.475, 0.0196838
176.538, 0.0196838
176.598, 0.0196838
176.659, 0.0196838
176.719, 0.0196838
176.781, 0.0196838
176.841, 0.0196838
176.902, 0.0196838
176.962, 0.0196838
177.024, 0.0196838
177.084, 0.0196838
177.145, 0.0196838
177.205, 0.0196838
177.265, 0.0196838
177.327, 0.0196838
177.39, 0.0196838
177.45, 0.0196838
177.511, 0.0196838
177.574, 0.0196838
177.639, 0.0196838
177.699, 0.0196838
177.76, 0.0196838
177.823, 0.0196838
177.883, 0.0196838
177.945, 0.0196838
178.008, 0.0196838
178.073, 0.0196838
178.133, 0.0196838
178.194, 0.0196838
178.254, 0.0196838
178.316, 0.0196838
178.379, 0.0196838
178.439, 0.0196838
178.5, 0.0196838
178.563, 0.0196838
178.628, 0.0196838
178.694, 0.0196838
178.754, 0.0196838
178.816, 0.0196838
178.876, 0.0196838
178.936, 0.0196838
178.997, 0.0196838
179.06, 0.0196838
179.12, 0.0196838
179.182, 0.0196838
179.242, 0.0196838
179.303, 0.0196838
179.363, 0.0196838
179.425, 0.0196838
179.485, 0.0196838
179.546, 0.0196838
179.609, 0.0196838
179.669, 0.0196838
179.729, 0.0196838
179.791, 0.0196838
179.854, 0.0196838
179.918, 0.0196838
179.985, 0.0196838
180.045, 0.0196838
180.106, 0.0196838
180.169, 0.0196838
180.229, 0.0196838
180.291, 0.0196838
180.354, 0.0196838
180.414, 0.0196838
180.475, 0.0196838
180.535, 0.0196838
180.597, 0.0196838
180.66, 0.0196838
180.72, 0.0196838
180.781, 0.0196838
180.841, 0.0196838
180.903, 0.0196838
180.966, 0.0196838
181.026, 0.0196838
181.086, 0.0196838
181.147, 0.0196838
181.21, 0.0196838
181.27, 0.0196838
181.332, 0.0196838
181.395, 0.0196838
181.459, 0.0196838
181.519, 0.0196838
181.581, 0.0196838
181.641, 0.0196838
181.701, 0.0196838
181.762, 0.0196838
181.822, 0.0196838
181.884, 0.0196838
181.944, 0.0196838
182.004, 0.0196838
182.065, 0.0196838
182.128, 0.0196838
182.188, 0.0196838
182.25, 0.0196838
182.313, 0.0196838
182.373, 0.0196838
182.434, 0.0196838
182.497, 0.0196838
182.557, 0.0196838
182.619, 0.0196838
182.679, 0.0196838
182.74, 0.0196838
182.803, 0.0196838
182.863, 0.0196838
182.925, 0.0196838
182.985, 0.0196838
183.046, 0.0196838
183.11, 0.0196838
183.174, 0.0196838
183.234, 0.0196838
183.296, 0.0196838
183.356, 0.0196838
183.416, 0.0196838
183.477, 0.0196838
183.537, 0.0196838
183.599, 0.0196838
183.662, 0.0196838
183.722, 0.0196838
183.783, 0.0196838
183.846, 0.0196838
183.911, 0.0196838
183.971, 0.0196838
184.032, 0.0196838
184.095, 0.0196838
184.16, 0.0196838
184.22, 0.0196838
184.281, 0.0196838
184.345, 0.0196838
184.409, 0.0196838
184.475, 0.0196838
184.535, 0.0196838
184.597, 0.0196838
184.657, 0.0196838
184.718, 0.0196838
184.778, 0.0196838
184.84, 0.0196838
184.903, 0.0196838
184.963, 0.0196838
185.024, 0.0196838
185.087, 0.0196838
185.147, 0.0196838
185.209, 0.0196838
185.272, 0.0196838
185.332, 0.0196838
185.393, 0.0196838
185.453, 0.0196838
185.515, 0.0196838
185.578, 0.0196838
185.638, 0.0196838
185.7, 0.0196838
185.763, 0.0196838
185.827, 0.0196838
185.887, 0.0196838
185.949, 0.0196838
186.009, 0.0196838
186.069, 0.0196838
186.13, 0.0196838
186.193, 0.0196838
186.258, 0.0196838
186.324, 0.0196838
186.392, 0.0196838
186.452, 0.0196838
186.513, 0.0196838
186.576, 0.0196838
186.636, 0.0196838
186.696, 0.0196838
186.758, 0.0196838
186.818, 0.0196838
186.879, 0.0196838
186.943, 0.0196838
187.003, 0.0196838
187.063, 0.0196838
187.124, 0.0196838
187.184, 0.0196838
187.246, 0.0196838
187.306, 0.0196838
187.366, 0.0196838
187.427, 0.0196838
187.487, 0.0196838
187.549, 0.0196838
187.609, 0.0196838
187.67, 0.0196838
187.73, 0.0196838
187.792, 0.0196838
187.852, 0.0196838
187.913, 0.0196838
187.976, 0.0196838
188.041, 0.0196838
188.107, 0.0196838
188.175, 0.0196838
188.244, 0.0196838
188.304, 0.0196838
188.364, 0.0196838
188.424, 0.0196838
188.486, 0.0196838
188.549, 0.0196838
188.609, 0.0196838
188.67, 0.0196838
188.733, 0.0196838
188.798, 0.0196838
188.858, 0.0196838
188.92, 0.0196838
188.983, 0.0196838
189.047, 0.0196838
189.107, 0.0196838
189.167, 0.0196838
189.229, 0.0196838
189.292, 0.0196838
189.356, 0.0196838
189.416, 0.0196838
189.478, 0.0196838
189.538, 0.0196838
189.599, 0.0196838
189.662, 0.0196838
189.727, 0.0196838
189.787, 0.0196838
189.848, 0.0196838
189.912, 0.0196838
189.976, 0.0196838
190.042, 0.0196838
190.102, 0.0196838
190.164, 0.0196838
190.224, 0.0196838
190.285, 0.0196838
190.345, 0.0196838
190.405, 0.0196838
190.467, 0.0196838
190.53, 0.0196838
190.595, 0.0196838
190.661, 0.0196838
190.729, 0.0196838
190.798, 0.0196838
190.87, 0.0196838
190.943, 0.0196838
191.018, 0.0196838
191.094, 0.0196838
191.173, 0.0196838
191.233, 0.0196838
191.295, 0.0196838
191.355, 0.0196838
191.415, 0.0196838
191.476, 0.0196838
191.539, 0.0196838
191.599, 0.0196838
191.659, 0.0196838
191.721, 0.0196838
191.781, 0.0196838
191.841, 0.0196838
191.902, 0.0196838
191.965, 0.0196838
192.025, 0.0196838
192.087, 0.0196838
192.15, 0.0196838
192.214, 0.0196838
192.274, 0.0196838
192.336, 0.0196838
192.399, 0.0196838
192.463, 0.0196838
192.523, 0.0196838
192.585, 0.0196838
192.648, 0.0196838
192.713, 0.0196838
192.773, 0.0196838
192.834, 0.0196838
192.897, 0.0196838
192.962, 0.0196838
193.022, 0.0196838
193.083, 0.0196838
193.143, 0.0196838
193.205, 0.0196838
193.265, 0.0196838
193.326, 0.0196838
193.386, 0.0196838
193.448, 0.0196838
193.508, 0.0196838
193.569, 0.0196838
193.629, 0.0196838
193.691, 0.0196838
193.751, 0.0196838
193.812, 0.0196838
193.875, 0.0196838
193.94, 0.0196838
194, 0.0196838
194.061, 0.0196838
194.121, 0.0196838
194.183, 0.0196838
194.243, 0.0196838
194.304, 0.0196838
194.364, 0.0196838
194.424, 0.0196838
194.486, 0.0196838
194.546, 0.0196838
194.607, 0.0196838
194.667, 0.0196838
194.729, 0.0196838
194.789, 0.0196838
194.85, 0.0196838
194.913, 0.0196838
194.978, 0.0196838
195.044, 0.0196838
195.104, 0.0196838
195.166, 0.0196838
195.229, 0.0196838
195.289, 0.0196838
195.35, 0.0196838
195.41, 0.0196838
195.472, 0.0196838
195.532, 0.0196838
195.593, 0.0196838
195.653, 0.0196838
195.715, 0.0196838
195.775, 0.0196838
195.836, 0.0196838
195.896, 0.0196838
195.958, 0.0196838
196.021, 0.0196838
196.081, 0.0196838
196.142, 0.0196838
196.202, 0.0196838
196.264, 0.0196838
196.324, 0.0196838
196.385, 0.0196838
196.448, 0.0196838
196.508, 0.0196838
196.57, 0.0196838
196.63, 0.0196838
196.691, 0.0196838
196.751, 0.0196838
196.813, 0.0196838
196.876, 0.0196838
196.941, 0.0196838
197.001, 0.0196838
197.062, 0.0196838
197.125, 0.0196838
197.19, 0.0196838
197.256, 0.0196838
197.316, 0.0196838
197.377, 0.0196838
197.437, 0.0196838
197.499, 0.0196838
197.562, 0.0196838
197.627, 0.0196838
197.693, 0.0196838
197.753, 0.0196838
197.814, 0.0196838
197.877, 0.0196838
197.942, 0.0196838
198.002, 0.0196838
198.063, 0.0196838
198.127, 0.0196838
198.191, 0.0196838
198.251, 0.0196838
198.313, 0.0196838
198.373, 0.0196838
198.434, 0.0196838
198.494, 0.0196838
198.556, 0.0196838
198.616, 0.0196838
198.677, 0.0196838
198.737, 0.0196838
198.799, 0.0196838
198.862, 0.0196838
198.922, 0.0196838
198.983, 0.0196838
199.046, 0.0196838
199.106, 0.0196838
199.168, 0.0196838
199.231, 0.0196838
199.291, 0.0196838
199.352, 0.0196838
199.415, 0.0196838
199.475, 0.0196838
199.535, 0.0196838
199.597, 0.0196838
199.66, 0.0196838
199.72, 0.0196838
199.781, 0.0196838
199.844, 0.0196838
199.909, 0.0196838
199.975, 0.0196838
200.035, 0.0196838
200.097, 0.0196838
200.16, 0.0196838
200.224, 0.0196838
200.291, 0.0196838
200.351, 0.0196838
200.412, 0.0196838
200.475, 0.0196838
200.535, 0.0196838
200.597, 0.0196838
200.66, 0.0196838
200.72, 0.0196838
200.781, 0.0196838
200.841, 0.0196838
200.903, 0.0196838
200.963, 0.0196838
201.024, 0.0196838
201.084, 0.0196838
201.144, 0.0196838
201.206, 0.0196838
201.269, 0.0196838
201.329, 0.0196838
201.39, 0.0196838
201.453, 0.0196838
201.513, 0.0196838
201.575, 0.0196838
201.638, 0.0196838
201.702, 0.0196838
201.762, 0.0196838
201.824, 0.0196838
201.884, 0.0196838
201.944, 0.0196838
202.005, 0.0196838
202.068, 0.0196838
202.128, 0.0196838
202.19, 0.0196838
202.253, 0.0196838
202.313, 0.0196838
202.374, 0.0196838
202.438, 0.0196838
202.498, 0.0196838
202.559, 0.0196838
202.622, 0.0196838
202.682, 0.0196838
202.744, 0.0196838
202.807, 0.0196838
202.867, 0.0196838
202.928, 0.0196838
202.988, 0.0196838
203.05, 0.0196838
203.113, 0.0196838
203.177, 0.0196838
203.243, 0.0196838
203.311, 0.0196838
203.371, 0.0196838
203.433, 0.0196838
203.493, 0.0196838
203.554, 0.0196838
203.614, 0.0196838
203.676, 0.0196838
203.739, 0.0196838
203.803, 0.0196838
203.863, 0.0196838
203.925, 0.0196838
203.985, 0.0196838
204.046, 0.0196838
204.11, 0.0196838
204.174, 0.0196838
204.234, 0.0196838
204.296, 0.0196838
204.356, 0.0196838
204.417, 0.0196838
204.477, 0.0196838
204.539, 0.0196838
204.602, 0.0196838
204.666, 0.0196838
204.726, 0.0196838
204.788, 0.0196838
204.851, 0.0196838
204.911, 0.0196838
204.972, 0.0196838
205.035, 0.0196838
205.095, 0.0196838
205.155, 0.0196838
205.217, 0.0196838
205.277, 0.0196838
205.338, 0.0196838
205.401, 0.0196838
205.461, 0.0196838
205.523, 0.0196838
205.583, 0.0196838
205.644, 0.0196838
205.704, 0.0196838
205.766, 0.0196838
205.826, 0.0196838
205.887, 0.0196838
205.947, 0.0196838
206.009, 0.0196838
206.069, 0.0196838
206.13, 0.0196838
206.19, 0.0196838
206.252, 0.0196838
206.312, 0.0196838
206.373, 0.0196838
206.436, 0.0196838
206.496, 0.0196838
206.558, 0.0196838
206.618, 0.0196838
206.679, 0.0196838
206.742, 0.0196838
206.807, 0.0196838
206.873, 0.0196838
206.933, 0.0196838
206.995, 0.0196838
207.055, 0.0196838
207.116, 0.0196838
207.179, 0.0196838
207.244, 0.0196838
207.304, 0.0196838
207.365, 0.0196838
207.425, 0.0196838
207.487, 0.0196838
207.55, 0.0196838
207.615, 0.0196838
207.681, 0.0196838
207.741, 0.0196838
207.802, 0.0196838
207.862, 0.0196838
207.924, 0.0196838
207.987, 0.0196838
208.052, 0.0196838
208.112, 0.0196838
208.173, 0.0196838
208.233, 0.0196838
208.295, 0.0196838
208.358, 0.0196838
208.418, 0.0196838
208.479, 0.0196838
208.539, 0.0196838
208.599, 0.0196838
208.661, 0.0196838
208.721, 0.0196838
208.782, 0.0196838
208.842, 0.0196838
208.904, 0.0196838
208.964, 0.0196838
209.024, 0.0196838
209.084, 0.0196838
209.145, 0.0196838
209.205, 0.0196838
209.267, 0.0196838
209.33, 0.0196838
209.394, 0.0196838
209.454, 0.0196838
209.516, 0.0196838
209.576, 0.0196838
209.637, 0.0196838
209.7, 0.0196838
209.76, 0.0196838
209.822, 0.0196838
209.885, 0.0196838
209.945, 0.0196838
210.006, 0.0196838
210.066, 0.0196838
210.128, 0.0196838
210.188, 0.0196838
210.249, 0.0196838
210.312, 0.0196838
210.377, 0.0196838
210.443, 0.0196838
210.503, 0.0196838
210.563, 0.0196838
210.625, 0.0196838
210.688, 0.0196838
210.752, 0.0196838
210.812, 0.0196838
210.872, 0.0196838
210.934, 0.0196838
210.997, 0.0196838
211.057, 0.0196838
211.118, 0.0196838
211.178, 0.0196838
211.24, 0.0196838
211.303, 0.0196838
211.367, 0.0196838
211.427, 0.0196838
211.489, 0.0196838
211.552, 0.0196838
211.617, 0.0196838
211.683, 0.0196838
211.743, 0.0196838
211.803, 0.0196838
211.864, 0.0196838
211.924, 0.0196838
211.984, 0.0196838
212.046, 0.0196838
212.106, 0.0196838
212.167, 0.0196838
212.227, 0.0196838
212.289, 0.0196838
212.352, 0.0196838
212.412, 0.0196838
212.472, 0.0196838
212.532, 0.0196838
212.593, 0.0196838
212.656, 0.0196838
212.716, 0.0196838
212.776, 0.0196838
212.838, 0.0196838
212.901, 0.0196838
212.966, 0.0196838
213.032, 0.0196838
213.1, 0.0196838
213.169, 0.0196838
213.229, 0.0196838
213.291, 0.0196838
213.351, 0.0196838
213.412, 0.0196838
213.475, 0.0196838
213.54, 0.0196838
213.606, 0.0196838
213.666, 0.0196838
213.728, 0.0196838
213.788, 0.0196838
213.849, 0.0196838
213.912, 0.0196838
213.977, 0.0196838
214.037, 0.0196838
214.098, 0.0196838
214.158, 0.0196838
214.22, 0.0196838
214.28, 0.0196838
214.341, 0.0196838
214.404, 0.0196838
214.464, 0.0196838
214.526, 0.0196838
214.589, 0.0196838
214.654, 0.0196838
214.72, 0.0196838
214.78, 0.0196838
214.841, 0.0196838
214.901, 0.0196838
214.963, 0.0196838
215.023, 0.0196838
215.084, 0.0196838
215.144, 0.0196838
215.206, 0.0196838
215.266, 0.0196838
215.327, 0.0196838
215.39, 0.0196838
215.45, 0.0196838
215.512, 0.0196838
215.575, 0.0196838
215.639, 0.0196838
215.706, 0.0196838
215.766, 0.0196838
215.827, 0.0196838
215.887, 0.0196838
215.949, 0.0196838
216.009, 0.0196838
216.07, 0.0196838
216.13, 0.0196838
216.192, 0.0196838
216.252, 0.0196838
216.313, 0.0196838
216.376, 0.0196838
216.441, 0.0196838
216.501, 0.0196838
216.562, 0.0196838
216.622, 0.0196838
216.684, 0.0196838
216.747, 0.0196838
216.811, 0.0196838
216.878, 0.0196838
216.946, 0.0196838
217.006, 0.0196838
217.067, 0.0196838
217.13, 0.0196838
217.19, 0.0196838
217.252, 0.0196838
217.315, 0.0196838
217.379, 0.0196838
217.445, 0.0196838
217.505, 0.0196838
217.567, 0.0196838
217.63, 0.0196838
217.695, 0.0196838
217.755, 0.0196838
217.816, 0.0196838
217.879, 0.0196838
217.944, 0.0196838
218.004, 0.0196838
218.065, 0.0196838
218.125, 0.0196838
218.187, 0.0196838
218.25, 0.0196838
218.31, 0.0196838
218.371, 0.0196838
218.434, 0.0196838
218.499, 0.0196838
218.559, 0.0196838
218.62, 0.0196838
218.68, 0.0196838
218.742, 0.0196838
218.805, 0.0196838
218.87, 0.0196838
218.93, 0.0196838
218.99, 0.0196838
219.051, 0.0196838
219.114, 0.0196838
219.174, 0.0196838
219.234, 0.0196838
219.294, 0.0196838
219.356, 0.0196838
219.419, 0.0196838
219.479, 0.0196838
219.539, 0.0196838
219.6, 0.0196838
219.663, 0.0196838
219.723, 0.0196838
219.785, 0.0196838
219.848, 0.0196838
219.908, 0.0196838
219.969, 0.0196838
220.032, 0.0196838
220.092, 0.0196838
220.154, 0.0196838
220.214, 0.0196838
220.275, 0.0196838
220.335, 0.0196838
220.397, 0.0196838
220.46, 0.0196838
220.524, 0.0196838
220.591, 0.0196838
220.659, 0.0196838
220.719, 0.0196838
220.779, 0.0196838
220.84, 0.0196838
220.903, 0.0196838
220.968, 0.0196838
221.034, 0.0196838
221.094, 0.0196838
221.155, 0.0196838
221.215, 0.0196838
221.277, 0.0196838
221.337, 0.0196838
221.398, 0.0196838
221.461, 0.0196838
221.526, 0.0196838
221.586, 0.0196838
221.646, 0.0196838
221.708, 0.0196838
221.768, 0.0196838
221.829, 0.0196838
221.892, 0.0196838
221.952, 0.0196838
222.014, 0.0196838
222.074, 0.0196838
222.135, 0.0196838
222.198, 0.0196838
222.258, 0.0196838
222.32, 0.0196838
222.383, 0.0196838
222.447, 0.0196838
222.514, 0.0196838
222.574, 0.0196838
222.635, 0.0196838
222.698, 0.0196838
222.763, 0.0196838
222.829, 0.0196838
222.897, 0.0196838
222.957, 0.0196838
223.018, 0.0196838
223.078, 0.0196838
223.138, 0.0196838
223.2, 0.0196838
223.26, 0.0196838
223.321, 0.0196838
223.384, 0.0196838
223.449, 0.0196838
223.515, 0.0196838
223.575, 0.0196838
223.637, 0.0196838
223.7, 0.0196838
223.76, 0.0196838
223.821, 0.0196838
223.881, 0.0196838
223.943, 0.0196838
224.006, 0.0196838
224.066, 0.0196838
224.127, 0.0196838
224.19, 0.0196838
224.25, 0.0196838
224.312, 0.0196838
224.375, 0.0196838
224.439, 0.0196838
224.499, 0.0196838
224.559, 0.0196838
224.621, 0.0196838
224.681, 0.0196838
224.742, 0.0196838
224.802, 0.0196838
224.862, 0.0196838
224.924, 0.0196838
224.987, 0.0196838
225.052, 0.0196838
225.118, 0.0196838
225.186, 0.0196838
225.255, 0.0196838
225.327, 0.0196838
225.387, 0.0196838
225.448, 0.0196838
225.511, 0.0196838
225.576, 0.0196838
225.642, 0.0196838
225.71, 0.0196838
225.77, 0.0196838
225.83, 0.0196838
225.891, 0.0196838
225.951, 0.0196838
226.013, 0.0196838
226.076, 0.0196838
226.141, 0.0196838
226.201, 0.0196838
226.262, 0.0196838
226.322, 0.0196838
226.384, 0.0196838
226.447, 0.0196838
226.507, 0.0196838
226.567, 0.0196838
226.628, 0.0196838
226.688, 0.0196838
226.75, 0.0196838
226.813, 0.0196838
226.877, 0.0196838
226.937, 0.0196838
226.999, 0.0196838
227.062, 0.0196838
227.122, 0.0196838
227.183, 0.0196838
227.246, 0.0196838
227.311, 0.0196838
227.371, 0.0196838
227.432, 0.0196838
227.495, 0.0196838
227.56, 0.0196838
227.62, 0.0196838
227.682, 0.0196838
227.742, 0.0196838
227.803, 0.0196838
227.866, 0.0196838
227.926, 0.0196838
227.988, 0.0196838
228.051, 0.0196838
228.115, 0.0196838
228.175, 0.0196838
228.237, 0.0196838
228.297, 0.0196838
228.358, 0.0196838
228.421, 0.0196838
228.486, 0.0196838
228.552, 0.0196838
228.612, 0.0196838
228.674, 0.0196838
228.734, 0.0196838
228.794, 0.0196838
228.855, 0.0196838
228.918, 0.0196838
228.978, 0.0196838
229.04, 0.0196838
229.103, 0.0196838
229.167, 0.0196838
229.227, 0.0196838
229.289, 0.0196838
229.349, 0.0196838
229.41, 0.0196838
229.47, 0.0196838
229.532, 0.0196838
229.595, 0.0196838
229.659, 0.0196838
229.719, 0.0196838
229.781, 0.0196838
229.841, 0.0196838
229.902, 0.0196838
229.962, 0.0196838
230.024, 0.0196838
230.087, 0.0196838
230.147, 0.0196838
230.209, 0.0196838
230.272, 0.0196838
230.332, 0.0196838
230.392, 0.0196838
230.453, 0.0196838
230.516, 0.0196838
230.581, 0.0196838
230.641, 0.0196838
230.702, 0.0196838
230.765, 0.0196838
230.825, 0.0196838
230.887, 0.0196838
230.95, 0.0196838
231.01, 0.0196838
231.071, 0.0196838
231.134, 0.0196838
231.199, 0.0196838
231.265, 0.0196838
231.333, 0.0196838
231.403, 0.0196838
231.474, 0.0196838
231.534, 0.0196838
231.595, 0.0196838
231.658, 0.0196838
231.718, 0.0196838
231.78, 0.0196838
231.843, 0.0196838
231.903, 0.0196838
231.965, 0.0196838
232.028, 0.0196838
232.088, 0.0196838
232.149, 0.0196838
232.212, 0.0196838
232.277, 0.0196838
232.337, 0.0196838
232.397, 0.0196838
232.458, 0.0196838
232.521, 0.0196838
232.581, 0.0196838
232.643, 0.0196838
232.703, 0.0196838
232.764, 0.0196838
232.824, 0.0196838
232.886, 0.0196838
232.946, 0.0196838
233.007, 0.0196838
233.07, 0.0196838
233.135, 0.0196838
233.195, 0.0196838
233.256, 0.0196838
233.319, 0.0196838
233.384, 0.0196838
233.45, 0.0196838
233.518, 0.0196838
233.578, 0.0196838
233.64, 0.0196838
233.703, 0.0196838
233.767, 0.0196838
233.834, 0.0196838
233.901, 0.0196838
233.961, 0.0196838
234.023, 0.0196838
234.086, 0.0196838
234.151, 0.0196838
234.211, 0.0196838
234.272, 0.0196838
234.335, 0.0196838
234.395, 0.0196838
234.457, 0.0196838
234.52, 0.0196838
234.58, 0.0196838
234.641, 0.0196838
234.704, 0.0196838
234.764, 0.0196838
234.826, 0.0196838
234.889, 0.0196838
234.949, 0.0196838
235.01, 0.0196838
235.073, 0.0196838
235.138, 0.0196838
235.198, 0.0196838
235.259, 0.0196838
235.322, 0.0196838
235.387, 0.0196838
235.453, 0.0196838
235.521, 0.0196838
235.591, 0.0196838
235.662, 0.0196838
235.722, 0.0196838
235.782, 0.0196838
235.844, 0.0196838
235.907, 0.0196838
235.967, 0.0196838
236.028, 0.0196838
236.088, 0.0196838
236.15, 0.0196838
236.21, 0.0196838
236.271, 0.0196838
236.331, 0.0196838
236.393, 0.0196838
236.456, 0.0196838
236.52, 0.0196838
236.586, 0.0196838
236.654, 0.0196838
236.714, 0.0196838
236.776, 0.0196838
236.839, 0.0196838
236.904, 0.0196838
236.97, 0.0196838
237.03, 0.0196838
237.091, 0.0196838
237.151, 0.0196838
237.213, 0.0196838
237.276, 0.0196838
237.34, 0.0196838
237.4, 0.0196838
237.462, 0.0196838
237.522, 0.0196838
237.583, 0.0196838
237.646, 0.0196838
237.711, 0.0196838
237.771, 0.0196838
237.833, 0.0196838
237.893, 0.0196838
237.954, 0.0196838
238.017, 0.0196838
238.082, 0.0196838
238.142, 0.0196838
238.203, 0.0196838
238.266, 0.0196838
238.326, 0.0196838
238.388, 0.0196838
238.448, 0.0196838
238.508, 0.0196838
238.569, 0.0196838
238.629, 0.0196838
238.689, 0.0196838
238.751, 0.0196838
238.814, 0.0196838
238.874, 0.0196838
238.935, 0.0196838
238.995, 0.0196838
239.057, 0.0196838
239.12, 0.0196838
239.184, 0.0196838
239.244, 0.0196838
239.306, 0.0196838
239.369, 0.0196838
239.429, 0.0196838
239.49, 0.0196838
239.553, 0.0196838
239.618, 0.0196838
239.678, 0.0196838
239.74, 0.0196838
239.803, 0.0196838
239.863, 0.0196838
239.924, 0.0196838
239.984, 0.0196838
240.046, 0.0196838
240.109, 0.0196838
240.169, 0.0196838
240.23, 0.0196838
240.29, 0.0196838
240.352, 0.0196838
240.415, 0.0196838
240.479, 0.0196838
240.539, 0.0196838
240.601, 0.0196838
240.664, 0.0196838
240.728, 0.0196838
240.795, 0.0196838
240.855, 0.0196838
240.916, 0.0196838
240.976, 0.0196838
241.038, 0.0196838
241.098, 0.0196838
241.159, 0.0196838
241.222, 0.0196838
241.282, 0.0196838
241.344, 0.0196838
241.404, 0.0196838
241.465, 0.0196838
241.528, 0.0196838
241.593, 0.0196838
241.659, 0.0196838
241.727, 0.0196838
241.787, 0.0196838
241.849, 0.0196838
241.912, 0.0196838
241.972, 0.0196838
242.033, 0.0196838
242.096, 0.0196838
242.161, 0.0196838
242.221, 0.0196838
242.282, 0.0196838
242.345, 0.0196838
242.41, 0.0196838
242.47, 0.0196838
242.531, 0.0196838
242.591, 0.0196838
242.653, 0.0196838
242.716, 0.0196838
242.781, 0.0196838
242.841, 0.0196838
242.902, 0.0196838
242.965, 0.0196838
243.03, 0.0196838
243.096, 0.0196838
243.164, 0.0196838
243.233, 0.0196838
243.293, 0.0196838
243.353, 0.0196838
243.415, 0.0196838
243.478, 0.0196838
243.542, 0.0196838
243.609, 0.0196838
243.669, 0.0196838
243.73, 0.0196838
243.79, 0.0196838
243.852, 0.0196838
243.912, 0.0196838
243.973, 0.0196838
244.033, 0.0196838
244.095, 0.0196838
244.158, 0.0196838
244.218, 0.0196838
244.279, 0.0196838
244.342, 0.0196838
244.407, 0.0196838
244.473, 0.0196838
244.541, 0.0196838
244.601, 0.0196838
244.663, 0.0196838
244.726, 0.0196838
244.786, 0.0196838
244.847, 0.0196838
244.91, 0.0196838
244.975, 0.0196838
245.041, 0.0196838
245.109, 0.0196838
245.169, 0.0196838
245.23, 0.0196838
245.29, 0.0196838
245.35, 0.0196838
245.412, 0.0196838
245.475, 0.0196838
245.539, 0.0196838
245.606, 0.0196838
245.674, 0.0196838
245.743, 0.0196838
245.814, 0.0196838
245.874, 0.0196838
245.936, 0.0196838
245.996, 0.0196838
246.057, 0.0196838
246.121, 0.0196838
246.181, 0.0196838
246.242, 0.0196838
246.305, 0.0196838
246.365, 0.0196838
246.427, 0.0196838
246.49, 0.0196838
246.55, 0.0196838
246.611, 0.0196838
246.674, 0.0196838
246.734, 0.0196838
246.796, 0.0196838
246.859, 0.0196838
246.923, 0.0196838
246.983, 0.0196838
247.045, 0.0196838
247.108, 0.0196838
247.172, 0.0196838
247.239, 0.0196838
247.299, 0.0196838
247.359, 0.0196838
247.42, 0.0196838
247.48, 0.0196838
247.542, 0.0196838
247.605, 0.0196838
247.669, 0.0196838
247.729, 0.0196838
247.789, 0.0196838
247.851, 0.0196838
247.914, 0.0196838
247.974, 0.0196838
248.035, 0.0196838
248.098, 0.0196838
248.158, 0.0196838
248.22, 0.0196838
248.283, 0.0196838
248.343, 0.0196838
248.404, 0.0196838
248.464, 0.0196838
248.526, 0.0196838
248.589, 0.0196838
248.654, 0.0196838
248.72, 0.0196838
248.788, 0.0196838
248.848, 0.0196838
248.909, 0.0196838
248.972, 0.0196838
249.037, 0.0196838
249.103, 0.0196838
249.171, 0.0196838
249.241, 0.0196838
249.312, 0.0196838
249.385, 0.0196838
249.445, 0.0196838
