0.06, 0.0237122
0.12, 0.0237427
0.1815, 0.0237427
0.244537, 0.0237427
0.309151, 0.0237427
0.37538, 0.0237427
0.443264, 0.0237427
0.512846, 0.0237427
0.584167, 0.0237427
0.657271, 0.0237427
0.732203, 0.0237427
0.809008, 0.0237427
0.887733, 0.0237427
0.968427, 0.0237427
1.05114, 0.0237427
1.13592, 0.0237427
1.22281, 0.0237427
1.31188, 0.0237427
1.40318, 0.0237427
1.49676, 0.0237427
1.59268, 0.0237427
1.691, 0.0237427
1.79177, 0.0237427
1.89507, 0.0237427
2.00094, 0.0237427
2.10947, 0.0237427
2.2207, 0.0237427
2.33472, 0.0237427
2.45159, 0.0237427
2.57138, 0.0237427
2.69416, 0.0237427
2.82002, 0.0237427
2.94902, 0.0237427
3.08124, 0.0237427
3.21677, 0.0237427
3.35569, 0.0237427
3.49808, 0.0237427
3.64404, 0.0237427
3.79364, 0.0237427
3.94698, 0.0237427
4.10415, 0.0237427
4.26526, 0.0237427
4.43039, 0.0237427
4.59965, 0.0237427
4.77314, 0.0237427
4.95097, 0.0237427
5.13324, 0.0237427
5.32007, 0.0237427
5.51157, 0.0237427
5.70786, 0.0237427
5.90906, 0.0237427
6.11529, 0.0237427
6.32667, 0.0237427
6.54334, 0.0237427
6.76542, 0.0237427
6.99306, 0.0237427
7.22638, 0.0237427
7.46554, 0.0237427
7.71068, 0.0237427
7.96195, 0.0237427
8.2195, 0.0237427
8.48348, 0.0237427
8.75407, 0.0237427
9.03142, 0.0237427
9.31571, 0.0237427
9.6071, 0.0237427
9.90578, 0.0237427
10.2119, 0.0237427
10.5257, 0.0237427
10.8474, 0.0237427
11.177, 0.0237427
11.515, 0.0237427
11.8613, 0.0237427
12.2164, 0.0237427
12.5803, 0.0237427
12.9533, 0.0237427
13.3356, 0.0237427
13.7275, 0.0237427
14.1292, 0.0237427
14.5409, 0.0237427
14.963, 0.0237427
15.3955, 0.0237427
15.8389, 0.0237427
16.2934, 0.0237427
16.7592, 0.0237427
17.2367, 0.0237427
17.7261, 0.0237427
18.2278, 0.0237427
18.742, 0.0237427
19.269, 0.0237427
19.8093, 0.0237427
20.363, 0.0237427
20.9306, 0.0237427
21.5123, 0.0237427
22.1086, 0.0237427
22.7198, 0.0237427
23.3463, 0.0237427
23.9885, 0.0237427
24.6467, 0.0237427
25.3214, 0.0237427
26.0129, 0.0237427
26.7217, 0.0237427
27.4483, 0.0237427
28.193, 0.0237427
28.9563, 0.0237427
29.7387, 0.0237427
30.5407, 0.0237427
31.3627, 0.0237427
32.2053, 0.0237427
33.0689, 0.0237427
33.9541, 0.0237427
34.8615, 0.0237427
35.7915, 0.0237427
36.7448, 0.0237427
37.7219, 0.0237427
37.7819, 0.0237122
37.8434, 0.0237122
37.9065, 0.0237122
37.9711, 0.0237122
38.0373, 0.0237122
38.1052, 0.0237122
38.1652, 0.0237122
38.2267, 0.0237122
38.2897, 0.0237122
38.3497, 0.0237122
38.4112, 0.0237122
38.4712, 0.0237122
38.5327, 0.0237122
38.5958, 0.0237122
38.6604, 0.0237122
38.7204, 0.0237122
38.7819, 0.0237122
38.8449, 0.0237122
38.9095, 0.0237122
38.9758, 0.0237122
39.0436, 0.0237122
39.1132, 0.0237122
39.1732, 0.0237122
39.2347, 0.0237122
39.2947, 0.0237122
39.3562, 0.0237122
39.4193, 0.0237122
39.4793, 0.0237122
39.5408, 0.0237122
39.6038, 0.0237122
39.6684, 0.0237122
39.7346, 0.0237122
39.8025, 0.0237122
39.8721, 0.0237122
39.9321, 0.0237122
39.9936, 0.0237122
40.0536, 0.0237122
40.1151, 0.0237122
40.1782, 0.0237122
40.2428, 0.0237122
40.309, 0.0237122
40.3769, 0.0237122
40.4465, 0.0237122
40.5178, 0.0237122
40.5909, 0.0237122
40.6658, 0.0237122
40.7426, 0.0237122
40.8213, 0.0237122
40.902, 0.0237122
40.9848, 0.0237122
41.0695, 0.0237122
41.1564, 0.0237122
41.2455, 0.0237122
41.3368, 0.0237122
41.3968, 0.0237122
41.4583, 0.0237122
41.5183, 0.0237122
41.5798, 0.0237122
41.6428, 0.0237122
41.7074, 0.0237122
41.7737, 0.0237122
41.8416, 0.0237122
41.9111, 0.0237122
41.9825, 0.0237122
42.0556, 0.0237122
42.1305, 0.0237122
42.2073, 0.0237122
42.286, 0.0237122
42.3667, 0.0237122
42.4494, 0.0237122
42.5342, 0.0237122
42.6211, 0.0237122
42.7102, 0.0237122
42.8015, 0.0237122
42.8951, 0.0237122
42.991, 0.0237122
43.0893, 0.0237122
43.1901, 0.0237122
43.2934, 0.0237122
43.3992, 0.0237122
43.5078, 0.0237122
43.619, 0.0237122
43.733, 0.0237122
43.793, 0.0237122
43.8545, 0.0237122
43.9176, 0.0237122
43.9776, 0.0237122
44.0391, 0.0237122
44.1021, 0.0237122
44.1667, 0.0237122
44.2329, 0.0237122
44.2929, 0.0237122
44.3544, 0.0237122
44.4175, 0.0237122
44.4821, 0.0237122
44.5483, 0.0237122
44.6162, 0.0237122
44.6858, 0.0237122
44.7571, 0.0237122
44.8302, 0.0237122
44.8902, 0.0237122
44.9517, 0.0237122
45.0117, 0.0237122
45.0732, 0.0237122
45.1362, 0.0237122
45.2009, 0.0237122
45.2609, 0.0237122
45.3224, 0.0237122
45.3854, 0.0237122
45.45, 0.0237122
45.51, 0.0237122
45.5715, 0.0237122
45.6345, 0.0237122
45.6992, 0.0237122
45.7592, 0.0237122
45.8207, 0.0237122
45.8837, 0.0237122
45.9483, 0.0237122
46.0145, 0.0237122
46.0745, 0.0237122
46.136, 0.0237122
46.1991, 0.0237122
46.2637, 0.0237122
46.3299, 0.0237122
46.3978, 0.0237122
46.4674, 0.0237122
46.5387, 0.0237122
46.5987, 0.0237122
46.6602, 0.0237122
46.7202, 0.0237122
46.7817, 0.0237122
46.8447, 0.0237122
46.9094, 0.0237122
46.9756, 0.0237122
47.0435, 0.0237122
47.113, 0.0237122
47.1844, 0.0237122
47.2575, 0.0237122
47.3324, 0.0237122
47.4092, 0.0237122
47.4879, 0.0237122
47.5686, 0.0237122
47.6513, 0.0237122
47.7361, 0.0237122
47.7961, 0.0237122
47.8576, 0.0237122
47.9207, 0.0237122
47.9853, 0.0237122
48.0515, 0.0237122
48.1194, 0.0237122
48.189, 0.0237122
48.249, 0.0237122
48.3105, 0.0237122
48.3705, 0.0237122
48.432, 0.0237122
48.492, 0.0237122
48.5535, 0.0237122
48.6135, 0.0237122
48.6735, 0.0237122
48.735, 0.0237122
48.798, 0.0237122
48.858, 0.0237122
48.9195, 0.0237122
48.9795, 0.0237122
49.041, 0.0237122
49.104, 0.0237122
49.1687, 0.0237122
49.2349, 0.0237122
49.2949, 0.0237122
49.3549, 0.0237122
49.4164, 0.0237122
49.4764, 0.0237122
49.5379, 0.0237122
49.6009, 0.0237122
49.6655, 0.0237122
49.7318, 0.0237122
49.7996, 0.0237122
49.8692, 0.0237122
49.9292, 0.0237122
49.9907, 0.0237122
50.0538, 0.0237122
50.1184, 0.0237122
50.1784, 0.0237122
50.2399, 0.0237122
50.3029, 0.0237122
50.3675, 0.0237122
50.4275, 0.0237122
50.489, 0.0237122
50.5521, 0.0237122
50.6121, 0.0237122
50.6736, 0.0237122
50.7366, 0.0237122
50.8012, 0.0237122
50.8674, 0.0237122
50.9353, 0.0237122
50.9953, 0.0237122
51.0568, 0.0237122
51.1168, 0.0237122
51.1783, 0.0237122
51.2383, 0.0237122
51.2998, 0.0237122
51.3629, 0.0237122
51.4229, 0.0237122
51.4844, 0.0237122
51.5444, 0.0237122
51.6059, 0.0237122
51.6689, 0.0237122
51.7335, 0.0237122
51.7997, 0.0237122
51.8676, 0.0237122
51.9372, 0.0237122
52.0085, 0.0237122
52.0685, 0.0237122
52.13, 0.0237122
52.1931, 0.0237122
52.2577, 0.0237122
52.3177, 0.0237122
52.3792, 0.0237122
52.4422, 0.0237122
52.5022, 0.0237122
52.5622, 0.0237122
52.6237, 0.0237122
52.6837, 0.0237122
52.7452, 0.0237122
52.8083, 0.0237122
52.8729, 0.0237122
52.9391, 0.0237122
53.007, 0.0237122
53.067, 0.0237122
53.1285, 0.0237122
53.1915, 0.0237122
53.2561, 0.0237122
53.3161, 0.0237122
53.3776, 0.0237122
53.4407, 0.0237122
53.5053, 0.0237122
53.5653, 0.0237122
53.6268, 0.0237122
53.6898, 0.0237122
53.7544, 0.0237122
53.8207, 0.0237122
53.8886, 0.0237122
53.9581, 0.0237122
54.0181, 0.0237122
54.0796, 0.0237122
54.1427, 0.0237122
54.2073, 0.0237122
54.2673, 0.0237122
54.3288, 0.0237122
54.3918, 0.0237122
54.4564, 0.0237122
54.5227, 0.0237122
54.5906, 0.0237122
54.6506, 0.0237122
54.7121, 0.0237122
54.7721, 0.0237122
54.8336, 0.0237122
54.8966, 0.0237122
54.9612, 0.0237122
55.0212, 0.0237122
55.0827, 0.0237122
55.1457, 0.0237122
55.2057, 0.0237122
55.2672, 0.0237122
55.3303, 0.0237122
55.3949, 0.0237122
55.4611, 0.0237122
55.529, 0.0237122
55.5986, 0.0237122
55.6586, 0.0237122
55.7201, 0.0237122
55.7831, 0.0237122
55.8431, 0.0237122
55.9046, 0.0237122
55.9677, 0.0237122
56.0323, 0.0237122
56.0985, 0.0237122
56.1664, 0.0237122
56.2264, 0.0237122
56.2879, 0.0237122
56.3509, 0.0237122
56.4155, 0.0237122
56.4818, 0.0237122
56.5497, 0.0237122
56.6192, 0.0237122
56.6906, 0.0237122
56.7637, 0.0237122
56.8386, 0.0237122
56.9154, 0.0237122
56.9941, 0.0237122
57.0748, 0.0237122
57.1575, 0.0237122
57.2423, 0.0237122
57.3292, 0.0237122
57.4183, 0.0237122
57.5096, 0.0237122
57.6031, 0.0237122
57.6991, 0.0237122
57.7974, 0.0237122
57.8982, 0.0237122
58.0015, 0.0237122
58.1073, 0.0237122
58.2159, 0.0237122
58.3271, 0.0237122
58.4411, 0.0237122
58.558, 0.0237122
58.6778, 0.0237122
58.8005, 0.0237122
58.9264, 0.0237122
58.9864, 0.0237122
59.0479, 0.0237122
59.1109, 0.0237122
59.1709, 0.0237122
59.2324, 0.0237122
59.2955, 0.0237122
59.3601, 0.0237122
59.4263, 0.0237122
59.4942, 0.0237122
59.5638, 0.0237122
59.6351, 0.0237122
59.7082, 0.0237122
59.7831, 0.0237122
59.8431, 0.0237122
59.9046, 0.0237122
59.9677, 0.0237122
60.0277, 0.0237122
60.0892, 0.0237122
60.1522, 0.0237122
60.2168, 0.0237122
60.2831, 0.0237122
60.3431, 0.0237122
60.4046, 0.0237122
60.4676, 0.0237122
60.5276, 0.0237122
60.5891, 0.0237122
60.6521, 0.0237122
60.7121, 0.0237122
60.7736, 0.0237122
60.8336, 0.0237122
60.8951, 0.0237122
60.9551, 0.0237122
61.0151, 0.0237122
61.0766, 0.0237122
61.1397, 0.0237122
61.2043, 0.0237122
61.2705, 0.0237122
61.3384, 0.0237122
61.3984, 0.0237122
61.4599, 0.0237122
61.5199, 0.0237122
61.5814, 0.0237122
61.6414, 0.0237122
61.7029, 0.0237122
61.7629, 0.0237122
61.8244, 0.0237122
61.8844, 0.0237122
61.9459, 0.0237122
62.0089, 0.0237122
62.0689, 0.0237122
62.1304, 0.0237122
62.1935, 0.0237122
62.2581, 0.0237122
62.3243, 0.0237122
62.3922, 0.0237122
62.4522, 0.0237122
62.5137, 0.0237122
62.5737, 0.0237122
62.6352, 0.0237122
62.6952, 0.0237122
62.7567, 0.0237122
62.8197, 0.0237122
62.8844, 0.0237122
62.9506, 0.0237122
63.0106, 0.0237122
63.0721, 0.0237122
63.1321, 0.0237122
63.1936, 0.0237122
63.2566, 0.0237122
63.3166, 0.0237122
63.3781, 0.0237122
63.4412, 0.0237122
63.5058, 0.0237122
63.572, 0.0237122
63.6399, 0.0237122
63.6999, 0.0237122
63.7614, 0.0237122
63.8244, 0.0237122
63.8844, 0.0237122
63.9459, 0.0237122
64.0059, 0.0237122
64.0674, 0.0237122
64.1274, 0.0237122
64.1889, 0.0237122
64.2489, 0.0237122
64.3104, 0.0237122
64.3735, 0.0237122
64.4335, 0.0237122
64.495, 0.0237122
64.558, 0.0237122
64.6226, 0.0237122
64.6888, 0.0237122
64.7488, 0.0237122
64.8103, 0.0237122
64.8734, 0.0237122
64.9334, 0.0237122
64.9949, 0.0237122
65.0549, 0.0237122
65.1149, 0.0237122
65.1764, 0.0237122
65.2394, 0.0237122
65.304, 0.0237122
65.364, 0.0237122
65.4255, 0.0237122
65.4886, 0.0237122
65.5486, 0.0237122
65.6101, 0.0237122
65.6731, 0.0237122
65.7331, 0.0237122
65.7946, 0.0237122
65.8546, 0.0237122
65.9161, 0.0237122
65.9761, 0.0237122
66.0376, 0.0237122
66.0976, 0.0237122
66.1591, 0.0237122
66.2221, 0.0237122
66.2868, 0.0237122
66.3468, 0.0237122
66.4083, 0.0237122
66.4713, 0.0237122
66.5313, 0.0237122
66.5928, 0.0237122
66.6558, 0.0237122
66.7158, 0.0237122
66.7773, 0.0237122
66.8373, 0.0237122
66.8988, 0.0237122
66.9619, 0.0237122
67.0219, 0.0237122
67.0834, 0.0237122
67.1434, 0.0237122
67.2049, 0.0237122
67.2679, 0.0237122
67.3325, 0.0237122
67.3987, 0.0237122
67.4587, 0.0237122
67.5202, 0.0237122
67.5802, 0.0237122
67.6417, 0.0237122
67.7017, 0.0237122
67.7632, 0.0237122
67.8232, 0.0237122
67.8847, 0.0237122
67.9447, 0.0237122
68.0062, 0.0237122
68.0693, 0.0237122
68.1293, 0.0237122
68.1908, 0.0237122
68.2538, 0.0237122
68.3184, 0.0237122
68.3784, 0.0237122
68.4399, 0.0237122
68.4999, 0.0237122
68.5614, 0.0237122
68.6214, 0.0237122
68.6829, 0.0237122
68.746, 0.0237122
68.8106, 0.0237122
68.8768, 0.0237122
68.9447, 0.0237122
69.0143, 0.0237122
69.0856, 0.0237122
69.1587, 0.0237122
69.2336, 0.0237122
69.2936, 0.0237122
69.3551, 0.0237122
69.4151, 0.0237122
69.4766, 0.0237122
69.5366, 0.0237122
69.5981, 0.0237122
69.6612, 0.0237122
69.7258, 0.0237122
69.792, 0.0237122
69.8599, 0.0237122
69.9295, 0.0237122
70.0008, 0.0237122
70.0739, 0.0237122
70.1339, 0.0237122
70.1954, 0.0237122
70.2554, 0.0237122
70.3169, 0.0237122
70.3799, 0.0237122
70.4446, 0.0237122
70.5108, 0.0237122
70.5787, 0.0237122
70.6483, 0.0237122
70.7196, 0.0237122
70.7927, 0.0237122
70.8676, 0.0237122
70.9444, 0.0237122
71.0044, 0.0237122
71.0659, 0.0237122
71.129, 0.0237122
71.189, 0.0237122
71.2505, 0.0237122
71.3105, 0.0237122
71.3705, 0.0237122
71.432, 0.0237122
71.492, 0.0237122
71.5535, 0.0237122
71.6135, 0.0237122
71.675, 0.0237122
71.738, 0.0237122
71.798, 0.0237122
71.8595, 0.0237122
71.9225, 0.0237122
71.9871, 0.0237122
72.0534, 0.0237122
72.1213, 0.0237122
72.1813, 0.0237122
72.2428, 0.0237122
72.3058, 0.0237122
72.3658, 0.0237122
72.4273, 0.0237122
72.4903, 0.0237122
72.5549, 0.0237122
72.6212, 0.0237122
72.6891, 0.0237122
72.7586, 0.0237122
72.83, 0.0237122
72.9031, 0.0237122
72.9631, 0.0237122
73.0246, 0.0237122
73.0846, 0.0237122
73.1461, 0.0237122
73.2091, 0.0237122
73.2691, 0.0237122
73.3306, 0.0237122
73.3906, 0.0237122
73.4521, 0.0237122
73.5151, 0.0237122
73.5751, 0.0237122
73.6366, 0.0237122
73.6997, 0.0237122
73.7643, 0.0237122
73.8305, 0.0237122
73.8984, 0.0237122
73.968, 0.0237122
74.0393, 0.0237122
74.0993, 0.0237122
74.1608, 0.0237122
74.2238, 0.0237122
74.2885, 0.0237122
74.3485, 0.0237122
74.41, 0.0237122
74.473, 0.0237122
74.533, 0.0237122
74.5945, 0.0237122
74.6545, 0.0237122
74.716, 0.0237122
74.779, 0.0237122
74.8436, 0.0237122
74.9099, 0.0237122
74.9778, 0.0237122
75.0473, 0.0237122
75.1073, 0.0237122
75.1688, 0.0237122
75.2288, 0.0237122
75.2903, 0.0237122
75.3503, 0.0237122
75.4118, 0.0237122
75.4749, 0.0237122
75.5349, 0.0237122
75.5949, 0.0237122
75.6564, 0.0237122
75.7194, 0.0237122
75.7794, 0.0237122
75.8409, 0.0237122
75.904, 0.0237122
75.9686, 0.0237122
76.0348, 0.0237122
76.1027, 0.0237122
76.1723, 0.0237122
76.2436, 0.0237122
76.3167, 0.0237122
76.3916, 0.0237122
76.4516, 0.0237122
76.5131, 0.0237122
76.5731, 0.0237122
76.6346, 0.0237122
76.6977, 0.0237122
76.7577, 0.0237122
76.8192, 0.0237122
76.8792, 0.0237122
76.9407, 0.0237122
77.0037, 0.0237122
77.0637, 0.0237122
77.1252, 0.0237122
77.1882, 0.0237122
77.2482, 0.0237122
77.3097, 0.0237122
77.3697, 0.0237122
77.4312, 0.0237122
77.4943, 0.0237122
77.5543, 0.0237122
77.6158, 0.0237122
77.6758, 0.0237122
77.7373, 0.0237122
77.7973, 0.0237122
77.8588, 0.0237122
77.9188, 0.0237122
77.9803, 0.0237122
78.0403, 0.0237122
78.1018, 0.0237122
78.1618, 0.0237122
78.2233, 0.0237122
78.2863, 0.0237122
78.3463, 0.0237122
78.4078, 0.0237122
78.4708, 0.0237122
78.5355, 0.0237122
78.6017, 0.0237122
78.6617, 0.0237122
78.7217, 0.0237122
78.7832, 0.0237122
78.8462, 0.0237122
78.9062, 0.0237122
78.9677, 0.0237122
79.0308, 0.0237122
79.0908, 0.0237122
79.1523, 0.0237122
79.2153, 0.0237122
79.2799, 0.0237122
79.3461, 0.0237122
79.4061, 0.0237122
79.4676, 0.0237122
79.5307, 0.0237122
79.5907, 0.0237122
79.6522, 0.0237122
79.7152, 0.0237122
79.7798, 0.0237122
79.8461, 0.0237122
79.9061, 0.0237122
79.9676, 0.0237122
80.0306, 0.0237122
80.0952, 0.0237122
80.1552, 0.0237122
80.2167, 0.0237122
80.2767, 0.0237122
80.3382, 0.0237122
80.4012, 0.0237122
80.4612, 0.0237122
80.5227, 0.0237122
80.5858, 0.0237122
80.6504, 0.0237122
80.7104, 0.0237122
80.7719, 0.0237122
80.8349, 0.0237122
80.8995, 0.0237122
80.9658, 0.0237122
81.0258, 0.0237122
81.0873, 0.0237122
81.1503, 0.0237122
81.2149, 0.0237122
81.2812, 0.0237122
81.349, 0.0237122
81.4186, 0.0237122
81.4786, 0.0237122
81.5401, 0.0237122
81.6032, 0.0237122
81.6678, 0.0237122
81.734, 0.0237122
81.8019, 0.0237122
81.8715, 0.0237122
81.9428, 0.0237122
82.0159, 0.0237122
82.0908, 0.0237122
82.1676, 0.0237122
82.2276, 0.0237122
82.2891, 0.0237122
82.3522, 0.0237122
82.4122, 0.0237122
82.4737, 0.0237122
82.5367, 0.0237122
82.6013, 0.0237122
82.6675, 0.0237122
82.7275, 0.0237122
82.789, 0.0237122
82.8521, 0.0237122
82.9167, 0.0237122
82.9767, 0.0237122
83.0382, 0.0237122
83.1012, 0.0237122
83.1658, 0.0237122
83.2321, 0.0237122
83.2921, 0.0237122
83.3536, 0.0237122
83.4136, 0.0237122
83.4751, 0.0237122
83.5381, 0.0237122
83.6027, 0.0237122
83.669, 0.0237122
83.7368, 0.0237122
83.8064, 0.0237122
83.8777, 0.0237122
83.9508, 0.0237122
84.0258, 0.0237122
84.1026, 0.0237122
84.1626, 0.0237122
84.2241, 0.0237122
84.2871, 0.0237122
84.3517, 0.0237122
84.4117, 0.0237122
84.4732, 0.0237122
84.5363, 0.0237122
84.6009, 0.0237122
84.6671, 0.0237122
84.735, 0.0237122
84.795, 0.0237122
84.8565, 0.0237122
84.9165, 0.0237122
84.978, 0.0237122
85.041, 0.0237122
85.101, 0.0237122
85.1625, 0.0237122
85.2225, 0.0237122
85.284, 0.0237122
85.3471, 0.0237122
85.4071, 0.0237122
85.4686, 0.0237122
85.5316, 0.0237122
85.5962, 0.0237122
85.6625, 0.0237122
85.7225, 0.0237122
85.784, 0.0237122
85.847, 0.0237122
85.907, 0.0237122
85.9685, 0.0237122
86.0285, 0.0237122
86.09, 0.0237122
86.153, 0.0237122
86.2176, 0.0237122
86.2839, 0.0237122
86.3518, 0.0237122
86.4213, 0.0237122
86.4927, 0.0237122
86.5658, 0.0237122
86.6407, 0.0237122
86.7175, 0.0237122
86.7775, 0.0237122
86.839, 0.0237122
86.902, 0.0237122
86.9667, 0.0237122
87.0329, 0.0237122
87.0929, 0.0237122
87.1544, 0.0237122
87.2144, 0.0237122
87.2759, 0.0237122
87.3389, 0.0237122
87.3989, 0.0237122
87.4604, 0.0237122
87.5235, 0.0237122
87.5881, 0.0237122
87.6543, 0.0237122
87.7222, 0.0237122
87.7918, 0.0237122
87.8518, 0.0237122
87.9133, 0.0237122
87.9763, 0.0237122
88.0363, 0.0237122
88.0978, 0.0237122
88.1608, 0.0237122
88.2208, 0.0237122
88.2823, 0.0237122
88.3423, 0.0237122
88.4038, 0.0237122
88.4638, 0.0237122
88.5253, 0.0237122
88.5884, 0.0237122
88.6484, 0.0237122
88.7099, 0.0237122
88.7729, 0.0237122
88.8329, 0.0237122
88.8944, 0.0237122
88.9575, 0.0237122
89.0221, 0.0237122
89.0821, 0.0237122
89.1436, 0.0237122
89.2036, 0.0237122
89.2651, 0.0237122
89.3281, 0.0237122
89.3881, 0.0237122
89.4496, 0.0237122
89.5096, 0.0237122
89.5711, 0.0237122
89.6311, 0.0237122
89.6926, 0.0237122
89.7526, 0.0237122
89.8141, 0.0237122
89.8771, 0.0237122
89.9371, 0.0237122
89.9986, 0.0237122
90.0586, 0.0237122
90.1201, 0.0237122
90.1832, 0.0237122
90.2478, 0.0237122
90.314, 0.0237122
90.3819, 0.0237122
90.4419, 0.0237122
90.5034, 0.0237122
90.5634, 0.0237122
90.6249, 0.0237122
90.6849, 0.0237122
90.7464, 0.0237122
90.8064, 0.0237122
90.8679, 0.0237122
90.9309, 0.0237122
90.9956, 0.0237122
91.0618, 0.0237122
91.1297, 0.0237122
91.1897, 0.0237122
91.2512, 0.0237122
91.3142, 0.0237122
91.3742, 0.0237122
91.4357, 0.0237122
91.4987, 0.0237122
91.5634, 0.0236816
91.6296, 0.0236816
91.6975, 0.0236816
91.7671, 0.0236816
91.8384, 0.0236816
91.8984, 0.0236816
91.9599, 0.0236816
92.0199, 0.0236816
92.0814, 0.0236816
92.1414, 0.0236816
92.2014, 0.0236816
92.2629, 0.0236816
92.3229, 0.0236816
92.3844, 0.0236816
92.4474, 0.0236816
92.512, 0.0236816
92.5783, 0.0236816
92.6461, 0.0236816
92.7157, 0.0236816
92.787, 0.0236816
92.8601, 0.0236816
92.9351, 0.0236816
93.0119, 0.0236816
93.0906, 0.0236816
93.1713, 0.0236816
93.254, 0.0236816
93.3388, 0.0236816
93.4257, 0.0236816
93.5148, 0.0236816
93.6061, 0.0236816
93.6996, 0.0236816
93.7956, 0.0236816
93.8556, 0.0236816
93.9171, 0.0236816
93.9801, 0.0236816
94.0447, 0.0236816
94.1109, 0.0236816
94.1788, 0.0236816
94.2484, 0.0236816
94.3197, 0.0236816
94.3928, 0.0236816
94.4528, 0.0236816
94.5143, 0.0236816
94.5774, 0.0236816
94.6374, 0.0236816
94.6989, 0.0236816
94.7619, 0.0236816
94.8265, 0.0236816
94.8927, 0.0236816
94.9606, 0.0236816
95.0206, 0.0236816
95.0821, 0.0236816
95.1452, 0.0236816
95.2098, 0.0236816
95.276, 0.0236816
95.3439, 0.0236816
95.4135, 0.0236816
95.4848, 0.0236816
95.5579, 0.0236816
95.6328, 0.0236816
95.7096, 0.0236816
95.7884, 0.0236816
95.8691, 0.0236816
95.9518, 0.0236816
96.0118, 0.0236816
96.0733, 0.0236816
96.1363, 0.0236816
96.2009, 0.0236816
96.2671, 0.0236816
96.335, 0.0236816
96.4046, 0.0236816
96.4759, 0.0236816
96.549, 0.0236816
96.609, 0.0236816
96.6705, 0.0236816
96.7336, 0.0236816
96.7982, 0.0236816
96.8644, 0.0236816
96.9323, 0.0236816
96.9923, 0.0236816
97.0538, 0.0236816
97.1168, 0.0236816
97.1814, 0.0236816
97.2477, 0.0236816
97.3156, 0.0236816
97.3851, 0.0236816
97.4451, 0.0236816
97.5051, 0.0236816
97.5666, 0.0236816
97.6266, 0.0236816
97.6881, 0.0236816
97.7481, 0.0236816
97.8096, 0.0236816
97.8696, 0.0236816
97.9296, 0.0236816
97.9911, 0.0236816
98.0511, 0.0236816
98.1126, 0.0236816
98.1757, 0.0236816
98.2357, 0.0236816
98.2972, 0.0236816
98.3572, 0.0236816
98.4187, 0.0236816
98.4817, 0.0236816
98.5417, 0.0236816
98.6032, 0.0236816
98.6663, 0.0236816
98.7263, 0.0236816
98.7878, 0.0236816
98.8478, 0.0236816
98.9093, 0.0236816
98.9723, 0.0236816
99.0369, 0.0236816
99.0969, 0.0236816
99.1584, 0.0236816
99.2214, 0.0236816
99.2861, 0.0236816
99.3523, 0.0236816
99.4123, 0.0236816
99.4738, 0.0236816
99.5368, 0.0236816
99.6014, 0.0236816
99.6677, 0.0236816
99.7277, 0.0236816
99.7892, 0.0236816
99.8522, 0.0236816
99.9122, 0.0236816
99.9737, 0.0236816
100.037, 0.0236816
100.097, 0.0236816
100.158, 0.0236816
100.221, 0.0236816
100.286, 0.0236816
100.352, 0.0236816
100.42, 0.0236816
100.49, 0.0236816
100.561, 0.0236816
100.634, 0.0236816
100.709, 0.0236816
100.786, 0.0236816
100.864, 0.0236816
100.924, 0.0236816
100.986, 0.0236816
101.049, 0.0236816
101.109, 0.0236816
101.171, 0.0236816
101.234, 0.0236816
101.298, 0.0236816
101.364, 0.0236816
101.432, 0.0236816
101.502, 0.0236816
101.573, 0.0236816
101.633, 0.0236816
101.695, 0.0236816
101.758, 0.0236816
101.818, 0.0236816
101.879, 0.0236816
101.939, 0.0236816
102.001, 0.0236816
102.064, 0.0236816
102.128, 0.0236816
102.195, 0.0236816
102.262, 0.0236816
102.332, 0.0236816
102.403, 0.0236816
102.476, 0.0236816
102.536, 0.0236816
102.598, 0.0236816
102.661, 0.0236816
102.726, 0.0236816
102.792, 0.0236816
102.86, 0.0236816
102.929, 0.0236816
102.989, 0.0236816
103.051, 0.0236816
103.114, 0.0236816
103.178, 0.0236816
103.245, 0.0236816
103.305, 0.0236816
103.366, 0.0236816
103.426, 0.0236816
103.488, 0.0236816
103.548, 0.0236816
103.609, 0.0236816
103.672, 0.0236816
103.737, 0.0236816
103.803, 0.0236816
103.871, 0.0236816
103.931, 0.0236816
103.992, 0.0236816
104.056, 0.0236816
104.12, 0.0236816
104.186, 0.0236816
104.246, 0.0236816
104.308, 0.0236816
104.368, 0.0236816
104.429, 0.0236816
104.492, 0.0236816
104.557, 0.0236816
104.623, 0.0236816
104.691, 0.0236816
104.751, 0.0236816
104.813, 0.0236816
104.876, 0.0236816
104.94, 0.0236816
105, 0.0236816
105.062, 0.0236816
105.125, 0.0236816
105.189, 0.0236816
105.256, 0.0236816
105.324, 0.0236816
105.393, 0.0236816
105.453, 0.0236816
105.515, 0.0236816
105.578, 0.0236816
105.642, 0.0236816
105.708, 0.0236816
105.768, 0.0236816
105.83, 0.0236816
105.89, 0.0236816
105.951, 0.0236816
106.015, 0.0236816
106.079, 0.0236816
106.145, 0.0236816
106.205, 0.0236816
106.267, 0.0236816
106.327, 0.0236816
106.388, 0.0236816
106.448, 0.0236816
106.51, 0.0236816
106.573, 0.0236816
106.633, 0.0236816
106.694, 0.0236816
106.754, 0.0236816
106.816, 0.0236816
106.879, 0.0236816
106.939, 0.0236816
107, 0.0236816
107.063, 0.0236816
107.128, 0.0236816
107.194, 0.0236816
107.254, 0.0236816
107.316, 0.0236816
107.379, 0.0236816
107.439, 0.0236816
107.5, 0.0236816
107.563, 0.0236816
107.628, 0.0236816
107.694, 0.0236816
107.754, 0.0236816
107.816, 0.0236816
107.879, 0.0236816
107.943, 0.0236816
108.01, 0.0236816
108.07, 0.0236816
108.131, 0.0236816
108.194, 0.0236816
108.254, 0.0236816
108.316, 0.0236816
108.379, 0.0236816
108.443, 0.0236816
108.51, 0.0236816
108.57, 0.0236816
108.631, 0.0236816
108.691, 0.0236816
108.753, 0.0236816
108.816, 0.0236816
108.88, 0.0236816
108.946, 0.0236816
109.006, 0.0236816
109.068, 0.0236816
109.131, 0.0236816
109.191, 0.0236816
109.252, 0.0236816
109.312, 0.0236816
109.374, 0.0236816
109.437, 0.0236816
109.502, 0.0236511
109.562, 0.0236511
109.623, 0.0236511
109.683, 0.0236511
109.745, 0.0236511
109.808, 0.0236511
109.868, 0.0236511
109.929, 0.0236511
109.989, 0.0236511
110.049, 0.0236511
110.111, 0.0236511
110.174, 0.0236511
110.238, 0.0236511
110.298, 0.0236511
110.36, 0.0236511
110.423, 0.0236511
110.483, 0.0236511
110.544, 0.0236511
110.607, 0.0236511
110.672, 0.0236511
110.738, 0.0236511
110.806, 0.0236511
110.876, 0.0236511
110.947, 0.0236511
111.007, 0.0236511
111.069, 0.0236511
111.129, 0.0236511
111.19, 0.0236511
111.253, 0.0236511
111.318, 0.0236511
111.384, 0.0236511
111.452, 0.0236511
111.521, 0.0236511
111.593, 0.0236511
111.653, 0.0236511
111.714, 0.0236511
111.777, 0.0236511
111.837, 0.0236511
111.899, 0.0236511
111.959, 0.0236511
112.02, 0.0236511
112.083, 0.0236511
112.143, 0.0236511
112.205, 0.0236511
112.265, 0.0236511
112.326, 0.0236511
112.386, 0.0236511
112.448, 0.0236511
112.511, 0.0236511
112.575, 0.0236511
112.642, 0.0236511
112.71, 0.0236511
112.779, 0.0236511
112.85, 0.0236511
112.924, 0.0236511
112.998, 0.0236511
113.075, 0.0236511
113.154, 0.0236511
113.214, 0.0236511
113.275, 0.0236511
113.339, 0.0236511
113.403, 0.0236511
113.463, 0.0236511
113.525, 0.0236511
113.585, 0.0236511
113.646, 0.0236511
113.706, 0.0236511
113.768, 0.0236511
113.831, 0.0236511
113.895, 0.0236511
113.962, 0.0236511
114.029, 0.0236511
114.089, 0.0236511
114.151, 0.0236511
114.211, 0.0236511
114.272, 0.0236511
114.332, 0.0236511
114.394, 0.0236511
114.454, 0.0236511
114.515, 0.0236511
114.578, 0.0236511
114.643, 0.0236511
114.709, 0.0236511
114.769, 0.0236511
114.831, 0.0236511
114.891, 0.0236511
114.952, 0.0236511
115.012, 0.0236511
115.074, 0.0236511
115.137, 0.0236511
115.201, 0.0236511
115.261, 0.0236511
115.323, 0.0236511
115.386, 0.0236511
115.451, 0.0236511
115.517, 0.0236511
115.577, 0.0236511
115.638, 0.0236511
115.701, 0.0236511
115.761, 0.0236511
115.821, 0.0236511
115.883, 0.0236511
115.946, 0.0236511
116.01, 0.0236511
116.077, 0.0236511
116.145, 0.0236511
116.214, 0.0236511
116.274, 0.0236511
116.336, 0.0236511
116.399, 0.0236511
116.463, 0.0236511
116.53, 0.0236511
116.597, 0.0236511
116.667, 0.0236511
116.738, 0.0236511
116.811, 0.0236511
116.886, 0.0236511
116.946, 0.0236511
117.008, 0.0236511
117.068, 0.0236511
117.129, 0.0236511
117.192, 0.0236511
117.257, 0.0236511
117.323, 0.0236511
117.391, 0.0236511
117.461, 0.0236511
117.521, 0.0236511
117.582, 0.0236511
117.645, 0.0236511
117.71, 0.0236511
117.776, 0.0236511
117.836, 0.0236511
117.898, 0.0236511
117.961, 0.0236511
118.021, 0.0236511
118.082, 0.0236511
118.145, 0.0236511
118.205, 0.0236511
118.267, 0.0236511
118.33, 0.0236511
118.394, 0.0236511
118.454, 0.0236511
118.516, 0.0236511
118.576, 0.0236511
118.637, 0.0236511
118.697, 0.0236511
118.759, 0.0236511
118.822, 0.0236511
118.882, 0.0236511
118.943, 0.0236511
119.006, 0.0236511
119.066, 0.0236511
119.128, 0.0236511
119.191, 0.0236511
119.251, 0.0236511
119.312, 0.0236511
119.375, 0.0236511
119.435, 0.0236511
119.497, 0.0236511
119.56, 0.0236511
119.625, 0.0236511
119.691, 0.0236511
119.759, 0.0236511
119.828, 0.0236511
119.9, 0.0236511
119.973, 0.0236511
120.048, 0.0236511
120.125, 0.0236511
120.203, 0.0236511
120.284, 0.0236511
120.344, 0.0236511
120.404, 0.0236511
120.465, 0.0236511
120.528, 0.0236511
120.588, 0.0236511
120.65, 0.0236511
120.713, 0.0236511
120.778, 0.0236511
120.844, 0.0236511
120.912, 0.0236511
120.981, 0.0236511
121.053, 0.0236511
121.126, 0.0236511
121.186, 0.0236511
121.247, 0.0236511
121.31, 0.0236511
121.37, 0.0236511
121.432, 0.0236511
121.495, 0.0236511
121.555, 0.0236511
121.616, 0.0236511
121.679, 0.0236511
121.744, 0.0236511
121.804, 0.0236511
121.865, 0.0236511
121.925, 0.0236511
121.987, 0.0236511
122.047, 0.0236511
122.107, 0.0236511
122.168, 0.0236511
122.231, 0.0236511
122.291, 0.0236511
122.353, 0.0236511
122.416, 0.0236511
122.476, 0.0236511
122.538, 0.0236511
122.601, 0.0236511
122.665, 0.0236511
122.731, 0.0236511
122.791, 0.0236511
122.853, 0.0236511
122.916, 0.0236511
122.981, 0.0236511
123.047, 0.0236511
123.115, 0.0236511
123.184, 0.0236511
123.244, 0.0236511
123.306, 0.0236511
123.369, 0.0236511
123.433, 0.0236511
123.5, 0.0236511
123.568, 0.0236511
123.628, 0.0236511
123.689, 0.0236511
123.752, 0.0236511
123.817, 0.0236511
123.877, 0.0236511
123.938, 0.0236511
123.998, 0.0236511
124.058, 0.0236511
124.12, 0.0236511
124.183, 0.0236511
124.243, 0.0236511
124.304, 0.0236511
124.367, 0.0236511
124.432, 0.0236511
124.498, 0.0236511
124.566, 0.0236511
124.626, 0.0236511
124.687, 0.0236511
124.751, 0.0236511
124.815, 0.0236511
124.875, 0.0236511
124.937, 0.0236511
124.997, 0.0236511
125.058, 0.0236511
125.121, 0.0236511
125.186, 0.0236511
125.252, 0.0236511
125.32, 0.0236511
125.389, 0.0236511
125.461, 0.0236511
125.534, 0.0236511
125.609, 0.0236511
125.669, 0.0236511
125.73, 0.0236511
125.793, 0.0236511
125.853, 0.0236511
125.915, 0.0236511
125.978, 0.0236511
126.038, 0.0236511
126.099, 0.0236511
126.159, 0.0236511
126.221, 0.0236511
126.284, 0.0236511
126.349, 0.0236511
126.415, 0.0236511
126.475, 0.0236511
126.535, 0.0236511
126.596, 0.0236511
126.659, 0.0236511
126.724, 0.0236511
126.79, 0.0236511
126.858, 0.0236511
126.928, 0.0236511
126.988, 0.0236511
127.049, 0.0236511
127.109, 0.0236511
127.171, 0.0236511
127.231, 0.0236511
127.291, 0.0236511
127.352, 0.0236511
127.412, 0.0236511
127.474, 0.0236511
127.537, 0.0236511
127.597, 0.0236511
127.658, 0.0236511
127.718, 0.0236511
127.78, 0.0236511
127.843, 0.0236511
127.903, 0.0236511
127.964, 0.0236511
128.027, 0.0236511
128.087, 0.0236511
128.149, 0.0236511
128.209, 0.0236511
128.27, 0.0236511
128.33, 0.0236511
128.392, 0.0236511
128.455, 0.0236511
128.519, 0.0236511
128.579, 0.0236511
128.641, 0.0236511
128.704, 0.0236511
128.769, 0.0236511
128.835, 0.0236511
128.903, 0.0236511
128.963, 0.0236511
129.024, 0.0236511
129.084, 0.0236511
129.146, 0.0236511
129.206, 0.0236511
129.266, 0.0236511
129.327, 0.0236511
129.39, 0.0236511
129.455, 0.0236511
129.515, 0.0236511
129.576, 0.0236511
129.636, 0.0236511
129.696, 0.0236511
129.758, 0.0236511
129.821, 0.0236511
129.885, 0.0236511
129.945, 0.0236511
130.007, 0.0236511
130.07, 0.0236511
130.135, 0.0236511
130.201, 0.0236511
130.269, 0.0236511
130.338, 0.0236511
130.398, 0.0236511
130.46, 0.0236511
130.523, 0.0236511
130.583, 0.0236511
130.644, 0.0236511
130.704, 0.0236511
130.766, 0.0236511
130.829, 0.0236511
130.889, 0.0236511
130.95, 0.0236511
131.01, 0.0236511
131.072, 0.0236511
131.135, 0.0236511
131.2, 0.0236511
131.266, 0.0236511
131.326, 0.0236511
131.387, 0.0236511
131.45, 0.0236511
131.51, 0.0236511
131.572, 0.0236511
131.635, 0.0236511
131.699, 0.0236511
131.759, 0.0236511
131.821, 0.0236511
131.881, 0.0236511
131.942, 0.0236511
132.002, 0.0236511
132.064, 0.0236511
132.127, 0.0236511
132.187, 0.0236511
132.248, 0.0236511
132.312, 0.0236511
132.376, 0.0236511
132.442, 0.0236511
132.51, 0.0236511
132.57, 0.0236511
132.632, 0.0236511
132.695, 0.0236511
132.759, 0.0236511
132.826, 0.0236511
132.894, 0.0236511
132.954, 0.0236511
133.015, 0.0236511
133.078, 0.0236511
133.143, 0.0236511
133.203, 0.0236511
133.264, 0.0236511
133.324, 0.0236511
133.386, 0.0236511
133.449, 0.0236511
133.513, 0.0236511
133.58, 0.0236511
133.647, 0.0236511
133.717, 0.0236511
133.788, 0.0236511
133.848, 0.0236511
133.91, 0.0236511
133.973, 0.0236511
134.037, 0.0236511
134.104, 0.0236511
134.172, 0.0236511
134.241, 0.0236511
134.301, 0.0236511
134.363, 0.0236511
134.426, 0.0236511
134.49, 0.0236511
134.557, 0.0236511
134.624, 0.0236511
134.694, 0.0236511
134.765, 0.0236511
134.825, 0.0236511
134.887, 0.0236511
134.947, 0.0236511
135.008, 0.0236511
135.071, 0.0236511
135.136, 0.0236511
135.196, 0.0236511
135.257, 0.0236511
135.317, 0.0236511
135.379, 0.0236511
135.442, 0.0236511
135.502, 0.0236511
135.564, 0.0236511
135.624, 0.0236511
135.685, 0.0236511
135.745, 0.0236511
135.807, 0.0236511
135.867, 0.0236511
135.928, 0.0236511
135.991, 0.0236511
136.056, 0.0236511
136.116, 0.0236511
136.177, 0.0236511
136.237, 0.0236511
136.299, 0.0236511
136.362, 0.0236511
136.426, 0.0236511
136.493, 0.0236511
136.56, 0.0236511
136.63, 0.0236511
136.701, 0.0236511
136.774, 0.0236511
136.849, 0.0236511
136.909, 0.0236511
136.971, 0.0236511
137.034, 0.0236511
137.099, 0.0236511
137.159, 0.0236511
137.22, 0.0236511
137.283, 0.0236511
137.348, 0.0236511
137.408, 0.0236511
137.469, 0.0236511
137.532, 0.0236511
137.597, 0.0236511
137.657, 0.0236511
137.718, 0.0236511
137.778, 0.0236511
137.84, 0.0236511
137.903, 0.0236511
137.967, 0.0236511
138.034, 0.0236511
138.094, 0.0236511
138.155, 0.0236511
138.218, 0.0236511
138.283, 0.0236511
138.349, 0.0236511
138.417, 0.0236511
138.477, 0.0236511
138.538, 0.0236511
138.602, 0.0236511
138.666, 0.0236511
138.726, 0.0236511
138.788, 0.0236511
138.851, 0.0236511
138.911, 0.0236511
138.972, 0.0236511
139.032, 0.0236511
139.094, 0.0236511
139.157, 0.0236511
139.221, 0.0236511
139.288, 0.0236511
139.355, 0.0236511
139.425, 0.0236511
139.496, 0.0236511
139.556, 0.0236511
139.618, 0.0236511
139.681, 0.0236511
139.741, 0.0236511
139.802, 0.0236511
139.865, 0.0236511
139.93, 0.0236511
139.996, 0.0236511
140.064, 0.0236511
140.134, 0.0236511
140.205, 0.0236511
140.278, 0.0236511
140.338, 0.0236511
140.4, 0.0236511
140.46, 0.0236511
140.521, 0.0236511
140.584, 0.0236511
140.649, 0.0236511
140.709, 0.0236511
140.77, 0.0236511
140.83, 0.0236511
140.892, 0.0236511
140.955, 0.0236511
141.015, 0.0236511
141.076, 0.0236511
141.139, 0.0236511
141.204, 0.0236511
141.27, 0.0236511
141.338, 0.0236511
141.408, 0.0236511
141.479, 0.0236511
141.552, 0.0236511
141.627, 0.0236511
141.687, 0.0236511
141.749, 0.0236511
141.812, 0.0236511
141.876, 0.0236511
141.936, 0.0236511
141.996, 0.0236511
142.058, 0.0236511
142.121, 0.0236511
142.181, 0.0236511
142.242, 0.0236511
142.305, 0.0236511
142.365, 0.0236511
142.427, 0.0236511
142.487, 0.0236511
142.548, 0.0236511
142.611, 0.0236511
142.676, 0.0236511
142.742, 0.0236511
142.81, 0.0236511
142.88, 0.0236511
142.94, 0.0236511
143.001, 0.0236511
143.061, 0.0236511
143.123, 0.0236511
143.186, 0.0236511
143.246, 0.0236511
143.307, 0.0236511
143.37, 0.0236511
143.435, 0.0236511
143.501, 0.0236511
143.561, 0.0236511
143.623, 0.0236511
143.683, 0.0236511
143.743, 0.0236511
143.804, 0.0236511
143.867, 0.0236511
143.927, 0.0236511
143.989, 0.0236511
144.052, 0.0236511
144.112, 0.0236511
144.173, 0.0236511
144.236, 0.0236511
144.296, 0.0236511
144.358, 0.0236511
144.421, 0.0236511
144.485, 0.0236511
144.545, 0.0236511
144.607, 0.0236511
144.67, 0.0236511
144.734, 0.0236511
144.794, 0.0236511
144.856, 0.0236511
144.919, 0.0236511
144.984, 0.0236511
145.05, 0.0236511
145.118, 0.0236511
145.187, 0.0236511
145.259, 0.0236511
145.319, 0.0236511
145.38, 0.0236511
145.443, 0.0236511
145.508, 0.0236511
145.568, 0.0236511
145.629, 0.0236511
145.689, 0.0236511
145.751, 0.0236511
145.811, 0.0236511
145.871, 0.0236511
145.932, 0.0236511
145.995, 0.0236511
146.06, 0.0236511
146.126, 0.0236511
146.186, 0.0236511
146.248, 0.0236511
146.311, 0.0236511
146.375, 0.0236511
146.442, 0.0236511
146.502, 0.0236511
146.562, 0.0236511
146.623, 0.0236511
146.686, 0.0236511
146.746, 0.0236511
146.808, 0.0236511
146.871, 0.0236511
146.931, 0.0236511
146.992, 0.0236511
147.055, 0.0236511
147.12, 0.0236511
147.186, 0.0236511
147.254, 0.0236511
147.323, 0.0236511
147.395, 0.0236511
147.468, 0.0236511
147.543, 0.0236511
147.603, 0.0236511
147.664, 0.0236511
147.724, 0.0236511
147.786, 0.0236511
147.849, 0.0236511
147.913, 0.0236511
147.98, 0.0236511
148.048, 0.0236511
148.108, 0.0236511
148.169, 0.0236511
148.232, 0.0236511
148.297, 0.0236511
148.357, 0.0236511
148.418, 0.0236511
148.481, 0.0236511
148.546, 0.0236511
148.612, 0.0236511
148.672, 0.0236511
148.734, 0.0236511
148.797, 0.0236511
148.861, 0.0236511
148.921, 0.0236511
148.983, 0.0236511
149.043, 0.0236511
149.104, 0.0236511
149.164, 0.0236511
149.226, 0.0236511
149.289, 0.0236511
149.353, 0.0236511
149.42, 0.0236511
149.488, 0.0236511
149.548, 0.0236511
149.609, 0.0236511
149.672, 0.0236511
149.732, 0.0236511
149.794, 0.0236511
149.854, 0.0236511
149.915, 0.0236511
149.978, 0.0236511
150.043, 0.0236511
150.103, 0.0236511
150.164, 0.0236511
150.224, 0.0236511
150.286, 0.0236511
150.349, 0.0236511
150.413, 0.0236511
150.473, 0.0236511
150.533, 0.0236511
150.595, 0.0236511
150.658, 0.0236511
150.722, 0.0236511
150.789, 0.0236511
150.849, 0.0236511
150.91, 0.0236511
150.973, 0.0236511
151.038, 0.0236511
151.098, 0.0236511
151.159, 0.0236511
151.222, 0.0236511
151.282, 0.0236511
151.342, 0.0236511
151.404, 0.0236511
151.464, 0.0236511
151.525, 0.0236511
151.588, 0.0236511
151.653, 0.0236511
151.719, 0.0236511
151.779, 0.0236511
151.841, 0.0236511
151.904, 0.0236511
151.968, 0.0236511
152.035, 0.0236511
152.095, 0.0236511
152.156, 0.0236511
152.219, 0.0236511
152.284, 0.0236511
152.344, 0.0236511
152.405, 0.0236511
152.468, 0.0236511
152.533, 0.0236511
152.599, 0.0236511
152.667, 0.0236511
152.727, 0.0236511
152.789, 0.0236511
152.852, 0.0236511
152.916, 0.0236511
152.982, 0.0236511
153.042, 0.0236511
153.104, 0.0236511
153.167, 0.0236511
153.232, 0.0236511
153.292, 0.0236511
153.353, 0.0236511
153.416, 0.0236511
153.476, 0.0236511
153.538, 0.0236511
153.601, 0.0236511
153.661, 0.0236511
153.722, 0.0236511
153.782, 0.0236511
153.844, 0.0236511
153.907, 0.0236511
153.971, 0.0236511
154.038, 0.0236511
154.105, 0.0236511
154.165, 0.0236511
154.227, 0.0236511
154.287, 0.0236511
154.348, 0.0236511
154.408, 0.0236511
154.47, 0.0236511
154.53, 0.0236511
154.591, 0.0236511
154.654, 0.0236511
154.719, 0.0236511
154.785, 0.0236511
154.853, 0.0236511
154.923, 0.0236511
154.983, 0.0236511
155.043, 0.0236511
155.104, 0.0236511
155.167, 0.0236511
155.227, 0.0236511
155.289, 0.0236511
155.349, 0.0236511
155.41, 0.0236511
155.473, 0.0236511
155.533, 0.0236511
155.595, 0.0236511
155.655, 0.0236511
155.715, 0.0236511
155.776, 0.0236511
155.839, 0.0236511
155.899, 0.0236511
155.961, 0.0236511
156.024, 0.0236511
156.089, 0.0236511
156.155, 0.0236511
156.223, 0.0236511
156.292, 0.0236511
156.352, 0.0236511
156.414, 0.0236511
156.474, 0.0236511
156.535, 0.0236511
156.595, 0.0236511
156.657, 0.0236511
156.72, 0.0236511
156.784, 0.0236511
156.851, 0.0236511
156.919, 0.0236511
156.979, 0.0236511
157.04, 0.0236511
157.1, 0.0236511
157.162, 0.0236511
157.222, 0.0236511
157.283, 0.0236511
157.346, 0.0236511
157.411, 0.0236511
157.477, 0.0236511
157.545, 0.0236511
157.614, 0.0236511
157.674, 0.0236511
157.736, 0.0236511
157.796, 0.0236511
157.857, 0.0236511
157.917, 0.0236511
157.979, 0.0236511
158.042, 0.0236511
158.107, 0.0236511
158.173, 0.0236511
158.241, 0.0236511
158.301, 0.0236511
158.362, 0.0236511
158.422, 0.0236511
158.484, 0.0236511
158.547, 0.0236511
158.611, 0.0236511
158.678, 0.0236511
158.745, 0.0236511
158.815, 0.0236511
158.875, 0.0236511
158.936, 0.0236511
159, 0.0236511
159.064, 0.0236511
159.13, 0.0236511
159.19, 0.0236511
159.252, 0.0236511
159.315, 0.0236511
159.38, 0.0236511
159.446, 0.0236511
159.514, 0.0236511
159.583, 0.0236511
159.643, 0.0236511
159.705, 0.0236511
159.765, 0.0236511
159.826, 0.0236511
159.889, 0.0236511
159.954, 0.0236511
160.02, 0.0236511
160.088, 0.0236511
160.148, 0.0236511
160.209, 0.0236511
160.269, 0.0236511
160.331, 0.0236511
160.391, 0.0236511
160.452, 0.0236511
160.516, 0.0236511
160.58, 0.0236511
160.646, 0.0236511
160.714, 0.0236511
160.774, 0.0236511
160.836, 0.0236511
160.899, 0.0236511
160.959, 0.0236511
161.02, 0.0236511
161.08, 0.0236511
161.142, 0.0236511
161.205, 0.0236511
161.269, 0.0236511
161.336, 0.0236511
161.404, 0.0236511
161.473, 0.0236511
161.544, 0.0236511
161.618, 0.0236511
161.678, 0.0236511
161.739, 0.0236511
161.799, 0.0236511
161.861, 0.0236511
161.921, 0.0236511
161.982, 0.0236511
162.042, 0.0236511
162.102, 0.0236511
162.164, 0.0236511
162.227, 0.0236511
162.287, 0.0236511
162.348, 0.0236511
162.408, 0.0236511
162.47, 0.0236511
162.53, 0.0236511
162.591, 0.0236511
162.654, 0.0236511
162.714, 0.0236511
162.774, 0.0236511
162.836, 0.0236511
162.899, 0.0236511
162.963, 0.0236511
163.023, 0.0236511
163.085, 0.0236511
163.145, 0.0236511
163.206, 0.0236511
163.269, 0.0236511
163.329, 0.0236511
163.391, 0.0236511
163.451, 0.0236511
163.512, 0.0236511
163.575, 0.0236511
163.635, 0.0236511
163.697, 0.0236511
163.76, 0.0236511
163.82, 0.0236511
163.881, 0.0236511
163.941, 0.0236511
164.003, 0.0236511
164.066, 0.0236511
164.126, 0.0236511
164.187, 0.0236511
164.25, 0.0236511
164.315, 0.0236511
164.381, 0.0236511
164.449, 0.0236511
164.519, 0.0236511
164.59, 0.0236511
164.663, 0.0236511
164.738, 0.0236511
164.815, 0.0236511
164.875, 0.0236511
164.936, 0.0236511
164.999, 0.0236511
165.064, 0.0236511
165.13, 0.0236511
165.19, 0.0236511
165.252, 0.0236511
165.315, 0.0236511
165.375, 0.0236511
165.436, 0.0236511
165.499, 0.0236511
165.564, 0.0236511
165.63, 0.0236511
165.698, 0.0236511
165.768, 0.0236511
165.839, 0.0236511
165.912, 0.0236511
165.987, 0.0236511
166.064, 0.0236511
166.143, 0.0236511
166.223, 0.0236511
166.306, 0.0236511
166.391, 0.0236511
166.478, 0.0236511
166.567, 0.0236511
166.658, 0.0236511
166.752, 0.0236511
166.848, 0.0236511
166.946, 0.0236511
167.047, 0.0236511
167.15, 0.0236511
167.256, 0.0236511
167.364, 0.0236511
167.476, 0.0236511
167.536, 0.0236511
167.597, 0.0236511
167.657, 0.0236511
167.719, 0.0236511
167.782, 0.0236511
167.842, 0.0236511
167.903, 0.0236511
167.963, 0.0236511
168.025, 0.0236511
168.088, 0.0236511
168.152, 0.0236511
168.212, 0.0236511
168.274, 0.0236511
168.334, 0.0236511
168.395, 0.0236511
168.455, 0.0236511
168.517, 0.0236511
168.577, 0.0236511
168.638, 0.0236511
168.701, 0.0236511
168.766, 0.0236511
168.832, 0.0236511
168.9, 0.0236511
168.96, 0.0236511
169.022, 0.0236511
169.085, 0.0236511
169.145, 0.0236511
169.206, 0.0236511
169.269, 0.0236511
169.334, 0.0236511
169.394, 0.0236511
169.455, 0.0236511
169.518, 0.0236511
169.583, 0.0236511
169.649, 0.0236511
169.717, 0.0236511
169.787, 0.0236511
169.858, 0.0236511
169.918, 0.0236511
169.979, 0.0236511
170.039, 0.0236511
170.101, 0.0236511
170.164, 0.0236511
170.229, 0.0236511
170.289, 0.0236511
170.349, 0.0236511
170.409, 0.0236511
170.47, 0.0236511
170.53, 0.0236511
170.592, 0.0236511
170.655, 0.0236511
170.719, 0.0236511
170.785, 0.0236511
170.845, 0.0236511
170.907, 0.0236511
170.967, 0.0236511
171.028, 0.0236511
171.091, 0.0236511
171.156, 0.0236511
171.222, 0.0236511
171.29, 0.0236511
171.35, 0.0236511
171.412, 0.0236511
171.472, 0.0236511
171.533, 0.0236511
171.596, 0.0236511
171.656, 0.0236511
171.718, 0.0236511
171.778, 0.0236511
171.839, 0.0236511
171.902, 0.0236511
171.967, 0.0236511
172.033, 0.0236511
172.093, 0.0236511
172.155, 0.0236511
172.215, 0.0236511
172.276, 0.0236511
172.339, 0.0236511
172.404, 0.0236511
172.47, 0.0236511
172.538, 0.0236511
172.598, 0.0236511
172.659, 0.0236511
172.722, 0.0236511
172.782, 0.0236511
172.844, 0.0236511
172.907, 0.0236511
172.967, 0.0236511
173.028, 0.0236511
173.091, 0.0236511
173.156, 0.0236511
173.222, 0.0236511
173.29, 0.0236511
173.36, 0.0236511
173.42, 0.0236511
173.481, 0.0236511
173.544, 0.0236511
173.604, 0.0236511
173.666, 0.0236511
173.729, 0.0236511
173.793, 0.0236511
173.86, 0.0236511
173.928, 0.0236511
173.997, 0.0236511
174.057, 0.0236511
174.119, 0.0236511
174.182, 0.0236511
174.242, 0.0236511
174.303, 0.0236511
174.363, 0.0236511
174.425, 0.0236511
174.488, 0.0236511
174.548, 0.0236511
174.609, 0.0236511
174.672, 0.0236511
174.732, 0.0236511
174.792, 0.0236511
174.854, 0.0236511
174.917, 0.0236511
174.981, 0.0236511
175.048, 0.0236511
175.116, 0.0236511
175.176, 0.0236511
175.237, 0.0236511
175.297, 0.0236511
175.359, 0.0236511
175.422, 0.0236511
175.486, 0.0236511
175.552, 0.0236511
175.62, 0.0236511
175.69, 0.0236511
175.761, 0.0236511
175.821, 0.0236511
175.883, 0.0236511
175.946, 0.0236511
176.01, 0.0236511
176.07, 0.0236511
176.132, 0.0236511
176.195, 0.0236511
176.259, 0.0236511
176.326, 0.0236511
176.394, 0.0236511
176.454, 0.0236511
176.515, 0.0236511
176.575, 0.0236511
176.637, 0.0236511
176.697, 0.0236511
176.758, 0.0236511
176.821, 0.0236511
176.881, 0.0236511
176.943, 0.0236511
177.003, 0.0236511
177.064, 0.0236511
177.127, 0.0236511
177.187, 0.0236511
177.249, 0.0236511
177.312, 0.0236511
177.376, 0.0236511
177.443, 0.0236511
177.51, 0.0236511
177.57, 0.0236511
177.632, 0.0236511
177.695, 0.0236511
177.76, 0.0236511
177.82, 0.0236511
177.881, 0.0236511
177.941, 0.0236511
178.003, 0.0236511
178.063, 0.0236511
178.124, 0.0236511
178.187, 0.0236511
178.247, 0.0236511
178.309, 0.0236511
178.372, 0.0236511
178.432, 0.0236511
178.493, 0.0236511
178.553, 0.0236511
178.615, 0.0236511
178.678, 0.0236511
178.742, 0.0236511
178.802, 0.0236511
178.862, 0.0236511
178.922, 0.0236511
178.984, 0.0236511
179.047, 0.0236511
179.111, 0.0236511
179.178, 0.0236511
179.238, 0.0236511
179.299, 0.0236511
179.362, 0.0236511
179.427, 0.0236511
179.493, 0.0236511
179.561, 0.0236511
179.631, 0.0236511
179.691, 0.0236511
179.752, 0.0236511
179.812, 0.0236511
179.874, 0.0236511
179.937, 0.0236511
180.001, 0.0236511
180.067, 0.0236511
180.135, 0.0236511
180.195, 0.0236511
180.257, 0.0236511
180.32, 0.0236511
180.384, 0.0236511
180.444, 0.0236511
180.506, 0.0236511
180.569, 0.0236511
180.629, 0.0236511
180.69, 0.0236511
180.75, 0.0236511
180.812, 0.0236511
180.875, 0.0236511
180.94, 0.0236511
181.006, 0.0236511
181.066, 0.0236511
181.127, 0.0236511
181.19, 0.0236511
181.25, 0.0236511
181.312, 0.0236511
181.375, 0.0236511
181.44, 0.0236511
181.506, 0.0236511
181.574, 0.0236511
181.634, 0.0236511
181.695, 0.0236511
181.755, 0.0236511
181.817, 0.0236511
181.877, 0.0236511
181.938, 0.0236511
182.001, 0.0236511
182.066, 0.0236511
182.132, 0.0236511
182.2, 0.0236511
182.27, 0.0236511
182.341, 0.0236511
182.414, 0.0236511
182.474, 0.0236511
182.535, 0.0236511
182.598, 0.0236511
182.663, 0.0236511
182.729, 0.0236511
182.789, 0.0236511
182.851, 0.0236511
182.911, 0.0236511
182.971, 0.0236511
183.032, 0.0236511
183.092, 0.0236511
183.154, 0.0236511
183.217, 0.0236511
183.281, 0.0236511
183.348, 0.0236511
183.408, 0.0236511
183.469, 0.0236511
183.529, 0.0236511
183.591, 0.0236511
183.651, 0.0236511
183.712, 0.0236511
183.775, 0.0236511
183.84, 0.0236511
183.906, 0.0236511
183.966, 0.0236511
184.028, 0.0236511
184.091, 0.0236511
184.151, 0.0236511
184.212, 0.0236511
184.272, 0.0236511
184.334, 0.0236511
184.394, 0.0236511
184.455, 0.0236511
184.518, 0.0236511
184.578, 0.0236511
184.64, 0.0236511
184.703, 0.0236511
184.767, 0.0236511
184.834, 0.0236511
184.901, 0.0236511
184.971, 0.0236511
185.042, 0.0236511
185.102, 0.0236511
185.164, 0.0236511
185.227, 0.0236511
185.291, 0.0236511
185.351, 0.0236511
185.413, 0.0236511
185.473, 0.0236511
185.534, 0.0236511
185.598, 0.0236511
185.662, 0.0236511
185.728, 0.0236511
185.796, 0.0236511
185.866, 0.0236511
185.937, 0.0236511
185.997, 0.0236511
186.059, 0.0236511
186.119, 0.0236511
186.18, 0.0236511
186.243, 0.0236511
186.308, 0.0236511
186.374, 0.0236511
186.434, 0.0236511
186.496, 0.0236511
186.556, 0.0236511
186.616, 0.0236511
186.677, 0.0236511
186.74, 0.0236511
186.8, 0.0236511
186.862, 0.0236511
186.925, 0.0236511
186.989, 0.0236511
187.055, 0.0236511
187.115, 0.0236511
187.177, 0.0236511
187.237, 0.0236511
187.298, 0.0236511
187.358, 0.0236511
187.42, 0.0236511
187.483, 0.0236511
187.548, 0.0236511
187.608, 0.0236511
187.669, 0.0236511
187.732, 0.0236511
187.792, 0.0236511
187.854, 0.0236511
187.917, 0.0236511
187.981, 0.0236511
188.048, 0.0236511
188.115, 0.0236511
188.185, 0.0236511
188.256, 0.0236511
188.329, 0.0236511
188.404, 0.0236511
188.464, 0.0236511
188.526, 0.0236511
188.586, 0.0236511
188.647, 0.0236511
188.707, 0.0236511
188.769, 0.0236511
188.832, 0.0236511
188.896, 0.0236511
188.963, 0.0236511
189.031, 0.0236511
189.091, 0.0236511
189.151, 0.0236511
189.212, 0.0236511
189.272, 0.0236511
189.332, 0.0236511
189.394, 0.0236511
189.457, 0.0236511
189.517, 0.0236511
189.578, 0.0236511
189.638, 0.0236511
189.7, 0.0236511
189.76, 0.0236511
189.82, 0.0236511
189.881, 0.0236511
189.941, 0.0236511
190.003, 0.0236511
190.066, 0.0236511
190.13, 0.0236511
190.197, 0.0236511
190.264, 0.0236511
190.324, 0.0236511
190.386, 0.0236511
190.449, 0.0236511
190.509, 0.0236511
190.57, 0.0236511
190.633, 0.0236511
190.693, 0.0236511
190.755, 0.0236511
190.818, 0.0236511
190.878, 0.0236511
190.94, 0.0236511
191.003, 0.0236511
191.067, 0.0236511
191.133, 0.0236511
191.201, 0.0236511
191.261, 0.0236511
191.323, 0.0236511
191.386, 0.0236511
191.446, 0.0236511
191.506, 0.0236511
191.567, 0.0236511
191.63, 0.0236511
191.695, 0.0236511
191.761, 0.0236511
191.829, 0.0236511
191.889, 0.0236511
191.951, 0.0236511
192.014, 0.0236511
192.074, 0.0236511
192.135, 0.0236511
192.198, 0.0236511
192.258, 0.0236511
192.32, 0.0236511
192.38, 0.0236511
192.441, 0.0236511
192.504, 0.0236511
192.564, 0.0236511
192.626, 0.0236511
192.686, 0.0236511
192.747, 0.0236511
192.81, 0.0236511
192.87, 0.0236511
192.932, 0.0236511
192.995, 0.0236511
193.059, 0.0236511
193.126, 0.0236511
193.193, 0.0236511
193.263, 0.0236511
193.334, 0.0236511
193.394, 0.0236511
193.456, 0.0236511
193.516, 0.0236511
193.577, 0.0236511
193.64, 0.0236511
193.7, 0.0236511
193.762, 0.0236511
193.822, 0.0236511
193.883, 0.0236511
193.943, 0.0236511
194.005, 0.0236511
194.065, 0.0236511
194.126, 0.0236511
194.189, 0.0236511
194.249, 0.0236511
194.311, 0.0236511
194.371, 0.0236511
194.432, 0.0236511
194.492, 0.0236511
194.554, 0.0236511
194.614, 0.0236511
194.675, 0.0236511
194.739, 0.0236511
194.803, 0.0236511
194.863, 0.0236511
194.925, 0.0236511
194.988, 0.0236511
195.052, 0.0236511
195.118, 0.0236511
195.186, 0.0236511
195.256, 0.0236511
195.327, 0.0236511
195.4, 0.0236511
195.475, 0.0236511
195.552, 0.0236511
195.631, 0.0236511
195.691, 0.0236511
195.752, 0.0236511
195.815, 0.0236511
195.88, 0.0236511
195.946, 0.0236511
196.014, 0.0236511
196.084, 0.0236511
196.155, 0.0236511
196.228, 0.0236511
196.303, 0.0236511
196.38, 0.0236511
196.44, 0.0236511
196.501, 0.0236511
196.564, 0.0236511
196.629, 0.0236511
196.695, 0.0236511
196.755, 0.0236511
196.817, 0.0236511
196.877, 0.0236511
196.938, 0.0236511
197.001, 0.0236511
197.066, 0.0236511
197.132, 0.0236511
197.2, 0.0236511
197.27, 0.0236511
197.341, 0.0236511
197.414, 0.0236511
197.489, 0.0236511
197.566, 0.0236511
197.644, 0.0236511
197.725, 0.0236511
197.808, 0.0236511
197.893, 0.0236511
197.98, 0.0236511
198.069, 0.0236511
198.129, 0.0236511
198.19, 0.0236511
198.25, 0.0236511
198.312, 0.0236511
198.375, 0.0236511
198.439, 0.0236511
198.506, 0.0236511
198.573, 0.0236511
198.643, 0.0236511
198.714, 0.0236511
198.787, 0.0236511
198.847, 0.0236511
198.909, 0.0236511
198.972, 0.0236511
199.037, 0.0236511
199.103, 0.0236511
199.163, 0.0236511
199.224, 0.0236511
199.287, 0.0236511
199.347, 0.0236511
199.409, 0.0236511
199.469, 0.0236511
199.53, 0.0236511
199.59, 0.0236511
199.652, 0.0236511
199.715, 0.0236511
199.779, 0.0236511
199.846, 0.0236511
199.914, 0.0236511
199.983, 0.0236511
200.054, 0.0236511
200.114, 0.0236511
200.176, 0.0236511
200.239, 0.0236511
200.299, 0.0236511
200.361, 0.0236511
200.424, 0.0236511
200.488, 0.0236511
200.554, 0.0236511
200.622, 0.0236511
200.682, 0.0236511
200.744, 0.0236511
200.807, 0.0236511
200.871, 0.0236511
200.938, 0.0236511
201.006, 0.0236511
201.075, 0.0236511
201.146, 0.0236511
201.22, 0.0236511
201.28, 0.0236511
201.341, 0.0236511
201.404, 0.0236511
201.469, 0.0236511
201.535, 0.0236511
201.595, 0.0236511
201.656, 0.0236511
201.719, 0.0236511
201.779, 0.0236511
201.841, 0.0236511
201.904, 0.0236511
201.969, 0.0236511
202.035, 0.0236511
202.095, 0.0236511
202.156, 0.0236511
202.219, 0.0236511
202.279, 0.0236511
202.341, 0.0236511
202.404, 0.0236511
202.464, 0.0236511
202.525, 0.0236511
202.588, 0.0236511
202.653, 0.0236511
202.719, 0.0236511
202.779, 0.0236511
202.839, 0.0236511
202.901, 0.0236511
202.964, 0.0236511
203.024, 0.0236511
203.084, 0.0236511
203.145, 0.0236511
203.205, 0.0236511
203.267, 0.0236511
203.33, 0.0236511
203.39, 0.0236511
203.451, 0.0236511
203.514, 0.0236511
203.579, 0.0236511
203.645, 0.0236511
203.705, 0.0236511
203.767, 0.0236511
203.827, 0.0236511
203.888, 0.0236511
203.951, 0.0236511
204.016, 0.0236511
204.082, 0.0236511
204.15, 0.0236511
204.22, 0.0236511
204.291, 0.0236511
204.364, 0.0236511
204.424, 0.0236511
204.484, 0.0236511
204.546, 0.0236511
204.609, 0.0236511
204.673, 0.0236511
204.739, 0.0236511
204.807, 0.0236511
204.867, 0.0236511
204.929, 0.0236511
204.992, 0.0236511
205.056, 0.0236511
205.123, 0.0236511
205.191, 0.0236511
205.26, 0.0236511
205.32, 0.0236511
205.382, 0.0236511
205.442, 0.0236511
205.503, 0.0236511
205.563, 0.0236511
205.625, 0.0236511
205.685, 0.0236511
205.746, 0.0236511
205.809, 0.0236511
205.874, 0.0236511
205.94, 0.0236511
206.008, 0.0236511
206.068, 0.0236511
206.129, 0.0236511
206.192, 0.0236511
206.257, 0.0236511
206.317, 0.0236511
206.377, 0.0236511
206.439, 0.0236511
206.499, 0.0236511
206.559, 0.0236511
206.62, 0.0236511
206.683, 0.0236511
206.743, 0.0236511
206.805, 0.0236511
206.865, 0.0236511
206.926, 0.0236511
206.989, 0.0236511
207.054, 0.0236511
207.12, 0.0236511
207.18, 0.0236511
207.241, 0.0236511
207.305, 0.0236511
207.365, 0.0236511
207.426, 0.0236511
207.486, 0.0236511
207.548, 0.0236511
207.608, 0.0236511
207.669, 0.0236511
207.729, 0.0236511
207.789, 0.0236511
207.851, 0.0236511
207.914, 0.0236511
207.978, 0.0236511
208.044, 0.0236511
208.112, 0.0236511
208.182, 0.0236511
208.253, 0.0236511
208.313, 0.0236511
208.375, 0.0236511
208.435, 0.0236511
208.496, 0.0236511
208.559, 0.0236511
208.619, 0.0236511
208.681, 0.0236511
208.744, 0.0236511
208.808, 0.0236511
208.875, 0.0236511
208.942, 0.0236511
209.002, 0.0236511
209.064, 0.0236511
209.124, 0.0236511
209.185, 0.0236511
209.249, 0.0236511
209.313, 0.0236511
209.379, 0.0236511
209.447, 0.0236511
209.517, 0.0236511
209.588, 0.0236511
209.648, 0.0236511
209.71, 0.0236511
209.77, 0.0236511
209.831, 0.0236511
209.891, 0.0236511
209.953, 0.0236511
210.016, 0.0236511
210.08, 0.0236511
210.147, 0.0236511
210.214, 0.0236511
210.274, 0.0236511
210.336, 0.0236511
210.396, 0.0236511
210.457, 0.0236511
210.52, 0.0236511
210.585, 0.0236511
210.651, 0.0236511
210.719, 0.0236511
210.789, 0.0236511
210.86, 0.0236511
210.92, 0.0236511
210.982, 0.0236511
211.042, 0.0236511
211.103, 0.0236511
211.163, 0.0236511
211.225, 0.0236511
211.285, 0.0236511
211.346, 0.0236511
211.406, 0.0236511
211.468, 0.0236511
211.531, 0.0236511
211.595, 0.0236511
211.655, 0.0236511
211.717, 0.0236511
211.78, 0.0236511
211.844, 0.0236511
211.911, 0.0236511
211.978, 0.0236511
212.048, 0.0236511
212.119, 0.0236511
212.192, 0.0236511
212.267, 0.0236511
212.327, 0.0236511
212.389, 0.0236511
212.452, 0.0236511
212.517, 0.0236511
212.583, 0.0236511
212.643, 0.0236511
212.704, 0.0236511
212.764, 0.0236511
212.826, 0.0236511
212.886, 0.0236511
212.947, 0.0236511
213.01, 0.0236511
213.075, 0.0236511
213.141, 0.0236511
213.209, 0.0236511
213.279, 0.0236511
213.35, 0.0236511
213.423, 0.0236511
213.498, 0.0236511
213.575, 0.0236511
213.654, 0.0236511
213.734, 0.0236511
213.794, 0.0236511
213.856, 0.0236511
213.916, 0.0236511
213.977, 0.0236511
214.037, 0.0236511
214.097, 0.0236511
214.159, 0.0236511
214.222, 0.0236511
214.286, 0.0236511
214.353, 0.0236511
214.42, 0.0236511
214.49, 0.0236511
214.561, 0.0236511
214.621, 0.0236511
214.683, 0.0236511
214.743, 0.0236511
214.804, 0.0236511
214.864, 0.0236511
214.926, 0.0236511
214.989, 0.0236511
215.054, 0.0236511
215.12, 0.0236511
215.188, 0.0236511
215.257, 0.0236511
215.329, 0.0236511
215.402, 0.0236511
215.477, 0.0236511
215.553, 0.0236511
215.632, 0.0236511
215.692, 0.0236511
215.754, 0.0236511
215.817, 0.0236511
215.881, 0.0236511
215.948, 0.0236511
216.015, 0.0236511
216.075, 0.0236511
216.137, 0.0236511
216.197, 0.0236511
216.258, 0.0236511
216.321, 0.0236511
216.386, 0.0236511
216.446, 0.0236511
216.508, 0.0236511
216.571, 0.0236511
216.631, 0.0236511
216.692, 0.0236511
216.755, 0.0236511
216.815, 0.0236511
216.877, 0.0236511
216.94, 0.0236511
217.004, 0.0236511
217.071, 0.0236511
217.138, 0.0236511
217.198, 0.0236511
217.26, 0.0236511
217.32, 0.0236511
217.381, 0.0236511
217.444, 0.0236511
217.504, 0.0236511
217.566, 0.0236511
217.629, 0.0236511
217.689, 0.0236511
217.75, 0.0236511
217.814, 0.0236511
217.878, 0.0236511
217.944, 0.0236511
218.004, 0.0236511
218.066, 0.0236511
218.126, 0.0236511
218.187, 0.0236511
218.25, 0.0236511
218.315, 0.0236511
218.381, 0.0236511
218.449, 0.0236511
218.519, 0.0236511
218.59, 0.0236511
218.663, 0.0236511
218.723, 0.0236511
218.785, 0.0236511
218.845, 0.0236511
218.906, 0.0236511
218.969, 0.0236511
219.029, 0.0236511
219.091, 0.0236511
219.151, 0.0236511
219.212, 0.0236511
219.275, 0.0236511
219.335, 0.0236511
219.397, 0.0236511
219.457, 0.0236511
219.518, 0.0236511
219.578, 0.0236511
219.638, 0.0236511
219.7, 0.0236511
219.763, 0.0236511
219.823, 0.0236511
219.884, 0.0236511
219.947, 0.0236511
220.012, 0.0236511
220.072, 0.0236511
220.133, 0.0236511
220.196, 0.0236511
220.256, 0.0236511
220.318, 0.0236511
220.381, 0.0236511
220.446, 0.0236511
220.506, 0.0236511
220.567, 0.0236511
220.627, 0.0236511
220.689, 0.0236511
220.752, 0.0236511
220.816, 0.0236511
220.882, 0.0236511
220.95, 0.0236511
221.02, 0.0236511
221.091, 0.0236511
221.151, 0.0236511
221.213, 0.0236511
221.276, 0.0236511
221.336, 0.0236511
221.397, 0.0236511
221.457, 0.0236511
221.519, 0.0236511
221.582, 0.0236511
221.642, 0.0236511
221.702, 0.0236511
221.763, 0.0236511
221.823, 0.0236511
221.885, 0.0236511
221.948, 0.0236511
222.012, 0.0236511
222.079, 0.0236511
222.147, 0.0236511
222.207, 0.0236511
222.268, 0.0236511
222.331, 0.0236511
222.396, 0.0236511
222.462, 0.0236511
222.522, 0.0236511
222.583, 0.0236511
222.646, 0.0236511
222.706, 0.0236511
222.768, 0.0236511
222.831, 0.0236511
222.891, 0.0236511
222.953, 0.0236511
223.016, 0.0236511
223.076, 0.0236511
223.137, 0.0236511
223.197, 0.0236511
223.259, 0.0236511
223.319, 0.0236511
223.38, 0.0236511
223.44, 0.0236511
223.502, 0.0236511
223.562, 0.0236511
223.623, 0.0236511
223.683, 0.0236511
223.745, 0.0236511
223.808, 0.0236511
223.872, 0.0236511
223.938, 0.0236511
223.998, 0.0236511
224.06, 0.0236511
224.123, 0.0236511
224.188, 0.0236511
224.248, 0.0236511
224.309, 0.0236511
224.372, 0.0236511
224.432, 0.0236511
224.494, 0.0236511
224.554, 0.0236511
224.615, 0.0236511
224.675, 0.0236511
224.737, 0.0236511
224.797, 0.0236511
224.858, 0.0236511
224.921, 0.0236511
224.986, 0.0236511
225.046, 0.0236511
225.107, 0.0236511
225.17, 0.0236511
225.235, 0.0236511
225.301, 0.0236511
225.361, 0.0236511
225.423, 0.0236511
225.483, 0.0236511
225.544, 0.0236511
225.607, 0.0236511
225.667, 0.0236511
225.729, 0.0236511
225.789, 0.0236511
225.85, 0.0236511
225.91, 0.0236511
225.972, 0.0236511
226.035, 0.0236511
226.099, 0.0236511
226.159, 0.0236511
226.221, 0.0236511
226.284, 0.0236511
226.349, 0.0236511
226.415, 0.0236511
226.483, 0.0236511
226.552, 0.0236511
226.624, 0.0236511
226.684, 0.0236511
226.745, 0.0236511
226.808, 0.0236511
226.868, 0.0236511
226.93, 0.0236511
226.99, 0.0236511
227.051, 0.0236511
227.114, 0.0236511
227.174, 0.0236511
227.236, 0.0236511
227.299, 0.0236511
227.359, 0.0236511
227.42, 0.0236511
227.483, 0.0236511
227.543, 0.0236511
227.605, 0.0236511
227.665, 0.0236511
227.725, 0.0236511
227.786, 0.0236511
227.849, 0.0236511
227.914, 0.0236511
227.98, 0.0236511
228.048, 0.0236511
228.118, 0.0236511
228.178, 0.0236511
228.239, 0.0236511
228.299, 0.0236511
228.359, 0.0236511
228.421, 0.0236511
228.484, 0.0236511
228.548, 0.0236511
228.608, 0.0236511
228.67, 0.0236511
228.73, 0.0236511
228.791, 0.0236511
228.854, 0.0236511
228.919, 0.0236511
228.979, 0.0236511
229.039, 0.0236511
229.1, 0.0236511
229.163, 0.0236511
229.228, 0.0236511
229.294, 0.0236511
229.354, 0.0236511
229.416, 0.0236511
229.476, 0.0236511
229.537, 0.0236511
229.597, 0.0236511
229.659, 0.0236511
229.719, 0.0236511
229.78, 0.0236511
229.843, 0.0236511
229.903, 0.0236511
229.963, 0.0236511
230.023, 0.0236511
230.085, 0.0236511
230.145, 0.0236511
230.206, 0.0236511
230.266, 0.0236511
230.328, 0.0236511
230.388, 0.0236511
230.449, 0.0236511
230.512, 0.0236511
230.577, 0.0236511
230.643, 0.0236511
230.711, 0.0236511
230.781, 0.0236511
230.841, 0.0236511
230.902, 0.0236511
230.965, 0.0236511
231.025, 0.0236511
231.087, 0.0236511
231.15, 0.0236511
231.214, 0.0236511
231.274, 0.0236511
231.336, 0.0236511
231.399, 0.0236511
231.459, 0.0236511
231.52, 0.0236511
231.583, 0.0236511
231.648, 0.0236511
231.708, 0.0236511
231.769, 0.0236511
231.832, 0.0236511
231.892, 0.0236511
231.954, 0.0236511
232.014, 0.0236511
232.074, 0.0236511
232.135, 0.0236511
232.199, 0.0236511
232.259, 0.0236511
232.32, 0.0236511
232.38, 0.0236511
232.442, 0.0236511
232.502, 0.0236511
232.563, 0.0236511
232.626, 0.0236511
232.686, 0.0236511
232.748, 0.0236511
232.811, 0.0236511
232.871, 0.0236511
232.932, 0.0236511
232.992, 0.0236511
233.054, 0.0236511
233.117, 0.0236511
233.177, 0.0236511
233.238, 0.0236511
233.298, 0.0236511
233.36, 0.0236511
233.423, 0.0236511
233.483, 0.0236511
233.544, 0.0236511
233.607, 0.0236511
233.667, 0.0236511
233.729, 0.0236511
233.792, 0.0236511
233.852, 0.0236511
233.913, 0.0236511
233.973, 0.0236511
234.035, 0.0236511
234.098, 0.0236511
234.162, 0.0236511
234.222, 0.0236511
234.284, 0.0236511
234.344, 0.0236511
234.405, 0.0236511
234.468, 0.0236511
234.533, 0.0236511
234.593, 0.0236511
234.655, 0.0236511
234.718, 0.0236511
234.778, 0.0236511
234.839, 0.0236511
234.899, 0.0236511
234.959, 0.0236511
235.021, 0.0236511
235.081, 0.0236511
235.142, 0.0236511
235.205, 0.0236511
235.27, 0.0236511
235.336, 0.0236511
235.404, 0.0236511
235.473, 0.0236511
235.533, 0.0236511
235.595, 0.0236511
235.655, 0.0236511
235.716, 0.0236511
235.776, 0.0236511
235.838, 0.0236511
235.901, 0.0236511
235.966, 0.0236511
236.032, 0.0236511
236.1, 0.0236511
236.16, 0.0236511
236.221, 0.0236511
236.284, 0.0236511
236.349, 0.0236511
236.415, 0.0236511
236.483, 0.0236511
236.543, 0.0236511
236.604, 0.0236511
236.668, 0.0236511
236.728, 0.0236511
236.789, 0.0236511
236.849, 0.0236511
236.911, 0.0236511
236.971, 0.0236511
237.032, 0.0236511
237.092, 0.0236511
237.154, 0.0236511
237.214, 0.0236511
237.275, 0.0236511
237.335, 0.0236511
237.397, 0.0236511
237.457, 0.0236511
237.518, 0.0236511
237.578, 0.0236511
237.64, 0.0236511
237.7, 0.0236511
237.761, 0.0236511
237.824, 0.0236511
237.884, 0.0236511
237.946, 0.0236511
238.006, 0.0236511
238.067, 0.0236511
238.13, 0.0236511
238.195, 0.0236511
238.261, 0.0236511
238.329, 0.0236511
238.389, 0.0236511
238.45, 0.0236511
238.513, 0.0236511
238.578, 0.0236511
238.644, 0.0236511
238.704, 0.0236511
238.766, 0.0236511
238.826, 0.0236511
238.887, 0.0236511
238.95, 0.0236511
239.01, 0.0236511
239.072, 0.0236511
239.135, 0.0236511
239.195, 0.0236511
239.256, 0.0236511
239.319, 0.0236511
239.384, 0.0236511
239.444, 0.0236511
239.505, 0.0236511
239.565, 0.0236511
239.627, 0.0236511
239.69, 0.0236511
239.755, 0.0236511
239.821, 0.0236511
239.889, 0.0236511
239.949, 0.0236511
240.01, 0.0236511
240.073, 0.0236511
240.138, 0.0236511
240.198, 0.0236511
240.259, 0.0236511
240.319, 0.0236511
240.381, 0.0236511
240.444, 0.0236511
240.504, 0.0236511
240.565, 0.0236511
240.628, 0.0236511
240.688, 0.0236511
240.75, 0.0236511
240.81, 0.0236511
240.871, 0.0236511
240.934, 0.0236511
240.999, 0.0236511
241.059, 0.0236511
241.121, 0.0236511
241.184, 0.0236511
241.248, 0.0236511
241.314, 0.0236511
241.374, 0.0236511
241.436, 0.0236511
241.496, 0.0236511
241.557, 0.0236511
241.62, 0.0236511
241.685, 0.0236511
241.745, 0.0236511
241.807, 0.0236511
241.867, 0.0236511
241.927, 0.0236511
241.988, 0.0236511
242.048, 0.0236511
242.11, 0.0236511
242.173, 0.0236511
242.237, 0.0236511
242.297, 0.0236511
242.359, 0.0236511
242.422, 0.0236511
242.482, 0.0236511
242.543, 0.0236511
242.603, 0.0236511
242.665, 0.0236511
242.725, 0.0236511
242.786, 0.0236511
242.849, 0.0236511
242.914, 0.0236511
242.974, 0.0236511
243.034, 0.0236511
243.095, 0.0236511
243.158, 0.0236511
243.218, 0.0236511
243.28, 0.0236511
243.34, 0.0236511
243.401, 0.0236511
243.465, 0.0236511
243.529, 0.0236511
243.595, 0.0236511
243.655, 0.0236511
243.717, 0.0236511
243.78, 0.0236511
243.84, 0.0236511
243.901, 0.0236511
243.961, 0.0236511
244.023, 0.0236511
244.086, 0.0236511
244.146, 0.0236511
244.207, 0.0236511
244.267, 0.0236511
244.329, 0.0236511
244.392, 0.0236511
244.452, 0.0236511
244.512, 0.0236511
244.573, 0.0236511
244.633, 0.0236511
244.695, 0.0236511
244.755, 0.0236511
244.816, 0.0236511
244.876, 0.0236511
244.938, 0.0236511
245.001, 0.0236511
245.066, 0.0236511
245.126, 0.0236511
245.187, 0.0236511
245.25, 0.0236511
245.31, 0.0236511
245.372, 0.0236511
245.435, 0.0236511
245.499, 0.0236511
245.566, 0.0236511
245.626, 0.0236511
245.687, 0.0236511
245.75, 0.0236511
245.815, 0.0236511
245.881, 0.0236511
245.949, 0.0236511
246.018, 0.0236511
246.078, 0.0236511
246.138, 0.0236511
246.2, 0.0236511
246.26, 0.0236511
246.321, 0.0236511
246.381, 0.0236511
246.443, 0.0236511
246.503, 0.0236511
246.564, 0.0236511
246.627, 0.0236511
246.692, 0.0236511
246.752, 0.0236511
246.814, 0.0236511
246.877, 0.0236511
246.941, 0.0236511
247.007, 0.0236511
247.075, 0.0236511
247.135, 0.0236511
247.197, 0.0236511
247.257, 0.0236511
247.317, 0.0236511
247.378, 0.0236511
247.441, 0.0236511
247.506, 0.0236511
247.572, 0.0236511
247.64, 0.0236511
247.7, 0.0236511
247.762, 0.0236511
247.825, 0.0236511
247.885, 0.0236511
247.946, 0.0236511
248.009, 0.0236511
248.074, 0.0236511
248.14, 0.0236511
248.208, 0.0236511
248.277, 0.0236511
248.337, 0.0236511
248.399, 0.0236511
248.462, 0.0236511
248.527, 0.0236511
248.593, 0.0236511
248.653, 0.0236511
248.714, 0.0236511
248.774, 0.0236511
248.836, 0.0236511
248.899, 0.0236511
248.959, 0.0236511
249.02, 0.0236511
249.083, 0.0236511
249.148, 0.0236511
249.208, 0.0236511
249.269, 0.0236511
249.329, 0.0236511
249.391, 0.0236511
249.454, 0.0236511
249.514, 0.0236511
249.576, 0.0236511
249.639, 0.0236511
249.703, 0.0236511
249.769, 0.0236511
249.837, 0.0236511
249.907, 0.0236511
249.978, 0.0236511
250.051, 0.0236511
250.126, 0.0236511
250.203, 0.0236511
250.282, 0.0236511
250.362, 0.0236511
250.445, 0.0236511
250.53, 0.0236511
250.617, 0.0236511
250.677, 0.0236511
250.738, 0.0236511
250.801, 0.0236511
250.866, 0.0236511
250.926, 0.0236511
250.988, 0.0236511
251.051, 0.0236511
251.111, 0.0236511
251.172, 0.0236511
251.232, 0.0236511
251.294, 0.0236511
251.354, 0.0236511
251.415, 0.0236511
251.475, 0.0236511
251.537, 0.0236511
251.6, 0.0236511
251.664, 0.0236511
251.724, 0.0236511
251.786, 0.0236511
251.849, 0.0236511
251.909, 0.0236511
251.97, 0.0236511
252.03, 0.0236511
252.092, 0.0236511
252.152, 0.0236511
252.213, 0.0236511
252.273, 0.0236511
252.335, 0.0236511
252.395, 0.0236511
252.456, 0.0236511
252.519, 0.0236511
252.584, 0.0236511
252.65, 0.0236511
252.718, 0.0236511
252.778, 0.0236511
252.839, 0.0236511
252.899, 0.0236511
252.961, 0.0236511
253.024, 0.0236511
253.084, 0.0236511
253.146, 0.0236511
253.206, 0.0236511
253.267, 0.0236511
253.327, 0.0236511
253.389, 0.0236511
253.452, 0.0236511
253.512, 0.0236511
253.573, 0.0236511
253.636, 0.0236511
253.701, 0.0236511
253.761, 0.0236511
253.822, 0.0236511
253.882, 0.0236511
253.944, 0.0236511
254.004, 0.0236511
254.065, 0.0236511
254.128, 0.0236511
254.193, 0.0236511
254.259, 0.0236511
254.327, 0.0236511
254.387, 0.0236511
254.448, 0.0236511
254.508, 0.0236511
254.57, 0.0236511
254.633, 0.0236511
254.693, 0.0236511
254.755, 0.0236511
254.815, 0.0236511
254.876, 0.0236511
254.936, 0.0236511
254.998, 0.0236511
255.058, 0.0236511
255.119, 0.0236511
255.182, 0.0236511
255.247, 0.0236511
255.313, 0.0236511
255.381, 0.0236511
255.45, 0.0236511
255.51, 0.0236511
255.572, 0.0236511
255.632, 0.0236511
255.693, 0.0236511
255.756, 0.0236511
255.816, 0.0236511
255.878, 0.0236511
255.941, 0.0236511
256.001, 0.0236511
256.062, 0.0236511
256.122, 0.0236511
256.184, 0.0236511
256.247, 0.0236511
256.312, 0.0236511
256.372, 0.0236511
256.433, 0.0236511
256.496, 0.0236511
256.556, 0.0236511
256.618, 0.0236511
256.678, 0.0236511
256.739, 0.0236511
256.799, 0.0236511
256.859, 0.0236511
256.921, 0.0236511
256.981, 0.0236511
257.042, 0.0236511
257.105, 0.0236511
257.17, 0.0236511
257.23, 0.0236511
257.291, 0.0236511
257.354, 0.0236511
257.419, 0.0236511
257.485, 0.0236511
257.553, 0.0236511
257.613, 0.0236511
257.675, 0.0236511
257.735, 0.0236511
257.796, 0.0236511
257.856, 0.0236511
257.916, 0.0236511
257.978, 0.0236511
258.041, 0.0236511
258.101, 0.0236511
258.162, 0.0236511
258.222, 0.0236511
258.284, 0.0236511
258.344, 0.0236511
258.405, 0.0236511
258.468, 0.0236511
258.528, 0.0236511
258.59, 0.0236511
258.653, 0.0236511
258.717, 0.0236511
258.783, 0.0236511
258.851, 0.0236511
258.921, 0.0236511
258.981, 0.0236511
259.042, 0.0236511
259.102, 0.0236511
259.164, 0.0236511
259.227, 0.0236511
259.292, 0.0236511
259.352, 0.0236511
259.413, 0.0236511
259.476, 0.0236511
259.541, 0.0236511
259.607, 0.0236511
259.675, 0.0236511
259.735, 0.0236511
259.796, 0.0236511
259.856, 0.0236511
259.918, 0.0236511
259.981, 0.0236511
260.041, 0.0236511
260.102, 0.0236511
260.162, 0.0236511
260.224, 0.0236511
260.284, 0.0236511
260.345, 0.0236511
260.408, 0.0236511
260.468, 0.0236511
260.53, 0.0236511
260.59, 0.0236511
260.651, 0.0236511
260.714, 0.0236511
260.779, 0.0236511
260.845, 0.0236511
260.905, 0.0236511
260.967, 0.0236511
261.03, 0.0236511
261.094, 0.0236511
261.161, 0.0236511
261.229, 0.0236511
261.298, 0.0236511
261.37, 0.0236511
261.443, 0.0236511
261.503, 0.0236511
261.564, 0.0236511
261.627, 0.0236511
261.692, 0.0236511
261.758, 0.0236511
261.826, 0.0236511
261.895, 0.0236511
261.967, 0.0236511
262.027, 0.0236511
262.088, 0.0236511
262.148, 0.0236511
262.21, 0.0236511
262.273, 0.0236511
262.337, 0.0236511
262.404, 0.0236511
262.464, 0.0236511
262.525, 0.0236511
262.585, 0.0236511
262.647, 0.0236511
262.71, 0.0236511
262.77, 0.0236511
262.831, 0.0236511
262.894, 0.0236511
262.959, 0.0236511
263.025, 0.0236511
263.093, 0.0236511
263.153, 0.0236511
263.214, 0.0236511
263.277, 0.0236511
263.337, 0.0236511
263.399, 0.0236511
263.462, 0.0236511
263.522, 0.0236511
263.584, 0.0236511
263.644, 0.0236511
263.705, 0.0236511
263.765, 0.0236511
263.827, 0.0236511
263.89, 0.0236511
263.954, 0.0236511
264.014, 0.0236511
264.076, 0.0236511
264.136, 0.0236511
264.197, 0.0236511
264.26, 0.0236511
264.325, 0.0236511
264.391, 0.0236511
264.451, 0.0236511
264.513, 0.0236511
264.576, 0.0236511
264.64, 0.0236511
264.7, 0.0236511
264.762, 0.0236511
264.822, 0.0236511
264.883, 0.0236511
264.943, 0.0236511
265.005, 0.0236511
265.068, 0.0236511
265.128, 0.0236511
265.189, 0.0236511
265.252, 0.0236511
265.312, 0.0236511
265.374, 0.0236511
265.434, 0.0236511
265.495, 0.0236511
265.558, 0.0236511
265.623, 0.0236511
265.683, 0.0236511
265.744, 0.0236511
265.807, 0.0236511
265.872, 0.0236511
265.932, 0.0236511
265.994, 0.0236511
266.054, 0.0236511
266.115, 0.0236511
266.175, 0.0236511
266.237, 0.0236511
266.297, 0.0236511
266.358, 0.0236511
266.418, 0.0236511
266.48, 0.0236511
266.54, 0.0236511
266.601, 0.0236511
266.661, 0.0236511
266.723, 0.0236511
266.783, 0.0236511
266.844, 0.0236511
266.907, 0.0236511
266.972, 0.0236511
267.038, 0.0236511
267.098, 0.0236511
267.159, 0.0236511
267.219, 0.0236511
267.281, 0.0236511
267.344, 0.0236511
267.409, 0.0236511
267.469, 0.0236511
267.53, 0.0236511
267.59, 0.0236511
267.652, 0.0236511
267.715, 0.0236511
267.775, 0.0236511
267.836, 0.0236511
267.899, 0.0236511
267.964, 0.0236511
268.03, 0.0236511
268.098, 0.0236511
268.158, 0.0236511
268.219, 0.0236511
268.282, 0.0236511
268.347, 0.0236511
268.413, 0.0236511
268.481, 0.0236511
268.551, 0.0236511
268.611, 0.0236511
268.672, 0.0236511
268.732, 0.0236511
268.794, 0.0236511
268.854, 0.0236511
268.915, 0.0236511
268.978, 0.0236511
269.043, 0.0236511
269.109, 0.0236511
269.169, 0.0236511
269.231, 0.0236511
269.294, 0.0236511
269.358, 0.0236511
269.418, 0.0236511
269.48, 0.0236511
269.543, 0.0236511
269.603, 0.0236511
269.664, 0.0236511
269.727, 0.0236511
269.792, 0.0236511
269.852, 0.0236511
269.913, 0.0236511
269.977, 0.0236511
270.041, 0.0236511
270.101, 0.0236511
270.163, 0.0236511
270.226, 0.0236511
270.29, 0.0236511
270.357, 0.0236511
270.424, 0.0236511
270.494, 0.0236511
270.554, 0.0236511
270.615, 0.0236511
270.675, 0.0236511
270.735, 0.0236511
270.797, 0.0236511
270.86, 0.0236511
270.92, 0.0236511
270.982, 0.0236511
271.042, 0.0236511
271.103, 0.0236511
271.166, 0.0236511
271.226, 0.0236511
271.288, 0.0236511
271.351, 0.0236511
271.411, 0.0236511
271.472, 0.0236511
271.535, 0.0236511
271.595, 0.0236511
271.657, 0.0236511
271.717, 0.0236511
271.778, 0.0236511
271.838, 0.0236511
271.898, 0.0236511
271.96, 0.0236511
272.02, 0.0236511
272.081, 0.0236511
272.144, 0.0236511
272.209, 0.0236511
272.269, 0.0236511
272.33, 0.0236511
272.39, 0.0236511
272.452, 0.0236511
272.515, 0.0236511
272.575, 0.0236511
272.636, 0.0236511
272.699, 0.0236511
272.764, 0.0236511
272.824, 0.0236511
272.885, 0.0236511
272.945, 0.0236511
273.007, 0.0236511
273.07, 0.0236511
273.13, 0.0236511
273.192, 0.0236511
273.255, 0.0236511
273.315, 0.0236511
273.376, 0.0236511
273.436, 0.0236511
273.498, 0.0236511
273.561, 0.0236511
273.625, 0.0236511
273.685, 0.0236511
273.747, 0.0236511
273.81, 0.0236511
273.87, 0.0236511
273.931, 0.0236511
273.994, 0.0236511
274.059, 0.0236511
274.125, 0.0236511
274.193, 0.0236511
274.253, 0.0236511
274.314, 0.0236511
274.374, 0.0236511
274.436, 0.0236511
274.496, 0.0236511
274.557, 0.0236511
274.617, 0.0236511
274.679, 0.0236511
274.742, 0.0236511
274.802, 0.0236511
274.864, 0.0236511
274.924, 0.0236511
274.985, 0.0236511
275.048, 0.0236511
275.108, 0.0236511
275.17, 0.0236511
275.233, 0.0236511
275.293, 0.0236511
275.354, 0.0236511
275.417, 0.0236511
275.482, 0.0236511
275.542, 0.0236511
275.603, 0.0236511
275.666, 0.0236511
275.731, 0.0236511
275.797, 0.0236511
275.865, 0.0236511
275.925, 0.0236511
275.987, 0.0236511
276.047, 0.0236511
276.108, 0.0236511
276.168, 0.0236511
276.23, 0.0236511
276.29, 0.0236511
276.351, 0.0236511
276.414, 0.0236511
276.474, 0.0236511
276.536, 0.0236511
276.596, 0.0236511
276.657, 0.0236511
276.717, 0.0236511
276.779, 0.0236511
276.839, 0.0236511
276.9, 0.0236511
276.963, 0.0236511
277.028, 0.0236511
277.088, 0.0236511
277.149, 0.0236511
277.212, 0.0236511
277.277, 0.0236511
277.343, 0.0236511
277.411, 0.0236511
277.481, 0.0236511
277.541, 0.0236511
277.602, 0.0236511
277.662, 0.0236511
277.724, 0.0236511
277.787, 0.0236511
277.851, 0.0236511
277.917, 0.0236511
277.985, 0.0236511
278.055, 0.0236511
278.115, 0.0236511
278.176, 0.0236511
278.239, 0.0236511
278.299, 0.0236511
278.361, 0.0236511
278.421, 0.0236511
278.482, 0.0236511
278.545, 0.0236511
278.605, 0.0236511
278.667, 0.0236511
278.73, 0.0236511
278.79, 0.0236511
278.85, 0.0236511
278.912, 0.0236511
278.975, 0.0236511
279.039, 0.0236511
279.105, 0.0236511
279.173, 0.0236511
279.243, 0.0236511
279.303, 0.0236511
279.364, 0.0236511
279.424, 0.0236511
279.484, 0.0236511
279.546, 0.0236511
279.609, 0.0236511
279.669, 0.0236511
279.73, 0.0236511
279.793, 0.0236511
279.853, 0.0236511
279.915, 0.0236511
279.978, 0.0236511
280.043, 0.0236511
280.109, 0.0236511
280.177, 0.0236511
280.237, 0.0236511
280.298, 0.0236511
280.361, 0.0236511
280.426, 0.0236511
280.492, 0.0236511
280.552, 0.0236511
280.614, 0.0236511
280.677, 0.0236511
280.737, 0.0236511
280.798, 0.0236511
280.861, 0.0236511
280.921, 0.0236511
280.983, 0.0236511
281.043, 0.0236511
281.104, 0.0236511
281.167, 0.0236511
281.232, 0.0236511
281.298, 0.0236511
281.358, 0.0236511
281.42, 0.0236511
281.483, 0.0236511
281.543, 0.0236511
281.604, 0.0236511
281.664, 0.0236511
281.726, 0.0236511
281.786, 0.0236511
281.847, 0.0236511
281.907, 0.0236511
281.969, 0.0236511
282.032, 0.0236511
282.096, 0.0236511
282.156, 0.0236511
282.218, 0.0236511
282.278, 0.0236511
282.338, 0.0236511
282.399, 0.0236511
282.459, 0.0236511
282.521, 0.0236511
282.584, 0.0236511
282.648, 0.0236511
282.715, 0.0236511
282.782, 0.0236511
282.852, 0.0236511
282.923, 0.0236511
282.996, 0.0236511
283.056, 0.0236511
283.118, 0.0236511
283.178, 0.0236511
283.239, 0.0236511
283.303, 0.0236511
283.367, 0.0236511
283.433, 0.0236511
283.501, 0.0236511
283.571, 0.0236511
283.642, 0.0236511
283.715, 0.0236511
283.79, 0.0236511
283.85, 0.0236511
283.912, 0.0236511
283.972, 0.0236511
284.033, 0.0236511
284.096, 0.0236511
284.156, 0.0236511
284.218, 0.0236511
284.281, 0.0236511
284.345, 0.0236511
284.412, 0.0236511
284.472, 0.0236511
284.533, 0.0236511
284.596, 0.0236511
284.656, 0.0236511
284.718, 0.0236511
284.778, 0.0236511
284.838, 0.0236511
284.899, 0.0236511
284.962, 0.0236511
285.022, 0.0236511
