0.06, 477.418035969
0.12, 477.135937163
0.1815, 477.133537816
0.244537, 477.131091776
0.309151, 477.128614868
0.37538, 477.126094161
0.443264, 477.123618816
0.512846, 477.121197933
0.584167, 477.118747514
0.657271, 477.116264604
0.732203, 477.113746405
0.809008, 477.111188610
0.887733, 477.108596301
0.968427, 477.105969639
1.05114, 477.103298612
1.13592, 477.100598817
1.22281, 477.097849009
1.31188, 477.095074472
1.40318, 477.092258844
1.49676, 477.089402485
1.59268, 477.086515636
1.691, 477.083591387
1.79177, 477.080628417
1.89507, 477.077629605
2.00094, 477.074592320
2.10947, 477.071518251
2.2207, 477.068412549
2.33472, 477.065268080
2.45159, 477.062088146
2.57138, 477.058870285
2.69416, 477.055639683
2.82002, 477.052380588
2.94902, 477.049049679
3.08124, 477.045684320
3.21677, 477.042283662
3.35569, 477.038849003
3.49808, 477.035387793
3.64404, 477.031887886
3.79364, 477.028354837
3.94698, 477.024791715
4.10415, 477.021197579
4.26526, 477.017568541
4.43039, 477.013906467
4.59965, 477.010217848
4.77314, 477.006495439
4.95097, 477.002737726
5.13324, 476.998959236
5.32007, 476.995141986
5.51157, 476.991294789
5.70786, 476.987422697
5.90906, 476.983516491
6.11529, 476.979580431
6.32667, 476.975612085
6.54334, 476.971612259
6.76542, 476.967588716
6.99306, 476.963528361
7.22638, 476.959437718
7.46554, 476.955318558
7.71068, 476.951169460
7.96195, 476.946991006
8.2195, 476.942775878
8.48348, 476.938540198
8.75407, 476.934265599
9.03142, 476.929955704
9.31571, 476.925613051
9.6071, 476.921236931
9.90578, 476.916826509
10.2119, 476.912375769
10.5257, 476.907892319
10.8474, 476.903373704
11.177, 476.898816186
11.515, 476.894224089
11.8613, 476.889590350
12.2164, 476.884921540
12.5803, 476.880195091
12.9533, 476.875440052
13.3356, 476.870640190
13.7275, 476.866135463
14.1292, 476.861818828
14.5409, 476.857464320
14.963, 476.853097700
15.3955, 476.848688774
15.8389, 476.844214617
16.2934, 476.839678550
16.7592, 476.835100563
17.2367, 476.830483433
17.7261, 476.825824824
18.2278, 476.821120590
18.742, 476.816373926
19.269, 476.811969280
19.8093, 476.807789445
20.363, 476.803489882
20.9306, 476.799148596
21.5123, 476.794768619
22.1086, 476.790352940
22.7198, 476.785879959
23.3463, 476.781354541
23.9885, 476.776789504
24.6467, 476.772181921
25.3214, 476.767524428
26.0129, 476.762822039
26.7217, 476.758072414
27.4483, 476.753272809
28.193, 476.748436066
28.9563, 476.743554177
29.7387, 476.739255140
30.5407, 476.735086657
31.3627, 476.730811295
32.2053, 476.726506350
33.0689, 476.722162746
33.9541, 476.717786658
34.8615, 476.713865394
35.7915, 476.710349207
36.7448, 476.706656574
37.7219, 476.702935624
38.7235, 476.699198400
39.7501, 476.695434371
40.8023, 476.691654836
41.8809, 476.687998136
42.9864, 476.685306193
44.1196, 476.682266550
45.281, 476.679206230
46.4716, 476.676160620
47.6919, 476.673119945
48.9427, 476.670042920
50.2247, 476.668064572
51.5388, 476.665729280
52.8858, 476.663331976
54.2665, 476.660952083
55.6816, 476.658594093
57.1322, 476.656253928
58.619, 476.653930483
60.1429, 476.651618675
61.705, 476.649322828
63.3061, 476.647044550
64.9473, 476.644797288
66.6295, 476.642655218
68.3537, 476.640398562
70.1211, 476.638154602
71.9326, 476.635934889
73.7894, 476.633706464
75.6926, 476.631485956
77.6434, 476.629268940
79.643, 476.627089841
81.6926, 476.624951197
83.7934, 476.622799929
85.9468, 476.620586599
88.1539, 476.618370880
90.4163, 476.616153079
92.7352, 476.613938709
95.1121, 476.611725016
97.5484, 476.609507644
100.046, 476.607288598
102.605, 476.605062660
105.229, 476.602833618
107.918, 476.600601189
110.675, 476.598362077
113.5, 476.596111554
116.396, 476.593861972
119.364, 476.591601262
122.407, 476.589505284
125.526, 476.588788727
128.722, 476.587074913
131.999, 476.586225830
135.357, 476.585575282
138.8, 476.584434462
142.328, 476.583245287
145.945, 476.582100839
149.652, 476.580988628
153.452, 476.579892466
157.347, 476.578833642
161.339, 476.577948593
165.431, 476.576982174
169.625, 476.575991520
173.924, 476.575007704
178.331, 476.574043066
182.847, 476.573083861
187.477, 476.572134600
192.223, 476.571198763
197.087, 476.570288242
202.072, 476.569398903
207.183, 476.568469380
212.421, 476.567559980
217.79, 476.566655500
223.293, 476.567016372
223.353, 476.566361441
223.414, 476.566359282
223.477, 476.566359058
223.542, 476.566352816
223.608, 476.566349205
223.676, 476.566344068
223.746, 476.566343723
223.817, 476.566336610
223.89, 476.566331330
223.965, 476.566326664
224.042, 476.566319169
224.121, 476.566317758
224.201, 476.566308086
224.284, 476.566306539
224.369, 476.566302453
224.456, 476.566295829
224.545, 476.566292499
224.636, 476.566285566
224.73, 476.566278201
224.826, 476.566275357
224.924, 476.566268197
225.025, 476.566259963
225.128, 476.566260174
225.188, 476.566241243
225.249, 476.566233723
225.313, 476.566234585
225.373, 476.566228261
225.434, 476.566221117
225.497, 476.566219948
225.562, 476.566218493
225.628, 476.566210705
225.696, 476.566209249
225.765, 476.566202554
225.837, 476.566198970
225.91, 476.566194791
225.985, 476.566190784
226.062, 476.566189969
226.14, 476.566180041
226.221, 476.566179366
226.304, 476.566169745
226.388, 476.566165087
226.475, 476.566161117
226.564, 476.566155408
226.656, 476.566147283
226.749, 476.566141699
226.845, 476.566137447
226.944, 476.566133561
227.044, 476.566128222
227.148, 476.566125840
227.253, 476.566116733
227.362, 476.566112611
227.473, 476.566104094
227.587, 476.566097968
227.704, 476.566090592
227.824, 476.566081294
227.947, 476.566075509
228.073, 476.566069188
228.202, 476.566061279
228.334, 476.566053353
228.469, 476.566044913
228.608, 476.566037345
228.751, 476.566032799
228.897, 476.566017730
229.046, 476.566010686
229.2, 476.566005463
229.357, 476.565992808
229.518, 476.565984824
229.683, 476.565976900
229.852, 476.565965570
230.026, 476.565959617
230.203, 476.565947443
230.386, 476.565936986
230.573, 476.565927129
230.764, 476.565914144
230.96, 476.565902935
231.162, 476.565894100
231.368, 476.565882281
231.579, 476.565868095
231.796, 476.565860778
232.018, 476.565847352
232.246, 476.565832018
232.479, 476.565818149
232.718, 476.565806578
232.963, 476.565792951
233.214, 476.565780049
233.472, 476.565765288
233.736, 476.565752463
234.007, 476.565737896
234.284, 476.565717589
234.568, 476.565702758
234.86, 476.565692022
235.158, 476.565671382
235.464, 476.565654861
235.778, 476.565639912
236.1, 476.565625830
236.43, 476.565606279
236.768, 476.565590888
237.114, 476.565569905
237.469, 476.565548544
237.833, 476.565533471
238.206, 476.565514921
238.588, 476.565493903
238.98, 476.565471351
239.382, 476.565447829
239.793, 476.565428219
240.215, 476.565409901
240.648, 476.565389380
241.091, 476.565365254
241.546, 476.565341406
242.012, 476.565322528
242.489, 476.565296161
242.979, 476.565268848
243.48, 476.565255681
243.995, 476.565228850
244.522, 476.565203929
245.062, 476.565177533
245.616, 476.565149382
246.183, 476.565124222
246.765, 476.565099210
247.361, 476.565071360
247.972, 476.565038134
248.599, 476.565013676
249.241, 476.564984030
249.899, 476.564954688
250.574, 476.564920099
251.265, 476.564888181
251.974, 476.564857687
252.701, 476.564826283
253.446, 476.564793030
254.209, 476.564760433
254.991, 476.564727256
255.793, 476.564691548
256.615, 476.564656573
257.458, 476.564616731
258.321, 476.564583078
259.207, 476.564542142
260.114, 476.564500939
261.044, 476.564465775
261.997, 476.564426552
262.974, 476.564387259
263.976, 476.564343507
265.003, 476.564296520
266.055, 476.564256516
267.133, 476.564210633
268.239, 476.564166626
269.372, 476.564122467
270.534, 476.564075165
271.724, 476.564031108
272.944, 476.563983972
274.195, 476.563930565
275.477, 476.563886951
276.791, 476.563833400
278.138, 476.563779155
279.519, 476.563726555
280.934, 476.563673087
282.385, 476.563616971
283.871, 476.563561668
285.395, 476.563505045
286.958, 476.563448659
288.559, 476.563391010
290.2, 476.563332461
291.882, 476.563265920
293.606, 476.563208861
295.374, 476.563140598
297.185, 476.563080511
299.042, 476.563020033
300.945, 476.562956461
302.896, 476.562888042
304.896, 476.562818668
306.945, 476.562747083
309.046, 476.562673781
311.199, 476.562604870
313.406, 476.562530447
315.669, 476.562454468
317.988, 476.562378029
320.365, 476.562296514
322.801, 476.562221144
325.298, 476.562135274
327.858, 476.562055482
330.481, 476.561971192
333.171, 476.561885243
335.927, 476.561800838
338.752, 476.561710018
341.648, 476.561617293
344.617, 476.561529561
347.659, 476.561430903
350.778, 476.561339164
353.975, 476.561240110
357.251, 476.561141186
360.61, 476.561046724
364.052, 476.560938261
367.581, 476.560838546
371.197, 476.560730542
374.904, 476.560621254
378.704, 476.560510494
382.599, 476.560398145
386.591, 476.560283172
390.683, 476.560171519
394.877, 476.560047673
399.177, 476.559930569
403.583, 476.559811975
408.1, 476.559684329
412.73, 476.559560313
417.475, 476.559435823
422.339, 476.559303865
427.325, 476.559170575
432.435, 476.559033617
437.673, 476.558900583
443.042, 476.558754941
448.545, 476.558606694
454.186, 476.558464820
459.968, 476.558312637
465.895, 476.558201082
471.969, 476.558044045
478.195, 476.557880796
484.578, 476.557730081
491.119, 476.557563105
497.824, 476.557396236
504.697, 476.557229760
511.742, 476.557055286
518.962, 476.556881365
526.364, 476.556699483
533.95, 476.556521620
541.726, 476.556332795
549.696, 476.556147087
557.866, 476.555998884
566.24, 476.555799380
574.823, 476.555585363
583.621, 476.555383729
592.638, 476.555178845
601.881, 476.554964759
611.356, 476.554755498
621.067, 476.554533448
631.021, 476.554311601
641.223, 476.554081895
651.681, 476.553852538
662.4, 476.553614301
673.388, 476.553436272
684.649, 476.553451765
684.709, 476.552494562
684.771, 476.552497818
684.831, 476.552496646
684.892, 476.552498586
684.952, 476.552493042
685.014, 476.552492899
685.077, 476.552488813
685.142, 476.552489100
685.202, 476.552490119
685.262, 476.552488092
685.323, 476.552481715
685.386, 476.552480741
685.451, 476.552479617
685.517, 476.552482436
685.577, 476.552478134
685.638, 476.552476912
685.701, 476.552477755
685.761, 476.552475780
685.823, 476.552472683
685.886, 476.552469303
685.951, 476.552468009
686.017, 476.552469953
686.077, 476.552465099
686.138, 476.552468851
686.198, 476.552466448
686.26, 476.552462997
686.323, 476.552463598
686.383, 476.552461725
686.444, 476.552457499
686.507, 476.552456976
686.572, 476.552455130
686.638, 476.552450596
686.706, 476.552455123
686.766, 476.552449599
686.828, 476.552447523
686.891, 476.552447111
686.955, 476.552450820
687.015, 476.552444929
687.077, 476.552447223
687.137, 476.552444361
687.198, 476.552442467
687.261, 476.552439971
687.326, 476.552438554
687.392, 476.552436558
687.46, 476.552435720
687.53, 476.552435073
687.601, 476.552431664
687.674, 476.552432812
687.734, 476.552432938
687.794, 476.552430891
687.856, 476.552430478
687.919, 476.552422737
687.983, 476.552421092
688.049, 476.552416124
688.117, 476.552416771
688.177, 476.552420249
688.237, 476.552420917
688.297, 476.552418662
688.359, 476.552419910
688.419, 476.552418164
688.48, 476.552412655
688.543, 476.552410769
688.608, 476.552409137
688.674, 476.552410171
688.734, 476.552410101
688.796, 476.552405064
688.859, 476.552405127
688.919, 476.552405452
688.979, 476.552403593
689.04, 476.552400677
689.103, 476.552396652
689.168, 476.552397715
689.228, 476.552395658
689.289, 476.552395979
689.349, 476.552392369
689.411, 476.552396050
689.471, 476.552389272
689.532, 476.552389588
689.592, 476.552388884
689.654, 476.552387829
689.717, 476.552386880
689.782, 476.552381419
689.848, 476.552381565
689.908, 476.552383732
689.968, 476.552378733
690.029, 476.552378484
690.092, 476.552378182
690.157, 476.552376315
690.223, 476.552372539
690.291, 476.552374365
690.351, 476.552368700
690.413, 476.552365397
690.476, 476.552368389
690.536, 476.552367563
690.597, 476.552364367
690.66, 476.552362637
690.725, 476.552359797
690.791, 476.552362245
690.851, 476.552363345
690.911, 476.552360241
690.972, 476.552354549
691.036, 476.552355570
691.096, 476.552357404
691.156, 476.552353610
691.217, 476.552351658
691.28, 476.552350462
691.345, 476.552346953
691.411, 476.552348604
691.471, 476.552345766
691.532, 476.552341864
691.595, 476.552342108
691.655, 476.552340310
691.717, 476.552342485
691.777, 476.552340682
691.838, 476.552339853
691.901, 476.552337383
691.966, 476.552329670
692.032, 476.552333863
692.092, 476.552331009
692.154, 476.552331729
692.214, 476.552329477
692.275, 476.552330502
692.335, 476.552323784
692.397, 476.552324009
692.457, 476.552320784
692.518, 476.552323856
692.578, 476.552321064
692.64, 476.552318684
692.703, 476.552317483
692.767, 476.552315324
692.834, 476.552317878
692.894, 476.552311397
692.955, 476.552308813
693.018, 476.552312261
693.078, 476.552312252
693.14, 476.552308625
693.203, 476.552306449
693.267, 476.552307940
693.327, 476.552305398
693.389, 476.552301990
693.452, 476.552300563
693.517, 476.552300161
693.583, 476.552296899
693.651, 476.552299224
693.711, 476.552292838
693.772, 476.552295477
693.832, 476.552292096
693.894, 476.552289562
693.957, 476.552286551
694.021, 476.552289299
694.081, 476.552289544
694.141, 476.552286113
694.203, 476.552286269
694.263, 476.552286446
694.323, 476.552281188
694.384, 476.552280150
694.447, 476.552284502
694.507, 476.552275068
694.569, 476.552276449
694.629, 476.552273220
694.69, 476.552273285
694.75, 476.552270403
694.812, 476.552270706
694.872, 476.552270073
694.933, 476.552268343
694.996, 476.552269804
695.056, 476.552265405
695.118, 476.552263771
695.181, 476.552266201
695.241, 476.552260179
695.302, 476.552258990
695.365, 476.552259395
695.425, 476.552255372
695.487, 476.552256049
695.547, 476.552252515
695.608, 476.552255055
695.668, 476.552254577
695.73, 476.552253308
695.793, 476.552250401
695.858, 476.552247848
695.924, 476.552242466
695.992, 476.552246489
696.052, 476.552239210
696.113, 476.552243008
696.173, 476.552240536
696.235, 476.552240354
696.298, 476.552235819
696.362, 476.552236849
696.422, 476.552234469
696.484, 476.552234203
696.547, 476.552236111
696.607, 476.552230269
696.668, 476.552231527
696.728, 476.552228286
696.79, 476.552228306
696.85, 476.552224326
696.911, 476.552222512
696.974, 476.552223338
697.034, 476.552217814
697.096, 476.552220457
697.156, 476.552218658
697.217, 476.552218924
697.277, 476.552213956
697.339, 476.552211664
697.402, 476.552211722
697.462, 476.552212946
697.522, 476.552210445
697.583, 476.552206705
697.647, 476.552208737
697.707, 476.552206387
697.768, 476.552207198
697.828, 476.552205519
697.89, 476.552201586
697.953, 476.552197177
698.017, 476.552200899
698.077, 476.552193015
698.139, 476.552199257
698.199, 476.552194455
698.26, 476.552194727
698.32, 476.552192992
698.382, 476.552192049
698.445, 476.552190410
698.509, 476.552189306
698.576, 476.552184672
698.643, 476.552183514
698.713, 476.552186660
698.773, 476.552183680
698.835, 476.552184744
698.895, 476.552180060
698.956, 476.552178491
699.019, 476.552174971
699.084, 476.552174624
699.15, 476.552171097
699.218, 476.552171025
699.287, 476.552170502
699.359, 476.552171443
699.419, 476.552167404
699.48, 476.552166232
699.543, 476.552168410
699.603, 476.552160725
699.665, 476.552162701
699.725, 476.552160764
699.786, 476.552160188
699.849, 476.552160486
699.909, 476.552156339
699.971, 476.552156166
700.034, 476.552154091
700.098, 476.552152057
700.165, 476.552153151
700.225, 476.552146611
700.286, 476.552148793
700.346, 476.552152553
700.406, 476.552147081
700.468, 476.552144959
700.531, 476.552145334
700.591, 476.552140606
700.652, 476.552142198
700.712, 476.552138770
700.774, 476.552140940
700.834, 476.552133948
700.895, 476.552135755
700.955, 476.552133801
701.017, 476.552130968
701.08, 476.552130299
701.144, 476.552130002
701.211, 476.552129111
701.278, 476.552131063
701.338, 476.552125182
701.4, 476.552123360
701.463, 476.552125188
701.523, 476.552121535
701.584, 476.552120371
701.648, 476.552120177
701.712, 476.552120442
701.772, 476.552118547
701.834, 476.552117776
701.897, 476.552117039
701.961, 476.552112034
702.028, 476.552111618
702.095, 476.552108553
702.165, 476.552107053
702.236, 476.552106368
702.309, 476.552103913
702.384, 476.552103120
702.461, 476.552098199
702.54, 476.552104711
702.6, 476.552101751
702.661, 476.552096047
702.724, 476.552094178
702.789, 476.552099262
702.849, 476.552093676
702.911, 476.552094725
702.971, 476.552089309
703.032, 476.552094391
703.092, 476.552090823
703.154, 476.552090847
703.214, 476.552089020
703.275, 476.552085363
703.338, 476.552085574
703.398, 476.552080915
703.46, 476.552080827
703.523, 476.552081080
703.583, 476.552076162
703.644, 476.552075809
703.707, 476.552076985
703.767, 476.552071133
703.829, 476.552075088
703.889, 476.552075029
703.95, 476.552073832
704.013, 476.552069340
704.078, 476.552067110
704.144, 476.552064431
704.212, 476.552065461
704.272, 476.552064080
704.333, 476.552062021
704.396, 476.552058033
704.461, 476.552055950
704.527, 476.552057758
704.587, 476.552056567
704.649, 476.552052717
704.712, 476.552051464
704.776, 476.552047749
704.843, 476.552050755
704.903, 476.552048029
704.964, 476.552045367
705.027, 476.552044311
705.092, 476.552045643
705.152, 476.552040914
705.213, 476.552037745
705.276, 476.552042286
705.336, 476.552038953
705.398, 476.552037787
705.461, 476.552037165
705.525, 476.552034525
705.592, 476.552030374
705.66, 476.552030254
705.729, 476.552028221
705.8, 476.552028514
705.86, 476.552025955
705.922, 476.552026852
705.982, 476.552022789
706.043, 476.552019540
706.107, 476.552023141
706.167, 476.552022555
706.228, 476.552018500
706.291, 476.552014197
706.356, 476.552015022
706.416, 476.552015022
706.477, 476.552014907
706.54, 476.552010900
706.605, 476.552010297
706.671, 476.552006240
706.739, 476.552007620
706.799, 476.552006838
706.86, 476.552009018
706.92, 476.552005170
706.982, 476.552001224
707.045, 476.551999422
707.11, 476.551999767
707.17, 476.551995182
707.231, 476.551997052
707.291, 476.551998886
707.351, 476.551994614
707.413, 476.551990518
707.476, 476.551992632
707.536, 476.551992668
707.596, 476.551989306
707.657, 476.551987599
707.72, 476.551987155
707.785, 476.551982226
707.851, 476.551983282
707.911, 476.551980225
707.973, 476.551979750
708.036, 476.551979293
708.1, 476.551974517
708.166, 476.551973410
708.234, 476.551973296
708.304, 476.551972184
708.375, 476.551969474
708.448, 476.551970781
708.508, 476.551967692
708.57, 476.551970778
708.63, 476.551966840
708.691, 476.551961400
708.754, 476.551965757
708.814, 476.551964152
708.876, 476.551960705
708.939, 476.551957534
709.003, 476.551954704
709.07, 476.551955745
709.13, 476.551956263
709.19, 476.551953267
709.251, 476.551955215
709.311, 476.551949989
709.373, 476.551949064
709.436, 476.551948791
709.5, 476.551943113
709.567, 476.551944677
709.627, 476.551940986
709.688, 476.551945567
709.748, 476.551943759
709.81, 476.551940540
709.873, 476.551941815
709.933, 476.551939966
709.994, 476.551939875
710.057, 476.551936746
710.122, 476.551931682
710.188, 476.551931482
710.256, 476.551929334
710.325, 476.551928664
710.397, 476.551927550
710.47, 476.551925414
710.545, 476.551924750
710.622, 476.551921718
710.7, 476.551921766
710.76, 476.551918358
710.822, 476.551916615
710.885, 476.551919609
710.945, 476.551917239
711.006, 476.551913048
711.069, 476.551911691
711.134, 476.551911428
711.2, 476.551907373
711.268, 476.551903902
711.338, 476.551905595
711.398, 476.551903046
711.459, 476.551904239
711.519, 476.551902360
711.581, 476.551901549
711.644, 476.551899180
711.708, 476.551896182
711.775, 476.551898431
711.835, 476.551894580
711.896, 476.551896677
711.956, 476.551891203
712.018, 476.551896876
712.078, 476.551892107
712.139, 476.551890447
712.202, 476.551886642
712.267, 476.551884657
712.333, 476.551885590
712.393, 476.551882309
712.454, 476.551880619
712.518, 476.551881263
712.578, 476.551881849
712.638, 476.551878047
712.699, 476.551875755
712.762, 476.551875973
712.822, 476.551871376
712.884, 476.551873208
712.944, 476.551872626
713.005, 476.551867963
713.068, 476.551868851
713.128, 476.551866039
713.19, 476.551870107
713.25, 476.551865899
713.311, 476.551862750
713.374, 476.551861594
713.439, 476.551858448
713.505, 476.551856572
713.573, 476.551855601
713.642, 476.551850573
713.714, 476.551851470
713.774, 476.551851580
713.834, 476.551851939
713.894, 476.551849869
713.955, 476.551849789
714.018, 476.551850161
714.078, 476.551844432
714.14, 476.551849004
714.2, 476.551841568
714.261, 476.551842808
714.321, 476.551842874
714.381, 476.551836935
714.443, 476.551838237
714.503, 476.551835999
714.564, 476.551838576
714.624, 476.551837407
714.686, 476.551834174
714.749, 476.551832049
714.813, 476.551829396
714.88, 476.551826954
714.948, 476.551827742
715.008, 476.551824991
715.069, 476.551822568
715.132, 476.551820966
715.197, 476.551821196
715.257, 476.551821857
715.317, 476.551820298
715.378, 476.551816795
715.441, 476.551816098
715.506, 476.551816659
715.566, 476.551815404
715.627, 476.551812429
715.69, 476.551811644
715.755, 476.551813383
715.815, 476.551807674
715.877, 476.551807934
715.937, 476.551806351
715.998, 476.551803907
716.061, 476.551801869
716.126, 476.551806302
716.186, 476.551803170
716.247, 476.551801168
716.31, 476.551799325
716.375, 476.551798929
716.441, 476.551794557
716.509, 476.551792257
716.579, 476.551793103
716.639, 476.551789397
716.7, 476.551789357
716.763, 476.551788623
716.828, 476.551784311
716.894, 476.551786386
716.954, 476.551783873
717.015, 476.551783779
717.078, 476.551782169
717.143, 476.551779158
717.209, 476.551779815
717.269, 476.551776066
717.331, 476.551776647
717.391, 476.551775163
717.452, 476.551773714
717.515, 476.551772702
717.58, 476.551766445
717.646, 476.551765890
717.714, 476.551767648
717.774, 476.551766057
717.836, 476.551764436
717.899, 476.551761733
717.963, 476.551761223
718.029, 476.551761516
718.089, 476.551757298
718.151, 476.551760152
718.211, 476.551755294
718.272, 476.551751556
718.335, 476.551753080
718.395, 476.551750263
718.457, 476.551751094
718.517, 476.551751525
718.577, 476.551745880
718.638, 476.551747485
718.698, 476.551743978
718.76, 476.551743639
718.823, 476.551742618
718.888, 476.551739684
718.954, 476.551738919
719.022, 476.551739047
719.082, 476.551737798
719.143, 476.551740135
719.203, 476.551736656
719.265, 476.551733439
719.328, 476.551731289
719.392, 476.551730088
719.459, 476.551729708
719.526, 476.551728494
719.596, 476.551725247
719.667, 476.551724681
719.741, 476.551723998
719.815, 476.551724805
719.875, 476.551720396
719.937, 476.551720858
719.997, 476.551716073
720.058, 476.551714592
720.121, 476.551712448
720.186, 476.551715631
720.246, 476.551712405
720.308, 476.551710443
720.371, 476.551706866
720.435, 476.551707322
720.495, 476.551704988
720.557, 476.551710335
720.617, 476.551704568
720.678, 476.551701829
720.741, 476.551699184
720.806, 476.551698819
720.872, 476.551701364
720.932, 476.551696415
720.994, 476.551696004
721.057, 476.551695151
721.121, 476.551691113
721.187, 476.551692363
721.247, 476.551691359
721.309, 476.551691224
721.372, 476.551685042
721.437, 476.551686748
721.497, 476.551683146
721.558, 476.551684044
721.618, 476.551683536
721.68, 476.551682230
721.743, 476.551678843
721.807, 476.551677359
721.874, 476.551677308
721.941, 476.551672213
722.011, 476.551669826
722.082, 476.551670373
722.142, 476.551672897
722.202, 476.551669356
722.264, 476.551666954
722.327, 476.551664316
722.391, 476.551667347
722.451, 476.551662539
722.513, 476.551663369
722.573, 476.551659269
722.634, 476.551662362
722.694, 476.551657789
722.756, 476.551659387
722.816, 476.551654082
722.877, 476.551653172
722.941, 476.551654085
723.001, 476.551656478
723.061, 476.551651244
723.122, 476.551648420
723.185, 476.551648793
723.245, 476.551650110
723.305, 476.551641141
723.367, 476.551646962
723.427, 476.551643112
723.488, 476.551643046
723.551, 476.551641434
723.616, 476.551639341
723.682, 476.551639231
723.75, 476.551636479
723.819, 476.551636096
723.891, 476.551636563
723.951, 476.551633709
724.012, 476.551627558
724.075, 476.551632086
724.135, 476.551628994
724.197, 476.551623990
724.26, 476.551625585
724.32, 476.551624523
724.381, 476.551620502
724.444, 476.551619344
724.509, 476.551622801
724.569, 476.551616248
724.63, 476.551613747
724.693, 476.551614039
724.753, 476.551611008
724.815, 476.551610231
724.878, 476.551612178
724.938, 476.551613217
724.998, 476.551611114
725.06, 476.551608097
725.123, 476.551605631
725.187, 476.551605626
725.253, 476.551601032
725.321, 476.551603058
725.381, 476.551599698
725.443, 476.551600589
725.503, 476.551596137
725.564, 476.551595114
725.627, 476.551598364
725.687, 476.551592818
725.749, 476.551591888
725.812, 476.551594024
725.872, 476.551587393
725.933, 476.551586383
725.996, 476.551586309
726.061, 476.551583482
726.127, 476.551583218
726.195, 476.551582668
726.265, 476.551584837
726.325, 476.551577945
726.386, 476.551577780
726.449, 476.551580087
726.509, 476.551572427
726.571, 476.551575113
726.631, 476.551573656
726.692, 476.551571505
726.755, 476.551571519
726.815, 476.551567165
726.877, 476.551569585
726.937, 476.551568815
726.998, 476.551568421
727.061, 476.551561800
727.126, 476.551563872
727.186, 476.551559274
727.247, 476.551562349
727.307, 476.551560569
727.369, 476.551561715
727.429, 476.551556691
727.49, 476.551554553
727.553, 476.551551561
727.618, 476.551552192
727.678, 476.551547190
727.74, 476.551549576
727.8, 476.551545687
727.861, 476.551546632
727.921, 476.551545972
727.983, 476.551543150
728.046, 476.551543233
728.106, 476.551543255
728.166, 476.551538726
728.227, 476.551539491
728.287, 476.551532222
728.349, 476.551537436
728.409, 476.551530043
728.47, 476.551532509
728.53, 476.551531911
728.592, 476.551533596
728.652, 476.551527225
728.713, 476.551529545
728.773, 476.551525119
728.835, 476.551526993
728.895, 476.551525964
728.956, 476.551525628
729.019, 476.551522046
729.084, 476.551521323
729.15, 476.551518806
729.218, 476.551518246
729.287, 476.551513068
729.359, 476.551518082
729.419, 476.551510419
729.48, 476.551510050
729.543, 476.551511309
729.603, 476.551508726
729.665, 476.551512123
729.725, 476.551505077
729.786, 476.551509307
729.846, 476.551501714
729.908, 476.551504888
729.968, 476.551504196
730.029, 476.551503630
730.092, 476.551499669
730.157, 476.551497151
730.223, 476.551494754
730.291, 476.551491666
730.361, 476.551495536
730.421, 476.551490101
730.482, 476.551491353
730.542, 476.551488408
730.604, 476.551490875
730.664, 476.551483974
730.725, 476.551484960
730.785, 476.551482469
730.847, 476.551484257
730.907, 476.551479388
730.968, 476.551480008
731.028, 476.551476154
731.09, 476.551479109
731.15, 476.551475596
731.211, 476.551477076
731.271, 476.551475633
731.333, 476.551470760
731.396, 476.551469762
731.46, 476.551473509
731.52, 476.551468312
731.582, 476.551469085
731.642, 476.551466016
731.703, 476.551462205
731.766, 476.551462648
731.826, 476.551458427
731.888, 476.551459408
731.948, 476.551455257
732.009, 476.551461807
732.069, 476.551455984
732.131, 476.551456466
732.191, 476.551453899
732.252, 476.551455804
732.312, 476.551450786
732.374, 476.551449614
732.437, 476.551446677
732.501, 476.551447938
732.561, 476.551444049
732.623, 476.551443211
732.686, 476.551445239
732.746, 476.551439837
732.808, 476.551440238
732.868, 476.551435470
732.929, 476.551438484
732.989, 476.551435778
733.051, 476.551435529
733.114, 476.551434187
733.178, 476.551431464
733.244, 476.551434236
733.304, 476.551428477
733.366, 476.551431847
733.426, 476.551425933
733.487, 476.551429130
733.547, 476.551422611
733.609, 476.551423698
733.669, 476.551423501
733.73, 476.551419839
733.793, 476.551419313
733.858, 476.551419263
733.924, 476.551416036
733.992, 476.551414819
734.062, 476.551413543
734.133, 476.551413197
734.206, 476.551409478
734.281, 476.551411168
734.341, 476.551405508
734.403, 476.551405785
734.463, 476.551401284
734.524, 476.551406346
734.584, 476.551401164
734.646, 476.551401073
734.709, 476.551400187
734.773, 476.551400206
734.833, 476.551396360
734.895, 476.551396489
734.955, 476.551393336
735.016, 476.551393961
735.076, 476.551390704
735.138, 476.551393935
735.198, 476.551391487
735.259, 476.551390547
735.322, 476.551386864
735.387, 476.551389077
735.447, 476.551382916
735.508, 476.551382827
735.571, 476.551379558
735.636, 476.551376864
735.702, 476.551378594
735.762, 476.551375691
735.824, 476.551375087
735.887, 476.551374019
735.951, 476.551374339
736.011, 476.551367294
736.073, 476.551368311
736.133, 476.551365597
736.194, 476.551368954
736.254, 476.551366238
736.316, 476.551362880
736.379, 476.551358991
736.444, 476.551357670
736.51, 476.551360839
736.57, 476.551358435
736.631, 476.551357641
736.694, 476.551354908
736.759, 476.551355569
736.819, 476.551352763
736.88, 476.551354001
736.94, 476.551352114
737.002, 476.551347947
737.065, 476.551349675
737.125, 476.551347469
737.187, 476.551345795
737.25, 476.551344619
737.314, 476.551343914
737.38, 476.551341628
737.448, 476.551339492
737.518, 476.551338765
737.589, 476.551339019
737.649, 476.551331722
737.711, 476.551332120
737.771, 476.551333254
737.831, 476.551331584
737.892, 476.551330909
737.955, 476.551330312
738.02, 476.551329613
738.086, 476.551325248
738.154, 476.551327280
738.214, 476.551320794
738.275, 476.551323238
738.335, 476.551318923
738.397, 476.551323914
738.457, 476.551316194
738.518, 476.551317968
738.578, 476.551317524
738.64, 476.551311036
738.703, 476.551316358
738.763, 476.551309214
738.824, 476.551312020
738.884, 476.551311440
738.946, 476.551310867
739.009, 476.551304766
739.074, 476.551303429
739.14, 476.551302265
739.208, 476.551302674
739.268, 476.551299282
739.329, 476.551298465
739.392, 476.551300884
739.452, 476.551295045
739.514, 476.551298239
739.574, 476.551291541
739.635, 476.551291569
739.695, 476.551291864
739.755, 476.551294792
739.815, 476.551290157
739.877, 476.551291187
739.937, 476.551287216
739.998, 476.551286708
740.061, 476.551285250
740.126, 476.551281624
740.192, 476.551280132
740.26, 476.551280128
740.33, 476.551279862
740.401, 476.551277472
740.474, 476.551277848
740.534, 476.551270936
740.596, 476.551270869
740.659, 476.551272766
740.719, 476.551270043
740.78, 476.551271844
740.84, 476.551266632
740.902, 476.551266874
740.962, 476.551266648
741.023, 476.551263429
741.086, 476.551265002
741.146, 476.551262775
741.208, 476.551258829
741.271, 476.551254557
741.335, 476.551259081
741.395, 476.551253055
741.457, 476.551250533
741.52, 476.551253715
741.58, 476.551249622
741.641, 476.551253400
741.701, 476.551249546
741.763, 476.551252949
741.823, 476.551248415
741.884, 476.551243666
741.947, 476.551246675
742.007, 476.551239942
742.069, 476.551240185
742.129, 476.551239418
742.19, 476.551240324
742.25, 476.551239383
742.312, 476.551238851
742.375, 476.551237474
742.44, 476.551231162
742.506, 476.551231774
742.566, 476.551229653
742.627, 476.551227206
742.69, 476.551225667
742.755, 476.551227021
742.815, 476.551225356
742.876, 476.551224703
742.939, 476.551221810
743.004, 476.551219445
743.07, 476.551218988
743.138, 476.551214379
743.208, 476.551220710
743.268, 476.551214414
743.329, 476.551213706
743.392, 476.551213783
743.452, 476.551210460
743.514, 476.551211733
743.574, 476.551203302
743.635, 476.551209366
743.695, 476.551204407
743.757, 476.551204666
743.817, 476.551201040
743.878, 476.551202289
743.938, 476.551196801
744, 476.551199292
744.06, 476.551199461
744.12, 476.551194067
744.181, 476.551196435
744.241, 476.551190272
744.303, 476.551195044
744.363, 476.551189371
744.424, 476.551193978
744.484, 476.551187908
744.546, 476.551186938
744.609, 476.551185800
744.673, 476.551185120
744.74, 476.551185000
744.808, 476.551181980
744.877, 476.551180836
744.948, 476.551182247
745.008, 476.551176109
745.07, 476.551174473
745.133, 476.551176037
745.193, 476.551171253
745.254, 476.551175987
745.314, 476.551172390
745.376, 476.551169665
745.439, 476.551170318
745.499, 476.551167334
745.561, 476.551165421
745.624, 476.551167460
745.684, 476.551164317
745.745, 476.551162044
745.808, 476.551158501
745.873, 476.551159688
745.933, 476.551158373
745.994, 476.551157438
746.057, 476.551156862
746.122, 476.551152441
746.188, 476.551150387
746.256, 476.551150865
746.316, 476.551149760
746.377, 476.551147251
746.441, 476.551149620
746.501, 476.551144974
746.562, 476.551146348
746.622, 476.551143633
746.684, 476.551144879
746.744, 476.551141084
746.805, 476.551138949
746.868, 476.551141681
746.928, 476.551141271
746.99, 476.551137239
747.053, 476.551132647
747.117, 476.551135017
747.177, 476.551128323
747.239, 476.551131848
747.299, 476.551132416
747.359, 476.551126170
747.42, 476.551125675
747.483, 476.551124946
747.548, 476.551129281
747.608, 476.551120317
747.669, 476.551118831
747.732, 476.551116354
747.797, 476.551117348
747.857, 476.551115818
747.918, 476.551115804
747.982, 476.551114072
748.046, 476.551111616
748.112, 476.551111660
748.172, 476.551109666
748.234, 476.551110428
748.294, 476.551105892
748.355, 476.551108604
748.415, 476.551103481
748.477, 476.551104323
748.537, 476.551103491
748.598, 476.551103102
748.661, 476.551104152
748.721, 476.551100031
748.783, 476.551100332
748.843, 476.551096394
748.904, 476.551098942
748.964, 476.551092276
749.026, 476.551096449
749.086, 476.551090528
749.147, 476.551092438
749.207, 476.551086319
749.269, 476.551089915
749.329, 476.551085984
749.39, 476.551083625
749.453, 476.551085570
749.513, 476.551083864
749.575, 476.551081620
749.638, 476.551082352
749.698, 476.551077915
749.759, 476.551075811
749.823, 476.551072558
749.887, 476.551070769
749.953, 476.551069643
750.021, 476.551069736
750.081, 476.551065663
750.143, 476.551068440
750.203, 476.551069524
750.263, 476.551070022
750.323, 476.551066071
750.384, 476.551064744
750.447, 476.551059727
750.512, 476.551061492
750.572, 476.551058858
750.633, 476.551058135
750.696, 476.551056018
750.761, 476.551055621
750.827, 476.551055015
750.895, 476.551053587
750.965, 476.551055489
751.025, 476.551047911
751.086, 476.551051961
751.146, 476.551044448
751.208, 476.551041966
751.271, 476.551042864
751.331, 476.551041407
751.392, 476.551042481
751.452, 476.551040270
751.514, 476.551040744
751.574, 476.551038190
751.635, 476.551036532
751.698, 476.551038881
751.758, 476.551034517
751.82, 476.551037681
751.88, 476.551030899
751.941, 476.551033306
752.001, 476.551027251
752.063, 476.551029118
752.123, 476.551026620
752.184, 476.551029524
752.244, 476.551025404
752.306, 476.551024709
752.369, 476.551024774
752.429, 476.551016366
752.49, 476.551020713
752.55, 476.551015245
752.612, 476.551016280
752.672, 476.551010547
752.733, 476.551012645
752.793, 476.551011228
752.855, 476.551009169
752.918, 476.551011510
752.978, 476.551008101
753.039, 476.551006723
753.102, 476.551003502
753.167, 476.551003882
753.227, 476.551002786
753.289, 476.551005809
753.349, 476.551002950
753.41, 476.550999513
753.473, 476.550997810
753.538, 476.550997263
753.604, 476.550995704
753.672, 476.550992180
753.741, 476.551000403
753.801, 476.550989655
753.863, 476.550992672
753.923, 476.550989229
753.984, 476.550987841
754.047, 476.550987693
754.112, 476.550986485
754.178, 476.550981659
754.246, 476.550984341
754.306, 476.550983526
754.368, 476.550982490
754.431, 476.550976863
754.495, 476.550977555
754.555, 476.550975072
754.617, 476.550974831
754.68, 476.550970394
754.744, 476.550968484
754.811, 476.550967134
754.879, 476.550967205
754.939, 476.550964375
755, 476.550965196
755.06, 476.550960934
755.122, 476.550960973
755.182, 476.550960921
755.243, 476.550962553
755.303, 476.550958414
755.365, 476.550956593
755.428, 476.550955006
755.492, 476.550952135
755.558, 476.550953880
755.618, 476.550952462
755.68, 476.550950089
755.743, 476.550949200
755.808, 476.550949142
755.874, 476.550946818
755.942, 476.550945513
756.011, 476.550944968
756.083, 476.550943968
756.156, 476.550942597
756.231, 476.550941494
756.307, 476.550938271
756.386, 476.550937005
756.467, 476.550936246
756.55, 476.550933578
756.634, 476.550930174
756.721, 476.550928141
756.81, 476.550928032
756.902, 476.550924415
756.995, 476.550925477
757.055, 476.550922988
757.117, 476.550922143
757.18, 476.550919979
757.244, 476.550917946
757.311, 476.550916871
757.378, 476.550913978
757.448, 476.550911170
757.519, 476.550910895
757.592, 476.550909838
757.667, 476.550909145
757.744, 476.550906297
757.823, 476.550905501
757.904, 476.550905422
757.986, 476.550899579
758.071, 476.550898672
758.158, 476.550899718
758.218, 476.550895684
758.28, 476.550893686
758.343, 476.550891387
758.407, 476.550893311
758.467, 476.550887588
758.529, 476.550887358
758.592, 476.550884990
758.656, 476.550889271
758.716, 476.550887594
758.778, 476.550882630
758.841, 476.550884262
758.901, 476.550881647
758.962, 476.550883010
759.022, 476.550878570
759.084, 476.550878072
759.147, 476.550872286
759.212, 476.550875700
759.272, 476.550873935
759.333, 476.550876034
759.393, 476.550866701
759.455, 476.550869018
759.515, 476.550867482
759.576, 476.550867500
759.636, 476.550863841
759.698, 476.550866783
759.758, 476.550865739
759.819, 476.550862818
759.882, 476.550860570
759.947, 476.550859176
760.013, 476.550857322
760.081, 476.550856588
760.15, 476.550856596
760.21, 476.550853555
760.272, 476.550851287
760.335, 476.550851679
760.395, 476.550849268
760.456, 476.550850283
760.516, 476.550846192
760.578, 476.550847984
760.638, 476.550845733
760.699, 476.550847039
760.759, 476.550838790
760.821, 476.550846179
760.881, 476.550837286
760.942, 476.550840946
761.002, 476.550839016
761.064, 476.550837635
761.127, 476.550834050
761.192, 476.550833755
761.258, 476.550832670
761.326, 476.550830563
761.395, 476.550837589
761.455, 476.550826618
761.517, 476.550826726
761.577, 476.550822589
761.638, 476.550825743
761.698, 476.550818822
761.76, 476.550824315
761.82, 476.550821004
761.881, 476.550822034
761.941, 476.550817852
762.003, 476.550817168
762.066, 476.550816818
762.13, 476.550815087
762.197, 476.550810736
762.265, 476.550809612
762.334, 476.550811197
762.394, 476.550808498
762.456, 476.550807665
762.519, 476.550805294
762.583, 476.550806273
762.643, 476.550803605
762.705, 476.550797296
762.768, 476.550803384
762.828, 476.550797733
762.889, 476.550802867
762.949, 476.550795281
763.011, 476.550795308
763.071, 476.550790106
763.132, 476.550790840
763.192, 476.550793715
763.252, 476.550782351
763.314, 476.550790676
763.374, 476.550790484
763.435, 476.550784314
763.498, 476.550789028
763.558, 476.550780750
763.62, 476.550784181
763.68, 476.550782733
763.741, 476.550780079
763.804, 476.550780278
763.864, 476.550778788
763.926, 476.550774852
763.989, 476.550775367
764.049, 476.550772677
764.11, 476.550771958
764.173, 476.550773417
764.233, 476.550770744
764.295, 476.550768006
764.358, 476.550766353
764.423, 476.550766716
764.483, 476.550762718
764.544, 476.550762250
764.607, 476.550763032
764.667, 476.550760751
764.729, 476.550757516
764.792, 476.550756955
764.856, 476.550755133
764.923, 476.550753304
764.99, 476.550752176
765.06, 476.550750281
765.131, 476.550751124
765.191, 476.550749227
765.253, 476.550752337
765.313, 476.550745299
765.374, 476.550745439
765.434, 476.550740910
765.496, 476.550746058
765.556, 476.550743215
765.617, 476.550739201
765.68, 476.550740233
765.74, 476.550739755
765.802, 476.550736859
765.865, 476.550734489
765.929, 476.550733027
765.996, 476.550730857
766.064, 476.550730830
766.133, 476.550731371
766.193, 476.550723145
766.255, 476.550726014
766.315, 476.550721974
766.376, 476.550719955
766.439, 476.550723102
766.499, 476.550722671
766.561, 476.550719095
766.624, 476.550720482
766.684, 476.550719325
766.745, 476.550716663
766.808, 476.550710135
766.873, 476.550715643
766.933, 476.550711003
766.994, 476.550712921
767.054, 476.550710498
767.116, 476.550711717
767.176, 476.550705952
767.237, 476.550706879
767.297, 476.550705648
767.359, 476.550700320
767.422, 476.550703508
767.482, 476.550698889
767.543, 476.550700645
767.603, 476.550695770
767.665, 476.550698890
767.725, 476.550696292
767.786, 476.550691538
767.849, 476.550693578
767.909, 476.550689522
767.971, 476.550688306
768.034, 476.550686408
768.099, 476.550687728
768.159, 476.550686622
768.22, 476.550683477
768.283, 476.550684861
768.343, 476.550682010
768.405, 476.550681425
768.468, 476.550683116
768.528, 476.550677994
768.589, 476.550677576
768.652, 476.550678126
768.712, 476.550673045
768.774, 476.550676045
768.834, 476.550671469
768.895, 476.550674464
768.955, 476.550668329
769.017, 476.550668830
769.077, 476.550664612
769.138, 476.550668139
769.198, 476.550662262
769.26, 476.550660238
769.323, 476.550665424
769.383, 476.550659390
769.444, 476.550661063
769.504, 476.550657275
769.566, 476.550657621
769.626, 476.550654094
769.687, 476.550656955
769.747, 476.550650303
769.809, 476.550651687
769.869, 476.550645259
769.93, 476.550647431
769.99, 476.550646924
770.052, 476.550644991
770.115, 476.550640363
770.179, 476.550647317
770.239, 476.550641256
770.301, 476.550643273
770.361, 476.550641587
770.422, 476.550637576
770.485, 476.550634990
770.55, 476.550638024
770.61, 476.550635481
770.672, 476.550636638
770.732, 476.550633248
770.793, 476.550631969
770.856, 476.550631906
770.921, 476.550626291
770.987, 476.550629558
771.047, 476.550624689
771.108, 476.550621405
771.171, 476.550625378
771.231, 476.550620404
771.293, 476.550618472
771.356, 476.550620352
771.416, 476.550611444
771.478, 476.550618304
771.538, 476.550618098
771.599, 476.550614271
771.662, 476.550612234
771.727, 476.550611573
771.793, 476.550609995
771.861, 476.550607710
771.93, 476.550609793
771.99, 476.550606666
772.052, 476.550606443
772.115, 476.550600401
772.18, 476.550600270
772.246, 476.550600096
772.314, 476.550602566
772.374, 476.550597371
772.435, 476.550600525
772.495, 476.550595624
772.557, 476.550598038
772.617, 476.550590357
772.678, 476.550588315
772.741, 476.550593941
772.801, 476.550588768
772.863, 476.550587301
772.926, 476.550587622
772.986, 476.550585982
773.047, 476.550584071
773.11, 476.550584034
773.175, 476.550581823
773.241, 476.550581286
773.309, 476.550578782
773.379, 476.550579419
773.439, 476.550572344
773.5, 476.550575240
773.56, 476.550574147
773.622, 476.550571661
773.685, 476.550574802
773.745, 476.550569083
773.806, 476.550566693
773.869, 476.550568236
773.929, 476.550564765
773.991, 476.550561890
774.054, 476.550559382
774.118, 476.550560706
774.178, 476.550558092
774.24, 476.550557187
774.303, 476.550556519
774.367, 476.550555742
774.434, 476.550556124
774.494, 476.550553379
774.555, 476.550551740
774.618, 476.550552688
774.678, 476.550546853
774.74, 476.550545145
774.803, 476.550546829
774.863, 476.550543748
774.924, 476.550544598
774.984, 476.550540135
775.046, 476.550538724
775.109, 476.550541356
775.169, 476.550535071
775.23, 476.550541551
775.29, 476.550534992
775.352, 476.550535648
775.412, 476.550533226
775.473, 476.550532580
775.536, 476.550530469
775.601, 476.550533079
775.661, 476.550527563
775.722, 476.550526184
775.785, 476.550524860
775.85, 476.550524320
775.916, 476.550521125
775.984, 476.550519435
776.054, 476.550521771
776.114, 476.550515502
776.175, 476.550517367
776.235, 476.550514037
776.297, 476.550514670
776.357, 476.550513585
776.418, 476.550513460
776.481, 476.550512105
776.546, 476.550513676
776.606, 476.550509217
776.667, 476.550505198
776.73, 476.550507904
776.79, 476.550503367
776.852, 476.550504511
776.912, 476.550499938
776.973, 476.550499175
777.037, 476.550502877
777.097, 476.550499734
777.158, 476.550497410
777.221, 476.550497029
777.286, 476.550494672
777.352, 476.550492642
777.42, 476.550492811
777.48, 476.550490436
777.541, 476.550489398
777.604, 476.550489274
777.669, 476.550483016
777.735, 476.550486124
777.795, 476.550481824
777.857, 476.550479253
777.92, 476.550480756
777.98, 476.550481230
778.04, 476.550476960
778.101, 476.550479335
778.161, 476.550476457
778.223, 476.550476197
778.286, 476.550475400
778.35, 476.550473815
778.417, 476.550473196
778.484, 476.550467559
778.554, 476.550467323
778.625, 476.550468105
778.685, 476.550465486
778.747, 476.550463551
778.81, 476.550464231
778.87, 476.550457900
778.931, 476.550458886
778.991, 476.550459352
779.051, 476.550456484
779.113, 476.550453669
779.176, 476.550454391
779.236, 476.550451852
779.297, 476.550454925
779.357, 476.550450704
779.419, 476.550452395
779.479, 476.550447887
779.54, 476.550448061
779.6, 476.550446991
779.662, 476.550444401
779.725, 476.550442996
779.79, 476.550443444
779.85, 476.550437961
779.911, 476.550441104
779.971, 476.550437658
780.033, 476.550436736
780.096, 476.550436577
780.16, 476.550436473
780.226, 476.550435678
780.294, 476.550434293
780.364, 476.550432994
780.435, 476.550430880
780.508, 476.550427756
780.583, 476.550424251
780.66, 476.550424756
780.72, 476.550422361
780.782, 476.550422059
780.845, 476.550421512
780.909, 476.550418828
780.975, 476.550414535
781.043, 476.550416619
781.103, 476.550416538
781.165, 476.550412356
781.228, 476.550416130
781.288, 476.550408738
781.349, 476.550408671
781.412, 476.550408512
781.477, 476.550409066
781.537, 476.550406747
781.599, 476.550405828
781.662, 476.550408630
781.722, 476.550405121
781.783, 476.550402444
781.846, 476.550402976
781.906, 476.550398329
781.968, 476.550395988
782.031, 476.550396811
782.091, 476.550396122
782.152, 476.550393566
782.215, 476.550390271
782.28, 476.550390080
782.346, 476.550392323
782.406, 476.550388770
782.468, 476.550386753
782.531, 476.550385599
782.595, 476.550385548
782.661, 476.550382854
782.729, 476.550381753
782.799, 476.550379563
782.87, 476.550376888
782.943, 476.550373749
783.018, 476.550375820
783.078, 476.550373209
783.14, 476.550370939
783.203, 476.550370733
783.267, 476.550368747
783.334, 476.550367399
783.401, 476.550370929
783.461, 476.550363743
783.523, 476.550363219
783.586, 476.550361044
783.651, 476.550363857
783.711, 476.550360259
783.772, 476.550358673
783.835, 476.550357570
783.9, 476.550355513
783.966, 476.550356666
784.026, 476.550352176
784.088, 476.550351389
784.151, 476.550357017
784.211, 476.550347177
784.272, 476.550346621
784.335, 476.550345017
784.4, 476.550344333
784.466, 476.550347603
784.526, 476.550344172
784.587, 476.550339435
784.65, 476.550339056
784.715, 476.550339575
784.775, 476.550335647
784.837, 476.550337861
784.897, 476.550333412
784.958, 476.550333216
785.021, 476.550332866
785.086, 476.550331660
785.152, 476.550328530
785.22, 476.550330117
785.28, 476.550323611
785.341, 476.550324906
785.401, 476.550322148
785.463, 476.550321027
785.526, 476.550319950
785.591, 476.550319802
785.657, 476.550320316
785.717, 476.550318024
785.778, 476.550317208
785.841, 476.550315529
785.906, 476.550315943
785.966, 476.550309249
786.027, 476.550311010
786.087, 476.550308935
786.149, 476.550306280
786.212, 476.550307038
786.272, 476.550306935
786.333, 476.550305001
786.396, 476.550303982
786.461, 476.550303156
786.527, 476.550304096
786.587, 476.550298026
786.649, 476.550293517
786.712, 476.550294885
786.772, 476.550298553
786.832, 476.550294859
786.893, 476.550291924
786.956, 476.550296036
787.016, 476.550291344
787.078, 476.550290237
787.141, 476.550289287
787.206, 476.550285085
787.272, 476.550287120
787.332, 476.550284331
787.393, 476.550281945
787.456, 476.550280934
787.521, 476.550277598
787.587, 476.550279207
787.647, 476.550277452
787.709, 476.550276536
787.772, 476.550276143
787.836, 476.550274021
787.903, 476.550271942
787.97, 476.550272638
788.03, 476.550266725
788.092, 476.550268058
788.152, 476.550262640
788.213, 476.550266948
788.273, 476.550261940
788.335, 476.550262403
788.395, 476.550260900
788.456, 476.550257515
788.519, 476.550258100
788.579, 476.550253263
788.641, 476.550255219
788.701, 476.550252901
788.762, 476.550254330
788.822, 476.550253015
788.884, 476.550250745
788.947, 476.550249701
789.012, 476.550248996
789.078, 476.550248726
789.146, 476.550249344
789.206, 476.550247317
789.267, 476.550243654
789.33, 476.550245074
789.39, 476.550240755
789.452, 476.550238244
789.515, 476.550238010
789.579, 476.550235239
789.646, 476.550237157
789.706, 476.550233869
789.767, 476.550233540
789.83, 476.550232155
789.895, 476.550231029
789.961, 476.550230959
790.029, 476.550231256
790.089, 476.550225476
790.15, 476.550229401
790.21, 476.550224217
790.272, 476.550222961
790.335, 476.550223180
790.395, 476.550219610
790.456, 476.550214341
790.519, 476.550218493
790.579, 476.550216686
790.641, 476.550217210
790.701, 476.550210929
790.762, 476.550214537
790.822, 476.550211467
790.884, 476.550211191
790.947, 476.550212817
791.007, 476.550209869
791.069, 476.550207985
791.132, 476.550208647
791.192, 476.550204121
791.253, 476.550200949
791.316, 476.550200896
791.381, 476.550201176
791.441, 476.550198045
791.502, 476.550198468
791.562, 476.550193959
791.624, 476.550194724
791.684, 476.550190183
791.745, 476.550189465
791.808, 476.550190879
791.868, 476.550194344
791.928, 476.550192204
791.99, 476.550187948
792.053, 476.550185355
792.117, 476.550184595
792.184, 476.550182666
792.251, 476.550182765
792.311, 476.550179616
792.373, 476.550178428
792.436, 476.550176147
792.501, 476.550177937
792.561, 476.550171817
792.622, 476.550173938
792.682, 476.550172420
792.744, 476.550169146
792.807, 476.550170373
792.867, 476.550169194
792.928, 476.550165701
792.991, 476.550167568
793.051, 476.550159852
793.113, 476.550161108
793.173, 476.550159980
793.234, 476.550162936
793.294, 476.550159081
793.356, 476.550157447
793.419, 476.550154748
793.483, 476.550156428
793.543, 476.550154488
793.605, 476.550151204
793.668, 476.550152592
793.728, 476.550152639
793.788, 476.550145617
793.849, 476.550144298
793.912, 476.550145510
793.972, 476.550147512
794.032, 476.550149069
794.092, 476.550143562
794.154, 476.550145272
794.214, 476.550141653
794.275, 476.550138130
794.338, 476.550140943
794.398, 476.550134238
794.46, 476.550137941
794.52, 476.550131614
794.581, 476.550133068
794.641, 476.550133998
794.701, 476.550130197
794.763, 476.550127876
794.826, 476.550126311
794.891, 476.550129105
794.951, 476.550125830
795.012, 476.550122507
795.075, 476.550125157
795.135, 476.550120977
795.197, 476.550119237
795.26, 476.550118588
795.324, 476.550118626
795.384, 476.550115795
795.446, 476.550116241
795.506, 476.550113231
795.567, 476.550113787
795.627, 476.550112326
795.689, 476.550109968
795.752, 476.550106260
795.816, 476.550106791
795.876, 476.550108647
795.936, 476.550106463
795.998, 476.550103876
796.061, 476.550105121
796.121, 476.550101667
796.183, 476.550099473
796.246, 476.550100260
796.306, 476.550095603
796.367, 476.550094412
796.43, 476.550095834
796.49, 476.550090401
796.552, 476.550091407
796.612, 476.550092480
796.672, 476.550087859
796.733, 476.550087675
796.796, 476.550087997
796.856, 476.550082155
796.918, 476.550087471
796.978, 476.550079665
797.039, 476.550080864
797.099, 476.550077751
797.161, 476.550075584
797.224, 476.550079371
797.284, 476.550076306
797.345, 476.550072922
797.408, 476.550077690
797.468, 476.550071327
797.53, 476.550072979
797.59, 476.550069657
797.651, 476.550071211
797.711, 476.550066663
797.773, 476.550062545
797.836, 476.550062074
797.9, 476.550064074
797.96, 476.550062617
798.022, 476.550060275
798.085, 476.550062409
798.145, 476.550060198
798.206, 476.550060229
798.266, 476.550060045
798.328, 476.550056382
798.391, 476.550055217
798.456, 476.550052861
798.522, 476.550049313
798.59, 476.550049398
798.65, 476.550046266
798.711, 476.550046946
798.771, 476.550047263
798.831, 476.550042186
798.893, 476.550044896
798.953, 476.550042347
799.014, 476.550041743
799.077, 476.550038964
799.142, 476.550037080
799.208, 476.550037398
799.268, 476.550036947
799.33, 476.550035147
799.393, 476.550036217
799.453, 476.550028933
799.514, 476.550030825
799.574, 476.550030369
799.636, 476.550031339
799.696, 476.550027554
799.757, 476.550024550
799.82, 476.550018744
799.885, 476.550024666
799.945, 476.550019917
800.006, 476.550020063
800.066, 476.550019326
800.128, 476.550016960
800.191, 476.550013746
800.255, 476.550013734
800.322, 476.550015321
800.382, 476.550013655
800.443, 476.550011445
800.506, 476.550008516
800.571, 476.550009656
800.631, 476.550006786
800.692, 476.550005731
800.755, 476.550003123
800.82, 476.550006357
800.88, 476.550006786
800.94, 476.549999309
801.001, 476.549998618
801.064, 476.550003463
801.124, 476.549995848
801.186, 476.549995107
801.249, 476.549997971
801.309, 476.549995910
801.37, 476.549993721
801.434, 476.549992179
801.498, 476.549992388
801.558, 476.549990097
801.62, 476.549988811
801.683, 476.549986853
801.747, 476.549989916
801.807, 476.549982981
801.869, 476.549983225
801.929, 476.549979085
801.99, 476.549977970
802.053, 476.549980224
802.113, 476.549974314
802.175, 476.549970885
802.238, 476.549972846
802.298, 476.549970539
802.359, 476.549973455
802.419, 476.549968740
802.481, 476.549967223
802.544, 476.549964126
802.609, 476.549966903
802.669, 476.549964712
802.73, 476.549962818
802.793, 476.549964170
802.853, 476.549964421
802.913, 476.549957106
802.975, 476.549958746
803.035, 476.549959913
803.095, 476.549956252
803.156, 476.549957061
803.216, 476.549950076
803.278, 476.549950787
803.338, 476.549946124
803.399, 476.549947306
803.459, 476.549948611
803.519, 476.549948192
803.581, 476.549946737
803.644, 476.549943055
803.708, 476.549942094
803.774, 476.549942376
803.834, 476.549941417
803.896, 476.549938707
803.959, 476.549935485
804.024, 476.549937986
804.084, 476.549930840
804.145, 476.549936329
804.205, 476.549937016
804.265, 476.549932438
804.327, 476.549933873
804.387, 476.549930467
804.448, 476.549929513
804.511, 476.549929870
804.571, 476.549923065
804.633, 476.549922486
804.696, 476.549927802
804.756, 476.549922283
804.817, 476.549919239
804.88, 476.549919414
804.94, 476.549916603
805.002, 476.549918731
805.062, 476.549915090
805.123, 476.549914593
805.186, 476.549914034
805.251, 476.549916248
805.311, 476.549913012
805.372, 476.549909080
805.435, 476.549906024
805.5, 476.549904497
805.566, 476.549906222
805.626, 476.549907734
805.686, 476.549905714
805.748, 476.549901434
805.811, 476.549899576
805.875, 476.549897954
805.942, 476.549898259
806.002, 476.549895088
806.063, 476.549892978
806.126, 476.549897395
806.186, 476.549891624
806.248, 476.549892985
806.308, 476.549888659
806.369, 476.549885633
806.432, 476.549887950
806.492, 476.549884203
806.554, 476.549883269
806.617, 476.549883928
806.677, 476.549882199
806.738, 476.549876824
806.801, 476.549877623
806.861, 476.549879722
806.921, 476.549872976
806.983, 476.549873785
807.043, 476.549876117
807.103, 476.549872562
807.164, 476.549872340
807.227, 476.549869018
807.292, 476.549867583
807.358, 476.549867852
807.418, 476.549863704
807.48, 476.549868755
807.54, 476.549864389
807.601, 476.549859613
807.664, 476.549864092
807.724, 476.549855440
807.786, 476.549861743
807.846, 476.549859111
807.907, 476.549855123
807.97, 476.549854611
808.035, 476.549857276
808.095, 476.549855273
808.156, 476.549848982
808.219, 476.549851140
808.279, 476.549847625
808.341, 476.549847399
808.404, 476.549847403
808.464, 476.549845285
808.525, 476.549847600
808.585, 476.549844859
808.647, 476.549841671
808.71, 476.549842383
808.77, 476.549837471
808.831, 476.549836666
808.894, 476.549840827
808.954, 476.549836506
809.016, 476.549831261
809.079, 476.549833439
809.139, 476.549831129
809.201, 476.549828925
809.264, 476.549830236
809.324, 476.549827809
809.385, 476.549829947
809.445, 476.549824799
809.507, 476.549820308
809.57, 476.549823218
809.63, 476.549820920
809.691, 476.549821444
809.751, 476.549818307
809.813, 476.549817930
809.876, 476.549816005
809.94, 476.549815916
810.006, 476.549811897
810.074, 476.549811225
810.144, 476.549811085
810.215, 476.549810439
810.288, 476.549810298
810.363, 476.549809177
810.44, 476.549804455
810.519, 476.549803992
810.6, 476.549803351
810.682, 476.549802318
810.767, 476.549798806
810.854, 476.549797793
810.943, 476.549796623
811.034, 476.549793020
811.128, 476.549789857
811.224, 476.549789352
811.322, 476.549788238
811.423, 476.549784900
811.526, 476.549786500
811.586, 476.549781334
811.648, 476.549777927
811.711, 476.549782785
811.771, 476.549773526
811.832, 476.549775792
811.892, 476.549773473
811.954, 476.549773970
812.014, 476.549770816
812.075, 476.549771963
812.135, 476.549766837
812.197, 476.549767715
812.257, 476.549766670
812.318, 476.549764616
812.381, 476.549765142
812.441, 476.549760286
812.503, 476.549757379
812.566, 476.549762329
812.626, 476.549757281
812.687, 476.549755560
812.75, 476.549755489
812.815, 476.549756123
812.875, 476.549753672
812.936, 476.549751134
812.999, 476.549749500
813.064, 476.549749768
813.124, 476.549751761
813.184, 476.549747329
813.246, 476.549741594
813.309, 476.549750394
813.369, 476.549744281
813.43, 476.549739291
813.493, 476.549736983
813.558, 476.549742667
813.618, 476.549738028
813.679, 476.549737064
813.742, 476.549733771
813.807, 476.549735928
813.867, 476.549733036
813.928, 476.549732520
813.991, 476.549731817
814.056, 476.549729704
814.122, 476.549730053
814.182, 476.549723232
814.244, 476.549727170
814.304, 476.549723568
814.365, 476.549725378
814.425, 476.549722342
814.487, 476.549720540
814.55, 476.549718590
814.614, 476.549715396
814.681, 476.549715023
814.749, 476.549712437
814.818, 476.549713940
814.878, 476.549715116
814.938, 476.549714288
815, 476.549710935
815.063, 476.549710224
815.127, 476.549708162
815.194, 476.549705627
815.261, 476.549709172
815.321, 476.549702355
815.383, 476.549701598
815.446, 476.549704316
815.506, 476.549699039
815.567, 476.549701619
815.627, 476.549694385
815.689, 476.549696081
815.749, 476.549696654
815.809, 476.549693254
815.87, 476.549692529
815.933, 476.549693866
815.993, 476.549690807
816.055, 476.549690466
816.118, 476.549687907
816.183, 476.549686859
816.249, 476.549684597
816.317, 476.549684304
816.386, 476.549683860
816.458, 476.549682495
816.531, 476.549680413
816.606, 476.549679541
816.682, 476.549677519
816.761, 476.549677209
816.842, 476.549668609
816.925, 476.549670400
816.985, 476.549669212
817.046, 476.549668522
817.109, 476.549666755
817.174, 476.549666744
817.24, 476.549664178
817.308, 476.549665416
817.368, 476.549658818
817.429, 476.549656446
817.492, 476.549658190
817.552, 476.549652698
817.614, 476.549659381
817.674, 476.549652781
817.735, 476.549653777
817.795, 476.549651244
817.857, 476.549650862
817.92, 476.549650028
817.985, 476.549651790
818.045, 476.549647401
818.106, 476.549643168
818.169, 476.549643268
818.229, 476.549643459
818.289, 476.549640195
818.351, 476.549641351
818.411, 476.549639924
818.472, 476.549638890
818.535, 476.549641024
818.595, 476.549634774
818.657, 476.549632227
818.72, 476.549632887
818.78, 476.549629734
818.841, 476.549628870
818.904, 476.549629706
818.964, 476.549625209
819.026, 476.549626735
819.086, 476.549623357
819.147, 476.549622136
819.21, 476.549624876
819.27, 476.549620321
819.332, 476.549624765
819.392, 476.549620275
819.453, 476.549618715
819.516, 476.549615454
819.581, 476.549616316
819.641, 476.549617039
819.701, 476.549611888
819.762, 476.549608515
819.825, 476.549612858
819.885, 476.549609617
819.947, 476.549610528
820.007, 476.549609027
820.068, 476.549607445
820.131, 476.549603326
820.196, 476.549605037
820.256, 476.549604186
820.318, 476.549601613
820.381, 476.549598446
820.445, 476.549598284
820.511, 476.549594834
820.579, 476.549593661
820.649, 476.549594691
820.709, 476.549587245
820.77, 476.549588973
820.83, 476.549591063
820.89, 476.549588340
820.952, 476.549585787
821.015, 476.549583461
821.08, 476.549585095
821.14, 476.549581076
821.201, 476.549581408
821.261, 476.549581306
821.323, 476.549582213
821.383, 476.549579839
821.444, 476.549577575
821.507, 476.549577716
821.567, 476.549573742
821.629, 476.549575764
821.689, 476.549573287
821.75, 476.549570595
821.813, 476.549569485
821.878, 476.549567649
821.944, 476.549567190
822.012, 476.549563610
822.081, 476.549564378
822.141, 476.549563216
822.203, 476.549562040
822.266, 476.549560281
822.331, 476.549560017
822.397, 476.549561540
822.457, 476.549557185
822.518, 476.549558482
822.578, 476.549555591
822.64, 476.549555502
822.703, 476.549551194
822.767, 476.549552767
822.827, 476.549551433
822.889, 476.549550834
822.952, 476.549547332
823.017, 476.549543843
823.083, 476.549544822
823.143, 476.549540106
823.204, 476.549538756
823.267, 476.549540062
823.327, 476.549538041
823.389, 476.549535672
823.452, 476.549536545
823.512, 476.549533485
823.573, 476.549535136
823.633, 476.549532753
823.695, 476.549532611
823.758, 476.549532209
823.823, 476.549526540
823.889, 476.549527278
823.949, 476.549529508
824.009, 476.549523283
824.07, 476.549524819
824.13, 476.549521656
824.192, 476.549520818
824.255, 476.549521175
824.315, 476.549516245
824.376, 476.549514482
824.439, 476.549515772
824.499, 476.549512898
824.561, 476.549513456
824.621, 476.549513194
824.682, 476.549509930
824.745, 476.549511801
824.805, 476.549507813
824.867, 476.549508985
824.927, 476.549503890
824.988, 476.549502393
825.051, 476.549501018
825.116, 476.549503377
825.176, 476.549502920
825.238, 476.549501398
825.301, 476.549499053
825.365, 476.549498800
825.431, 476.549497212
825.499, 476.549497552
825.559, 476.549493027
825.621, 476.549489822
825.684, 476.549492958
825.744, 476.549488777
825.805, 476.549488258
825.868, 476.549488749
825.928, 476.549484855
825.99, 476.549483858
826.053, 476.549484155
826.113, 476.549480528
826.174, 476.549478587
826.237, 476.549480155
826.297, 476.549479665
826.359, 476.549478026
826.422, 476.549476423
826.487, 476.549477202
826.547, 476.549473259
826.608, 476.549468795
826.671, 476.549474970
826.731, 476.549469717
826.793, 476.549468092
826.856, 476.549469605
826.916, 476.549467368
826.977, 476.549465117
827.04, 476.549466639
827.1, 476.549461392
827.162, 476.549460361
827.225, 476.549458634
827.289, 476.549457451
827.356, 476.549456680
827.424, 476.549453628
827.493, 476.549452493
827.564, 476.549451511
827.638, 476.549450162
827.712, 476.549449787
827.789, 476.549449003
827.868, 476.549444025
827.949, 476.549446741
828.009, 476.549442515
828.07, 476.549441231
828.133, 476.549443441
828.193, 476.549441181
828.255, 476.549437308
828.318, 476.549437601
828.378, 476.549434259
828.439, 476.549432649
828.502, 476.549432923
828.562, 476.549434072
828.622, 476.549428242
828.684, 476.549428961
828.744, 476.549431366
828.804, 476.549427588
828.865, 476.549426973
828.928, 476.549426145
828.993, 476.549422300
829.059, 476.549423218
829.119, 476.549421979
829.181, 476.549418978
829.244, 476.549417926
829.308, 476.549419136
829.368, 476.549412439
829.43, 476.549413788
829.49, 476.549412557
829.551, 476.549413189
829.611, 476.549410500
829.673, 476.549409600
829.736, 476.549407953
829.8, 476.549408024
829.86, 476.549406206
829.922, 476.549402780
829.985, 476.549400436
830.05, 476.549399525
830.116, 476.549400045
830.176, 476.549399059
830.237, 476.549396698
830.3, 476.549400919
830.36, 476.549395466
830.422, 476.549391131
830.485, 476.549393134
830.545, 476.549391695
830.606, 476.549391056
830.669, 476.549390342
830.734, 476.549388204
830.8, 476.549386414
830.868, 476.549386658
830.928, 476.549380783
830.99, 476.549380683
831.053, 476.549384628
831.113, 476.549378562
831.174, 476.549377398
831.237, 476.549377192
831.302, 476.549377496
831.362, 476.549379378
831.422, 476.549373570
831.483, 476.549372478
831.546, 476.549376052
831.606, 476.549367332
831.668, 476.549369982
831.728, 476.549368605
831.789, 476.549368438
831.852, 476.549364047
831.917, 476.549367520
831.977, 476.549364369
832.039, 476.549362006
832.102, 476.549361494
832.166, 476.549362174
832.226, 476.549359122
832.288, 476.549355756
832.351, 476.549356356
832.411, 476.549353255
832.472, 476.549348589
832.535, 476.549352496
832.595, 476.549349199
832.657, 476.549345638
832.72, 476.549348424
832.78, 476.549341899
832.841, 476.549345608
832.901, 476.549342360
832.963, 476.549340593
833.026, 476.549344339
833.086, 476.549339694
833.147, 476.549339154
833.21, 476.549338382
833.275, 476.549338237
833.341, 476.549336579
833.409, 476.549334014
833.479, 476.549331352
833.55, 476.549328598
833.623, 476.549329045
833.683, 476.549326540
833.745, 476.549327514
833.805, 476.549323420
833.866, 476.549325367
833.926, 476.549320300
833.988, 476.549317422
834.051, 476.549322481
834.111, 476.549315770
834.172, 476.549318415
834.232, 476.549311274
834.294, 476.549311595
834.354, 476.549313861
834.414, 476.549313157
834.475, 476.549306978
834.538, 476.549313280
834.598, 476.549306179
834.66, 476.549310153
834.72, 476.549306671
834.781, 476.549303482
834.844, 476.549301977
834.909, 476.549302133
834.969, 476.549300849
835.03, 476.549295600
835.093, 476.549299979
835.153, 476.549296571
835.215, 476.549295454
835.278, 476.549293070
835.343, 476.549295468
835.403, 476.549290430
835.464, 476.549292484
835.524, 476.549283876
835.586, 476.549287848
835.646, 476.549288187
835.706, 476.549283278
835.767, 476.549284253
835.827, 476.549285696
835.887, 476.549280023
835.949, 476.549280554
836.009, 476.549280727
836.069, 476.549276394
836.13, 476.549274811
836.193, 476.549275699
836.253, 476.549273452
836.315, 476.549271915
836.378, 476.549275102
836.438, 476.549269410
836.499, 476.549271092
836.559, 476.549266588
836.621, 476.549270037
836.681, 476.549264252
836.742, 476.549265561
836.802, 476.549263659
836.864, 476.549264576
836.924, 476.549258780
836.985, 476.549260908
837.045, 476.549260008
837.107, 476.549257430
837.17, 476.549255952
837.234, 476.549258702
837.294, 476.549252632
837.356, 476.549250132
837.419, 476.549253655
837.479, 476.549251494
837.54, 476.549251697
837.6, 476.549246115
837.662, 476.549249273
837.722, 476.549244046
837.783, 476.549242754
837.846, 476.549237371
837.911, 476.549242693
837.971, 476.549238949
838.032, 476.549239364
838.092, 476.549237749
838.154, 476.549236114
838.217, 476.549238718
838.277, 476.549231488
838.339, 476.549233183
838.399, 476.549231704
838.46, 476.549228894
838.523, 476.549230460
838.583, 476.549230026
838.645, 476.549228238
838.708, 476.549226150
838.772, 476.549227287
838.832, 476.549221312
838.894, 476.549219894
838.957, 476.549221647
839.017, 476.549221047
839.078, 476.549218638
839.141, 476.549217680
839.206, 476.549213036
839.272, 476.549212338
839.34, 476.549211699
839.41, 476.549210399
839.481, 476.549210361
839.554, 476.549212904
839.614, 476.549205463
839.676, 476.549205363
839.739, 476.549204881
839.803, 476.549202711
839.869, 476.549204553
839.929, 476.549198733
839.991, 476.549198408
840.054, 476.549199467
840.114, 476.549197130
840.175, 476.549194938
840.238, 476.549198411
840.298, 476.549193485
840.36, 476.549192710
840.423, 476.549190053
840.488, 476.549187870
840.554, 476.549188034
840.614, 476.549186990
840.675, 476.549181976
840.738, 476.549182567
840.798, 476.549180789
840.86, 476.549179570
840.923, 476.549182905
840.983, 476.549177065
841.044, 476.549177215
841.104, 476.549174978
841.166, 476.549172067
841.229, 476.549174031
841.289, 476.549171028
841.35, 476.549169379
841.413, 476.549170346
841.473, 476.549170006
841.535, 476.549166743
841.598, 476.549169088
841.658, 476.549163449
841.72, 476.549161268
841.783, 476.549164171
841.843, 476.549156906
841.904, 476.549157851
841.964, 476.549160389
842.024, 476.549155446
842.086, 476.549158834
842.146, 476.549153579
842.207, 476.549154918
842.267, 476.549150644
842.329, 476.549145686
842.392, 476.549152978
842.452, 476.549150930
842.513, 476.549148668
842.576, 476.549143658
842.641, 476.549145306
842.701, 476.549143659
842.762, 476.549141940
842.825, 476.549142070
842.885, 476.549140347
842.947, 476.549137710
843.01, 476.549138821
843.07, 476.549136091
843.131, 476.549133917
843.194, 476.549132921
843.259, 476.549131334
843.325, 476.549128830
843.393, 476.549130336
843.453, 476.549129223
843.515, 476.549126967
843.578, 476.549126832
843.642, 476.549128362
843.702, 476.549123089
843.764, 476.549121965
843.827, 476.549120287
843.891, 476.549122108
843.951, 476.549122303
844.011, 476.549116586
844.073, 476.549114542
844.136, 476.549111828
844.201, 476.549115724
844.261, 476.549113568
844.322, 476.549109966
844.385, 476.549110780
844.445, 476.549108873
844.507, 476.549107535
844.57, 476.549103520
844.634, 476.549106676
844.694, 476.549103680
844.756, 476.549100761
844.819, 476.549098861
844.883, 476.549102358
844.943, 476.549099428
845.005, 476.549095960
845.068, 476.549095272
845.133, 476.549091901
845.199, 476.549091635
845.267, 476.549092553
845.327, 476.549090757
845.388, 476.549088441
845.451, 476.549090123
845.511, 476.549087281
845.573, 476.549086870
845.636, 476.549087688
845.696, 476.549083449
845.757, 476.549080161
845.82, 476.549084218
845.88, 476.549080634
845.942, 476.549077358
846.005, 476.549072613
846.069, 476.549073940
846.129, 476.549073065
846.191, 476.549070160
846.254, 476.549071284
846.314, 476.549065175
846.375, 476.549068685
846.435, 476.549069503
846.495, 476.549070026
846.555, 476.549061225
846.617, 476.549059989
846.68, 476.549061265
846.74, 476.549060123
846.801, 476.549058557
846.865, 476.549060146
846.925, 476.549057933
846.986, 476.549056954
847.049, 476.549053130
847.114, 476.549054303
847.174, 476.549051701
847.235, 476.549051788
847.295, 476.549047112
847.357, 476.549048491
847.417, 476.549050083
847.477, 476.549043542
847.538, 476.549044754
847.598, 476.549049637
847.658, 476.549044136
847.72, 476.549045375
847.78, 476.549037614
847.841, 476.549037925
847.901, 476.549032567
847.963, 476.549035916
848.023, 476.549035822
848.084, 476.549034161
848.147, 476.549032512
848.212, 476.549032045
848.278, 476.549031604
848.346, 476.549027284
848.416, 476.549028589
848.476, 476.549023190
848.537, 476.549022433
848.6, 476.549024464
848.66, 476.549023599
848.722, 476.549023844
848.782, 476.549021014
848.843, 476.549016363
848.906, 476.549020576
848.966, 476.549018096
849.028, 476.549015195
849.091, 476.549014983
849.155, 476.549012418
849.221, 476.549013883
849.281, 476.549011320
849.343, 476.549009068
849.406, 476.549009970
849.466, 476.549008898
849.528, 476.549002957
849.591, 476.549003957
849.651, 476.549000722
849.712, 476.548998716
849.775, 476.548995311
849.84, 476.548997030
849.9, 476.548996308
849.961, 476.548996538
850.021, 476.548994759
850.083, 476.548993966
850.146, 476.548993955
850.21, 476.548993798
850.277, 476.548991455
850.344, 476.548991968
850.404, 476.548990071
850.466, 476.548985577
850.529, 476.548983976
850.594, 476.548986224
850.654, 476.548981343
850.715, 476.548980469
850.778, 476.548981398
850.838, 476.548977872
850.9, 476.548975768
850.963, 476.548974278
851.027, 476.548975584
851.087, 476.548971715
851.149, 476.548972777
851.209, 476.548970514
851.27, 476.548966280
851.333, 476.548970326
851.393, 476.548966790
851.455, 476.548963982
851.518, 476.548962873
851.583, 476.548964517
851.643, 476.548961470
851.704, 476.548957475
851.767, 476.548961321
851.827, 476.548958497
851.889, 476.548957127
851.952, 476.548953144
852.016, 476.548955876
852.076, 476.548956451
852.136, 476.548953639
852.198, 476.548951865
852.261, 476.548951209
852.325, 476.548950374
852.392, 476.548948020
852.459, 476.548947701
852.529, 476.548943588
852.6, 476.548944259
852.66, 476.548937006
852.722, 476.548935670
852.785, 476.548934536
852.85, 476.548937692
852.91, 476.548935178
852.971, 476.548933048
853.034, 476.548937479
853.094, 476.548929624
853.156, 476.548931308
853.216, 476.548929539
853.277, 476.548929239
853.34, 476.548926528
853.405, 476.548925879
853.471, 476.548925646
853.539, 476.548923168
853.608, 476.548922930
853.68, 476.548923009
853.74, 476.548916612
853.801, 476.548916147
853.864, 476.548918353
853.924, 476.548916073
853.986, 476.548914477
854.049, 476.548915962
854.109, 476.548913918
854.17, 476.548909251
854.233, 476.548912993
854.293, 476.548908510
854.355, 476.548906140
854.418, 476.548907014
854.478, 476.548904773
854.539, 476.548902024
854.602, 476.548905733
854.662, 476.548899150
854.724, 476.548897898
854.787, 476.548899520
854.847, 476.548899120
854.908, 476.548894676
854.971, 476.548892674
855.036, 476.548896661
855.096, 476.548893762
855.158, 476.548890560
855.221, 476.548894149
855.281, 476.548889158
855.342, 476.548886070
855.405, 476.548886368
855.465, 476.548886270
855.527, 476.548887743
855.587, 476.548882091
855.648, 476.548882160
855.708, 476.548879689
855.77, 476.548875443
855.833, 476.548876378
855.893, 476.548877573
855.953, 476.548873551
856.014, 476.548877873
856.074, 476.548874748
856.136, 476.548873004
856.199, 476.548870271
856.263, 476.548868875
856.33, 476.548869980
856.39, 476.548863920
856.451, 476.548863048
856.514, 476.548862967
856.579, 476.548858087
856.645, 476.548860159
856.705, 476.548857839
856.766, 476.548857509
856.829, 476.548856464
856.894, 476.548856714
856.954, 476.548851483
857.016, 476.548849004
857.079, 476.548851436
857.139, 476.548851939
857.199, 476.548849662
857.26, 476.548846794
857.323, 476.548843900
857.388, 476.548847524
857.448, 476.548846559
857.509, 476.548844282
857.572, 476.548841024
857.637, 476.548845380
857.697, 476.548837444
857.758, 476.548839528
857.818, 476.548837532
857.88, 476.548834962
857.943, 476.548834988
858.003, 476.548833737
858.064, 476.548836813
858.124, 476.548828363
858.186, 476.548831025
858.246, 476.548826077
858.307, 476.548825463
858.371, 476.548828430
858.431, 476.548822423
858.492, 476.548823003
858.552, 476.548822810
858.614, 476.548820006
858.677, 476.548822690
858.737, 476.548822770
858.797, 476.548818822
858.858, 476.548817048
858.921, 476.548815791
858.986, 476.548817882
859.046, 476.548813207
859.107, 476.548808369
859.17, 476.548811385
859.23, 476.548804793
859.292, 476.548807651
859.352, 476.548804304
859.413, 476.548807105
859.473, 476.548805471
859.535, 476.548800194
859.598, 476.548803216
859.658, 476.548800767
859.719, 476.548797896
859.782, 476.548797336
859.847, 476.548798505
859.907, 476.548793175
859.968, 476.548794498
860.028, 476.548792639
860.09, 476.548789731
860.153, 476.548783979
860.218, 476.548787881
860.278, 476.548792478
860.338, 476.548785754
860.399, 476.548783835
860.462, 476.548782621
860.527, 476.548784003
860.587, 476.548787252
860.647, 476.548779350
860.708, 476.548777967
860.771, 476.548777981
860.831, 476.548773595
860.893, 476.548774747
860.953, 476.548776968
861.013, 476.548772140
861.074, 476.548774034
861.134, 476.548770816
861.196, 476.548767191
861.259, 476.548770003
861.319, 476.548765983
861.38, 476.548765999
861.44, 476.548762720
861.502, 476.548758154
861.565, 476.548760643
861.625, 476.548760636
861.686, 476.548757159
861.749, 476.548757966
861.809, 476.548753510
861.871, 476.548753923
861.931, 476.548751634
861.992, 476.548755032
862.052, 476.548752569
862.114, 476.548744843
862.177, 476.548750519
862.237, 476.548748317
862.298, 476.548747770
862.361, 476.548746702
862.426, 476.548744649
862.492, 476.548739783
862.56, 476.548747002
862.62, 476.548739485
862.682, 476.548736994
862.745, 476.548735222
862.809, 476.548738812
862.869, 476.548735392
862.931, 476.548734663
862.994, 476.548731714
863.058, 476.548733114
863.118, 476.548730005
863.18, 476.548722588
863.243, 476.548726740
863.303, 476.548724978
863.365, 476.548723559
863.428, 476.548724040
863.488, 476.548720347
863.549, 476.548721116
863.609, 476.548716977
863.671, 476.548718400
863.731, 476.548714529
863.792, 476.548714731
863.852, 476.548713865
863.914, 476.548713287
863.977, 476.548708676
864.041, 476.548713302
864.101, 476.548711708
864.163, 476.548709492
864.226, 476.548708735
864.29, 476.548707337
864.357, 476.548706488
864.424, 476.548704689
864.494, 476.548707794
864.554, 476.548702912
864.616, 476.548699474
864.679, 476.548698506
864.743, 476.548697093
864.809, 476.548700341
864.869, 476.548692473
864.931, 476.548692634
864.991, 476.548695272
865.051, 476.548690612
865.112, 476.548689603
865.175, 476.548690440
865.235, 476.548686293
865.297, 476.548684278
865.36, 476.548683258
865.425, 476.548685562
865.485, 476.548684266
865.546, 476.548682827
865.609, 476.548682520
865.674, 476.548680777
865.74, 476.548681828
865.8, 476.548673444
865.862, 476.548675268
865.922, 476.548674673
865.983, 476.548670986
866.046, 476.548670959
866.111, 476.548671525
866.171, 476.548671684
866.231, 476.548665764
866.292, 476.548663719
866.355, 476.548665263
866.415, 476.548662827
866.477, 476.548661182
866.54, 476.548661889
866.6, 476.548660929
866.661, 476.548659705
866.724, 476.548659514
866.789, 476.548656461
866.855, 476.548656359
866.923, 476.548653814
866.993, 476.548653302
867.064, 476.548648706
867.137, 476.548651009
867.197, 476.548649944
867.259, 476.548645624
867.322, 476.548646161
867.382, 476.548645766
867.443, 476.548644377
867.506, 476.548639729
867.571, 476.548641931
867.631, 476.548639263
867.692, 476.548637738
867.755, 476.548635364
867.82, 476.548636374
867.88, 476.548634553
867.941, 476.548632744
868.004, 476.548631119
868.069, 476.548631110
868.135, 476.548626968
868.203, 476.548624265
868.273, 476.548628629
868.333, 476.548620163
868.394, 476.548623524
868.454, 476.548625456
868.514, 476.548621066
868.576, 476.548618813
868.639, 476.548618572
868.703, 476.548618379
868.77, 476.548616308
868.837, 476.548615586
868.907, 476.548614297
868.978, 476.548611258
869.051, 476.548614205
869.111, 476.548610084
869.173, 476.548607891
869.236, 476.548611487
869.296, 476.548607322
869.358, 476.548606279
869.421, 476.548604668
869.485, 476.548602534
869.551, 476.548602154
869.619, 476.548601985
869.689, 476.548601317
869.76, 476.548600902
869.833, 476.548595756
869.908, 476.548595129
869.985, 476.548594254
870.064, 476.548588432
870.144, 476.548589748
870.204, 476.548590608
870.264, 476.548586616
870.326, 476.548585499
870.389, 476.548586290
870.449, 476.548585342
870.51, 476.548582211
870.574, 476.548579901
870.638, 476.548581291
870.698, 476.548579471
870.76, 476.548579946
870.82, 476.548575137
870.881, 476.548575908
870.941, 476.548571713
871.003, 476.548570970
871.066, 476.548571239
871.126, 476.548571403
871.186, 476.548566515
871.247, 476.548569932
871.307, 476.548564172
871.369, 476.548563443
871.432, 476.548564402
871.492, 476.548561855
871.553, 476.548556957
871.616, 476.548558670
871.676, 476.548559018
871.736, 476.548557198
871.798, 476.548555845
871.861, 476.548558512
871.921, 476.548550503
871.982, 476.548549315
872.045, 476.548551157
872.105, 476.548550419
872.167, 476.548549777
872.23, 476.548545657
872.294, 476.548547009
872.354, 476.548542034
872.416, 476.548545668
872.476, 476.548541860
872.537, 476.548541429
872.6, 476.548536549
872.665, 476.548539955
872.725, 476.548537623
872.787, 476.548533862
872.85, 476.548538767
872.91, 476.548530143
872.971, 476.548530572
873.031, 476.548529561
873.093, 476.548532291
873.153, 476.548530076
873.214, 476.548528379
873.277, 476.548530174
873.337, 476.548525268
873.399, 476.548520936
873.462, 476.548523421
873.522, 476.548521245
873.583, 476.548519749
873.646, 476.548520267
873.706, 476.548519279
873.768, 476.548518170
873.831, 476.548519072
873.891, 476.548514849
873.952, 476.548510657
874.015, 476.548509621
874.08, 476.548511556
874.14, 476.548509651
874.201, 476.548505972
874.264, 476.548507365
874.324, 476.548507322
874.386, 476.548501674
874.449, 476.548502102
874.509, 476.548499712
874.571, 476.548501415
874.631, 476.548497601
874.692, 476.548499037
874.752, 476.548494506
874.814, 476.548495950
874.874, 476.548495419
874.935, 476.548487609
874.998, 476.548487881
875.058, 476.548488273
875.118, 476.548488165
875.18, 476.548484409
875.243, 476.548487463
875.303, 476.548487329
875.364, 476.548485441
875.427, 476.548484713
875.492, 476.548482868
875.558, 476.548479599
875.626, 476.548481061
875.686, 476.548477733
875.747, 476.548475883
875.81, 476.548478244
875.87, 476.548477878
875.932, 476.548473284
875.995, 476.548473216
876.06, 476.548467892
876.126, 476.548467766
876.194, 476.548467736
876.263, 476.548466798
876.335, 476.548464457
876.408, 476.548466557
876.468, 476.548463142
876.529, 476.548460291
876.592, 476.548459051
876.657, 476.548461623
876.717, 476.548458700
876.778, 476.548455510
876.841, 476.548457716
876.901, 476.548455212
876.963, 476.548453093
877.026, 476.548452216
877.091, 476.548451389
877.157, 476.548451599
877.217, 476.548449324
877.278, 476.548449635
877.338, 476.548446901
877.4, 476.548442790
877.463, 476.548446134
877.523, 476.548441418
877.584, 476.548438130
877.647, 476.548439307
877.707, 476.548436256
877.769, 476.548435964
877.832, 476.548437309
877.892, 476.548434100
877.953, 476.548433569
878.016, 476.548431588
878.081, 476.548429840
878.147, 476.548433495
878.207, 476.548427883
878.269, 476.548428733
878.329, 476.548426727
878.39, 476.548425447
878.453, 476.548421688
878.518, 476.548421499
878.584, 476.548421992
878.644, 476.548417289
878.706, 476.548416672
878.769, 476.548416577
878.833, 476.548419404
878.893, 476.548413505
878.955, 476.548412736
879.018, 476.548412555
879.082, 476.548410819
879.149, 476.548409483
879.217, 476.548410100
879.277, 476.548405453
879.338, 476.548404583
879.401, 476.548407193
879.461, 476.548405174
879.523, 476.548401707
879.586, 476.548402881
879.646, 476.548397806
879.707, 476.548399763
879.767, 476.548399453
879.829, 476.548395705
879.892, 476.548399997
879.952, 476.548394379
880.013, 476.548391119
880.076, 476.548393417
880.136, 476.548387074
880.198, 476.548389922
880.258, 476.548387898
880.319, 476.548386002
880.382, 476.548384473
880.447, 476.548386553
880.507, 476.548380906
880.568, 476.548382347
880.628, 476.548379063
880.69, 476.548377940
880.753, 476.548373711
880.817, 476.548374430
880.877, 476.548373654
880.939, 476.548372745
881.002, 476.548372843
881.062, 476.548373951
881.122, 476.548369118
881.184, 476.548371247
881.244, 476.548368477
881.305, 476.548363998
881.368, 476.548366918
881.428, 476.548366228
881.49, 476.548364242
881.553, 476.548363914
881.617, 476.548362743
881.683, 476.548357841
881.751, 476.548357751
881.821, 476.548357520
881.892, 476.548354885
881.965, 476.548353688
882.04, 476.548352673
882.117, 476.548353574
882.177, 476.548351387
882.239, 476.548345445
882.302, 476.548349201
882.362, 476.548345452
882.423, 476.548343597
882.486, 476.548344725
882.546, 476.548342238
882.608, 476.548342809
882.668, 476.548338823
882.729, 476.548336660
882.792, 476.548339847
882.852, 476.548337616
882.914, 476.548334839
882.977, 476.548332390
883.041, 476.548329563
883.108, 476.548332617
883.168, 476.548331370
883.229, 476.548331600
883.289, 476.548328921
883.351, 476.548324407
883.414, 476.548325871
883.474, 476.548326117
883.534, 476.548324863
883.595, 476.548319879
883.658, 476.548321516
883.718, 476.548322250
883.778, 476.548320523
883.84, 476.548316424
883.903, 476.548311386
883.967, 476.548318200
884.027, 476.548313937
884.089, 476.548310915
884.152, 476.548311129
884.212, 476.548306792
884.273, 476.548305376
884.336, 476.548304852
884.401, 476.548308555
884.461, 476.548303603
884.522, 476.548304839
884.582, 476.548300776
884.644, 476.548302488
884.704, 476.548300058
884.765, 476.548300652
884.825, 476.548297137
884.887, 476.548294627
884.95, 476.548296584
885.01, 476.548290968
885.072, 476.548290720
885.135, 476.548289644
885.199, 476.548292184
885.259, 476.548286847
885.321, 476.548288813
885.381, 476.548280616
885.442, 476.548285607
885.502, 476.548287402
885.562, 476.548281339
885.624, 476.548283809
885.684, 476.548279940
885.745, 476.548283185
885.805, 476.548278358
885.867, 476.548276375
885.93, 476.548279821
885.99, 476.548272739
886.051, 476.548273956
886.111, 476.548271913
886.173, 476.548273947
886.233, 476.548268494
886.294, 476.548266835
886.357, 476.548265845
886.422, 476.548266717
886.482, 476.548263662
886.543, 476.548259602
886.606, 476.548260901
886.666, 476.548259178
886.728, 476.548262236
886.788, 476.548258664
886.849, 476.548259248
886.909, 476.548253908
886.971, 476.548255957
887.031, 476.548252376
887.092, 476.548253157
887.152, 476.548251714
887.214, 476.548250831
887.277, 476.548249484
887.342, 476.548251229
887.402, 476.548247486
887.463, 476.548243058
887.526, 476.548243577
887.586, 476.548244212
887.646, 476.548242142
887.708, 476.548243779
887.768, 476.548238025
887.829, 476.548239548
887.889, 476.548239983
887.949, 476.548234690
888.011, 476.548234195
888.074, 476.548234194
888.138, 476.548232382
888.204, 476.548233279
888.264, 476.548232807
888.326, 476.548225124
888.389, 476.548228566
888.449, 476.548228653
888.509, 476.548225511
888.57, 476.548221803
888.634, 476.548219174
888.698, 476.548224025
888.758, 476.548215355
888.82, 476.548217780
888.88, 476.548215361
888.941, 476.548216412
889.001, 476.548215328
889.063, 476.548214655
889.126, 476.548211645
889.19, 476.548212506
889.25, 476.548210402
889.312, 476.548209972
889.375, 476.548207909
889.439, 476.548207895
889.506, 476.548204886
889.574, 476.548206540
889.634, 476.548205302
889.695, 476.548200459
889.758, 476.548201549
889.818, 476.548200356
889.88, 476.548199526
889.943, 476.548194902
890.007, 476.548196343
890.067, 476.548195848
890.129, 476.548191526
890.192, 476.548192685
890.252, 476.548189130
890.313, 476.548189642
890.373, 476.548189252
890.435, 476.548187918
890.498, 476.548186362
890.562, 476.548185663
890.629, 476.548185308
890.697, 476.548179831
890.766, 476.548181150
890.826, 476.548176680
890.888, 476.548175776
890.951, 476.548176507
891.011, 476.548178372
891.071, 476.548170650
891.132, 476.548168219
891.195, 476.548170526
891.255, 476.548169100
891.317, 476.548168783
891.38, 476.548168754
891.444, 476.548168217
891.511, 476.548167362
891.578, 476.548163312
891.648, 476.548166724
891.708, 476.548159523
891.77, 476.548159976
891.83, 476.548162517
891.89, 476.548159898
891.951, 476.548158415
892.014, 476.548154657
892.079, 476.548154252
892.145, 476.548153292
892.213, 476.548152482
892.282, 476.548150219
892.354, 476.548149336
892.427, 476.548148705
892.502, 476.548142741
892.579, 476.548149905
892.639, 476.548139825
892.7, 476.548141681
892.76, 476.548143621
892.82, 476.548141550
892.882, 476.548138901
892.945, 476.548134636
893.009, 476.548136529
893.069, 476.548132488
893.131, 476.548134962
893.191, 476.548130451
893.252, 476.548131876
893.312, 476.548133231
893.372, 476.548131138
893.434, 476.548130238
893.497, 476.548125597
893.561, 476.548127176
893.621, 476.548123577
893.683, 476.548122490
893.746, 476.548119258
893.811, 476.548118985
893.877, 476.548122157
893.937, 476.548115871
893.998, 476.548116941
894.058, 476.548114709
894.12, 476.548109767
894.183, 476.548112707
894.243, 476.548113713
894.303, 476.548109004
894.364, 476.548109742
894.424, 476.548109439
894.486, 476.548107549
894.549, 476.548105516
894.613, 476.548105079
894.68, 476.548105344
894.74, 476.548100942
894.801, 476.548102802
894.861, 476.548101359
894.923, 476.548098821
894.986, 476.548097807
895.05, 476.548094662
895.117, 476.548095923
895.177, 476.548097184
895.237, 476.548091636
895.298, 476.548087375
895.361, 476.548090648
895.421, 476.548089573
895.483, 476.548083922
895.546, 476.548085900
895.606, 476.548086091
895.666, 476.548085678
895.727, 476.548084279
895.79, 476.548081323
895.855, 476.548080634
895.921, 476.548080965
895.981, 476.548078764
896.042, 476.548076813
896.106, 476.548072022
896.17, 476.548077225
896.23, 476.548074396
896.292, 476.548067085
896.355, 476.548071106
896.415, 476.548070318
896.476, 476.548065829
896.539, 476.548068318
896.599, 476.548062479
896.661, 476.548063850
896.721, 476.548064813
896.781, 476.548060083
896.842, 476.548055977
896.905, 476.548059465
896.965, 476.548060731
897.025, 476.548057242
897.087, 476.548052678
897.15, 476.548051787
897.214, 476.548055540
897.274, 476.548051129
897.336, 476.548050535
897.399, 476.548049926
897.464, 476.548048173
897.53, 476.548046725
897.598, 476.548044906
897.667, 476.548044171
897.739, 476.548045365
897.799, 476.548043752
897.86, 476.548039207
897.923, 476.548039695
897.983, 476.548036976
898.045, 476.548036877
898.108, 476.548036506
898.172, 476.548033059
898.238, 476.548035771
898.298, 476.548031245
898.36, 476.548030777
898.423, 476.548032916
898.483, 476.548026498
898.545, 476.548023344
898.608, 476.548025764
898.668, 476.548024544
898.729, 476.548019332
898.792, 476.548021317
898.852, 476.548021303
898.914, 476.548022309
898.974, 476.548018438
899.035, 476.548017343
899.098, 476.548015960
899.163, 476.548012840
899.229, 476.548014362
899.289, 476.548013278
899.35, 476.548011946
899.414, 476.548014243
899.474, 476.548008718
899.535, 476.548005882
899.598, 476.548006224
899.658, 476.548008618
899.718, 476.548006811
899.78, 476.548002750
899.843, 476.548003682
899.903, 476.548005319
899.963, 476.548000376
900.024, 476.548000834
900.084, 476.547996042
900.146, 476.547996118
900.206, 476.547996380
900.266, 476.547995117
900.327, 476.547991925
900.39, 476.547989899
900.455, 476.547990581
900.515, 476.547987628
900.576, 476.547987259
900.639, 476.547984270
900.704, 476.547985963
900.764, 476.547985968
900.824, 476.547980953
900.885, 476.547981219
900.945, 476.547978809
901.007, 476.547977576
901.07, 476.547983445
901.13, 476.547974127
901.191, 476.547974873
901.251, 476.547971342
901.313, 476.547971314
901.376, 476.547974707
901.436, 476.547970528
901.497, 476.547966691
901.561, 476.547968097
901.621, 476.547965607
901.682, 476.547965473
901.745, 476.547969952
901.805, 476.547961703
901.867, 476.547962748
901.927, 476.547960836
901.988, 476.547960220
902.051, 476.547959348
902.116, 476.547959324
902.182, 476.547959956
902.242, 476.547954179
902.303, 476.547955567
902.363, 476.547955327
902.425, 476.547948515
902.488, 476.547951318
902.548, 476.547949394
902.609, 476.547948467
902.672, 476.547946153
902.737, 476.547946929
902.797, 476.547942880
902.859, 476.547940890
902.922, 476.547940202
902.986, 476.547940704
903.046, 476.547938701
903.108, 476.547935878
903.171, 476.547936495
903.231, 476.547937889
903.291, 476.547932877
903.352, 476.547932658
903.415, 476.547928753
903.48, 476.547927678
903.546, 476.547927853
903.606, 476.547926262
903.668, 476.547927489
903.728, 476.547921852
903.789, 476.547924381
903.849, 476.547922669
903.911, 476.547922804
903.971, 476.547923021
904.031, 476.547918798
904.092, 476.547920134
904.152, 476.547917784
904.214, 476.547917789
904.274, 476.547917365
904.335, 476.547912333
904.398, 476.547914319
904.458, 476.547911377
904.52, 476.547912006
904.58, 476.547907131
904.641, 476.547906747
904.704, 476.547905783
904.769, 476.547905439
904.835, 476.547905138
904.903, 476.547901752
904.973, 476.547903679
905.033, 476.547902183
905.094, 476.547900595
905.157, 476.547897307
905.222, 476.547895065
905.288, 476.547896950
905.348, 476.547890539
905.409, 476.547887899
905.472, 476.547892223
905.532, 476.547889187
905.594, 476.547886958
905.657, 476.547885771
905.722, 476.547883260
905.788, 476.547883667
905.848, 476.547877855
905.909, 476.547881030
905.969, 476.547880062
906.031, 476.547879047
906.094, 476.547876641
906.159, 476.547874215
906.225, 476.547878138
906.285, 476.547874084
906.346, 476.547874711
906.406, 476.547872811
906.468, 476.547872352
906.531, 476.547868580
906.595, 476.547869147
906.655, 476.547869160
906.715, 476.547865924
906.777, 476.547866863
906.837, 476.547863149
906.898, 476.547859947
906.961, 476.547860034
907.021, 476.547861879
907.081, 476.547864216
907.141, 476.547860415
907.203, 476.547855395
907.266, 476.547857782
907.326, 476.547856419
907.387, 476.547850403
907.451, 476.547853699
907.511, 476.547854125
907.571, 476.547849008
907.632, 476.547850300
907.692, 476.547846217
907.754, 476.547845254
907.817, 476.547847758
907.877, 476.547844275
907.938, 476.547839305
908.001, 476.547838702
908.066, 476.547838345
908.132, 476.547840788
908.192, 476.547838807
908.253, 476.547837837
908.316, 476.547837074
908.381, 476.547835650
908.447, 476.547832396
908.515, 476.547831622
