1 777
2 3814
3 3813
4 3811
5 3810
6 3809
7 3809
8 3809
9 3810
10 3816
11 3814
12 3819
13 3821
14 3822
15 3821
16 3827
17 3828
18 3831
19 3836
20 3840
21 3841
22 3846
23 3850
24 3847
25 3850
26 3849
27 3851
28 3853
29 3860
30 3870
31 3873
32 3877
33 3881
34 3883
35 3897
36 3897
37 3895
38 3899
39 3899
40 3909
41 3914
42 3920
43 3924
44 3926
45 3930
46 3933
47 3935
48 3940
49 3943
50 3948
51 3955
52 3954
53 3961
54 3964
55 3970
56 3977
57 3982
58 3984
59 3985
60 3986
61 3989
62 3991
63 3994
64 3998
65 3999
66 4000
67 4002
68 3999
69 3991
70 3996
71 3994
72 3994
73 3988
74 3990
75 3989
76 3986
77 3989
78 3988
79 3992
80 3989
81 3996
82 3994
83 3991
84 3991
85 3990
86 3981
87 3978
88 3972
89 3967
90 3969
91 3967
92 3965
93 3960
94 3956
95 3951
96 3945
97 3935
98 3929
99 3919
100 3914
101 3911
102 3898
103 3890
104 3884
105 3878
106 3875
107 3871
108 3861
109 3855
110 3841
111 3835
112 3826
113 3819
114 3813
115 3804
116 3792
117 3781
118 3772
119 3764
120 3747
121 3734
122 3718
123 3705
124 3692
125 3674
126 3659
127 3638
128 3620
129 3600
130 3588
131 3568
132 3553
133 3534
134 3519
135 3484
136 3468
137 3440
138 3417
139 3390
140 3366
141 3340
142 3315
143 3288
144 3254
145 3224
146 3196
147 3159
148 3128
149 3093
150 3056
151 3020
152 2972
153 2924
154 2874
155 2821
156 2775
157 2730
158 2680
159 2636
160 2600
161 2557
162 2506
163 2449
164 2405
165 2358
166 2301
167 2253
168 2212
169 2157
170 2120
171 2073
172 2023
173 1969
174 1910
175 1866
176 1826
177 1799
178 1762
179 1722
180 1686
181 1666
182 1634
183 1603
184 1585
185 1565
186 1532
187 1516
188 1488
189 1485
190 1468
191 1450
192 1438
193 1434
194 1426
195 1415
196 1398
197 1386
198 1372
199 1358
200 1348
201 1343
202 1329
203 1311
204 1308
205 1296
206 1277
207 1274
208 1261
209 1245
210 1230
211 1215
212 1201
213 1196
214 1186
215 1187
216 1168
217 1163
218 1163
219 1163
220 1163
221 1163
222 1163
223 1163
224 1163
225 1163
226 1163
227 1163
228 1163
229 1163
230 1163
231 1163
232 1163
233 1163
234 1162
235 1162
236 1162
237 1162
238 1161
239 1161
240 1161
241 1161
242 1161
243 1161
244 1161
245 1159
246 1160
247 1159
248 1159
249 1159
250 1158
251 1156
252 1155
253 1155
254 1155
255 1154
256 1154
257 1155
258 1155
259 1155
260 1155
261 1155
262 1155
263 1155
264 1155
265 1155
266 1155
267 1154
268 1154
269 1154
270 1152
271 1152
272 1151
273 1150
274 1149
275 1149
276 1149
277 1149
278 1149
279 1150
280 1150
281 1151
282 1151
283 1151
284 1151
285 1151
286 1152
287 1153
288 1153
289 1152
290 1152
291 1152
292 1152
293 1152
294 1153
295 1153
296 1153
297 1153
298 1152
299 1152
300 1151
301 1151
302 1151
303 1151
304 1150
305 1148
306 1147
307 1147
308 1146
309 1146
310 1146
311 1145
312 1144
313 1146
314 1146
315 1147
316 1146
317 1145
318 1144
319 1144
320 1145
321 1144
322 1143
323 1143
324 1143
325 1141
326 1141
327 1140
328 1139
329 1138
330 1137
331 1138
332 1138
333 1138
334 1139
335 1139
336 1138
337 1137
338 1137
339 1138
340 1137
341 1137
342 1137
343 1137
344 1136
345 1136
346 1134
347 1132
348 1133
349 1131
350 1129
351 1128
352 1124
353 1125
354 1123
355 1120
356 1117
357 1116
358 1115
359 1112
360 1112
361 1107
362 1106
363 1107
364 1105
365 1104
366 1104
367 1105
368 1102
369 1102
370 1101
371 1102
372 1103
373 1105
374 1105
375 1104
376 1105
377 1104
378 1103
379 1099
380 1098
381 1095
382 1091
383 1088
384 1086
385 1085
386 1084
387 1082
388 1082
389 1079
390 1077
391 1077
392 1078
393 1075
394 1071
395 1068
396 1065
397 1062
398 1059
399 1054
400 1051
401 1048
402 1049
403 1045
404 1039
405 1038
406 1033
407 1031
408 1031
409 1028
410 1027
411 1023
412 1018
413 1009
414 1005
415 1003
416 999
417 994
418 990
419 987
420 984
421 982
422 982
423 980
424 980
425 979
426 978
427 976
428 974
429 971
430 964
431 963
432 963
433 961
434 962
435 959
436 958
437 958
438 958
439 957
440 957
441 957
442 957
443 957
444 957
445 957
446 957
447 957
448 957
449 957
450 957
451 957
452 957
453 957
454 957
455 957
456 957
457 957
458 957
459 957
460 956
461 956
462 956
463 956
464 956
465 956
466 956
467 956
468 956
469 956
470 956
471 956
472 956
473 956
474 956
475 956
476 956
477 956
478 956
479 956
480 956
481 956
482 956
483 956
484 956
485 956
486 956
487 956
488 956
489 956
490 956
491 956
492 956
493 956
494 956
495 956
496 956
497 956
498 956
499 956
500 956
501 956
502 956
503 955
504 955
505 955
506 955
507 955
508 956
509 955
510 955
511 955
512 955
513 954
514 954
515 954
516 954
517 954
518 954
519 954
520 955
521 954
522 954
523 954
524 954
525 954
526 954
527 954
528 954
529 954
530 954
531 954
532 953
533 952
534 952
535 952
536 952
537 952
538 952
539 952
540 952
541 951
542 951
543 951
544 951
545 951
546 951
547 951
548 951
549 951
550 951
551 950
552 950
553 950
554 949
555 949
556 949
557 949
558 949
559 949
560 948
561 948
562 947
563 947
564 946
565 944
566 945
567 945
568 945
569 944
570 944
571 944
572 944
573 944
574 944
575 943
576 942
577 941
578 941
579 941
580 941
581 942
582 941
583 940
584 940
585 940
586 940
587 940
588 940
589 940
590 940
591 939
592 938
593 936
594 936
595 936
596 936
597 936
598 936
599 936
600 936
601 935
602 933
603 931
604 930
605 929
606 926
607 924
608 924
609 924
610 924
611 923
612 923
613 921
614 920
615 919
616 919
617 919
618 918
619 919
620 917
621 916
622 916
623 915
624 915
625 912
626 911
627 908
628 906
629 905
630 906
631 903
632 900
633 898
634 895
635 895
636 895
637 895
638 892
639 888
640 886
641 885
642 884
643 883
644 883
645 880
646 878
647 877
648 875
649 872
650 871
651 870
652 867
653 867
654 864
655 863
656 861
657 859
658 855
659 853
660 850
661 849
662 848
663 847
664 845
665 843
666 842
667 842
668 842
669 842
670 842
671 842
672 842
673 842
674 842
675 842
676 842
677 842
678 842
679 842
680 842
681 842
682 842
683 842
684 842
685 842
686 842
687 842
688 842
689 842
690 842
691 842
692 842
693 842
694 842
695 842
696 842
697 842
698 842
699 842
700 842
701 842
702 842
703 842
704 842
705 842
706 842
707 842
708 842
709 842
710 842
711 842
712 842
713 842
714 842
715 842
716 842
717 842
718 842
719 842
720 842
721 842
722 842
723 842
724 842
725 842
726 842
727 842
728 841
729 841
730 841
731 841
732 841
733 841
734 841
735 841
736 841
737 841
738 840
739 839
740 839
741 839
742 839
743 839
744 839
745 839
746 839
747 839
748 839
749 839
750 839
751 839
752 839
753 839
754 839
755 839
756 839
757 839
758 839
759 839
760 839
761 839
762 839
763 839
764 839
765 839
766 839
767 839
768 839
769 839
770 839
771 839
772 839
773 839
774 839
775 839
776 839
777 839
778 839
779 839
780 839
781 839
782 839
783 839
784 839
785 839
786 838
787 838
788 838
789 838
790 838
791 838
792 838
793 838
794 838
795 838
796 838
797 838
798 838
799 837
800 837
801 837
802 837
803 837
804 837
805 837
806 836
807 836
808 835
809 835
810 835
811 835
812 835
813 835
814 835
815 835
816 834
817 834
818 833
819 832
820 832
821 832
822 831
823 831
824 830
825 830
826 830
827 830
828 830
829 830
830 830
831 831
832 830
833 829
834 829
835 829
836 829
837 829
838 829
839 829
840 829
841 829
842 829
843 829
844 829
845 828
846 828
847 827
848 824
849 824
850 824
851 824
852 824
853 824
854 824
855 824
856 824
857 824
858 823
859 823
860 822
861 822
862 822
863 822
864 821
865 821
866 821
867 820
868 817
869 817
870 816
871 816
872 816
873 816
874 816
875 816
876 816
877 816
878 815
879 815
880 815
881 815
882 815
883 815
884 815
885 814
886 812
887 811
888 810
889 809
890 809
891 808
892 808
893 808
894 808
895 808
896 808
897 807
898 807
899 807
900 807
901 807
902 807
903 807
904 807
905 807
906 807
907 807
908 807
909 807
910 807
911 807
912 807
913 807
914 807
915 807
916 807
917 807
918 807
919 807
920 807
921 807
922 807
923 807
924 807
925 807
926 807
927 807
928 807
929 807
930 807
931 807
932 807
933 807
934 807
935 807
936 807
937 807
938 807
939 807
940 807
941 807
942 807
943 807
944 807
945 807
946 807
947 807
948 807
949 807
950 807
951 807
952 807
953 807
954 807
955 807
956 807
957 807
958 807
959 807
960 807
961 806
962 806
963 806
964 806
965 806
966 806
967 806
968 806
969 806
970 806
971 806
972 806
973 805
974 805
975 805
976 805
977 805
978 804
979 804
980 804
981 804
982 804
983 804
984 804
985 804
986 804
987 804
988 804
989 804
990 804
991 804
992 804
993 804
994 804
995 804
996 804
997 804
998 804
999 804
1000 804
1001 804
1002 804
1003 804
1004 804
1005 804
1006 804
1007 804
1008 804
1009 804
1010 804
1011 804
1012 804
1013 803
1014 804
1015 804
1016 804
1017 804
1018 804
1019 804
1020 804
1021 804
1022 803
1023 803
1024 803
1025 803
1026 803
1027 803
1028 803
1029 802
1030 802
1031 802
1032 802
1033 803
1034 803
1035 803
1036 803
1037 803
1038 803
1039 803
1040 803
1041 803
1042 803
1043 803
1044 803
1045 803
1046 802
1047 802
1048 802
1049 802
1050 802
1051 802
1052 802
1053 802
1054 802
1055 803
1056 803
1057 803
1058 803
1059 803
1060 803
1061 803
1062 803
1063 803
1064 803
1065 803
1066 803
1067 803
1068 803
1069 803
1070 802
1071 802
1072 802
1073 802
1074 802
1075 801
1076 801
1077 801
1078 801
1079 800
1080 800
1081 800
1082 800
1083 800
1084 800
1085 800
1086 800
1087 800
1088 800
1089 800
1090 800
1091 800
1092 799
1093 799
1094 799
1095 799
1096 799
1097 798
1098 798
1099 799
1100 799
1101 798
1102 798
1103 797
1104 798
1105 798
1106 798
1107 798
1108 797
1109 797
1110 797
1111 797
1112 797
1113 797
1114 797
1115 796
1116 797
1117 797
1118 797
1119 797
1120 796
1121 796
1122 796
1123 795
1124 794
1125 792
1126 790
1127 789
1128 789
1129 789
1130 789
1131 789
1132 789
1133 789
1134 789
1135 789
1136 789
1137 789
1138 789
1139 789
1140 789
1141 789
1142 789
1143 789
1144 789
1145 789
1146 789
1147 789
1148 789
1149 789
1150 789
1151 789
1152 789
1153 789
1154 789
1155 789
1156 789
1157 789
1158 789
1159 789
1160 789
1161 789
1162 789
1163 789
1164 789
1165 789
1166 789
1167 789
1168 789
1169 789
1170 789
1171 789
1172 789
1173 789
1174 789
1175 789
1176 789
1177 789
1178 789
1179 789
1180 789
1181 789
1182 789
1183 789
1184 789
1185 789
1186 789
1187 789
1188 789
1189 789
1190 789
1191 789
1192 789
1193 789
1194 789
1195 789
1196 789
1197 789
1198 789
1199 789
1200 789
1201 789
1202 789
1203 789
1204 789
1205 789
1206 789
1207 789
1208 789
1209 789
1210 789
1211 789
1212 789
1213 789
1214 789
1215 789
1216 789
1217 789
1218 789
1219 789
1220 789
1221 789
1222 789
1223 789
1224 789
1225 789
1226 789
1227 789
1228 789
1229 789
1230 789
1231 789
1232 789
1233 789
1234 789
1235 789
1236 789
1237 789
1238 789
1239 789
1240 789
1241 789
1242 789
1243 789
1244 789
1245 789
1246 789
1247 789
1248 789
1249 789
1250 789
1251 789
1252 789
1253 789
1254 789
1255 789
1256 789
1257 789
1258 788
1259 788
1260 788
1261 787
1262 787
1263 787
1264 787
1265 787
1266 787
1267 787
1268 787
1269 786
1270 786
1271 786
1272 786
1273 786
1274 786
1275 786
1276 786
1277 786
1278 786
1279 786
1280 786
1281 786
1282 786
1283 786
1284 786
1285 786
1286 786
1287 785
1288 785
1289 785
1290 785
1291 785
1292 785
1293 785
1294 785
1295 785
1296 785
1297 785
1298 785
1299 785
1300 785
1301 785
1302 785
1303 785
1304 785
1305 785
1306 785
1307 785
1308 784
1309 784
1310 784
1311 784
1312 784
1313 784
1314 784
1315 784
1316 784
1317 784
1318 784
1319 784
1320 784
1321 784
1322 784
1323 784
1324 784
1325 784
1326 784
1327 784
1328 783
1329 783
1330 783
1331 783
1332 783
1333 783
1334 783
1335 783
1336 783
1337 783
1338 783
1339 782
1340 782
1341 782
1342 784
1343 784
1344 784
1345 784
1346 784
1347 784
1348 785
1349 785
1350 785
1351 785
1352 785
1353 785
1354 785
1355 785
1356 784
1357 784
1358 784
1359 784
1360 783
1361 781
1362 781
1363 781
1364 781
1365 781
1366 781
1367 781
1368 781
1369 781
1370 781
1371 781
1372 780
1373 780
1374 780
1375 780
1376 780
1377 780
1378 780
1379 780
1380 780
1381 780
1382 780
1383 777
1384 777
1385 777
1386 776
1387 775
1388 775
1389 775
1390 775
1391 775
1392 775
1393 775
1394 775
1395 775
1396 775
1397 775
1398 775
1399 775
1400 775
1401 775
1402 775
1403 775
1404 775
1405 775
1406 775
1407 775
1408 775
1409 775
1410 775
1411 775
1412 775
1413 775
1414 775
1415 775
1416 775
1417 775
1418 775
1419 775
1420 775
1421 775
1422 775
1423 775
1424 775
1425 775
1426 775
1427 775
1428 775
1429 775
1430 775
1431 775
1432 775
1433 775
1434 775
1435 775
1436 775
1437 775
1438 775
1439 775
1440 775
1441 775
1442 775
1443 775
1444 775
1445 775
1446 775
1447 775
1448 775
1449 775
1450 775
1451 775
1452 775
1453 775
1454 775
1455 775
1456 775
1457 775
1458 775
1459 775
1460 775
1461 775
1462 775
1463 775
1464 775
1465 775
1466 775
1467 775
1468 775
1469 775
1470 775
1471 775
1472 775
1473 775
1474 775
1475 775
1476 775
1477 775
1478 775
1479 775
1480 775
1481 775
1482 775
1483 775
1484 775
1485 775
1486 775
1487 775
1488 775
1489 775
1490 775
1491 775
1492 775
1493 775
1494 775
1495 775
1496 775
1497 775
1498 775
1499 775
1500 775
1501 775
1502 775
1503 775
1504 775
1505 775
1506 775
1507 775
1508 775
1509 775
1510 775
1511 775
1512 775
1513 775
1514 775
1515 775
1516 775
1517 775
1518 775
1519 775
1520 775
1521 775
1522 775
1523 775
1524 775
1525 775
1526 775
1527 775
1528 775
1529 775
1530 775
1531 775
1532 775
1533 775
1534 775
1535 775
1536 775
1537 775
1538 775
1539 775
1540 775
1541 775
1542 775
1543 775
1544 775
1545 775
1546 775
1547 775
1548 775
1549 775
1550 775
1551 775
1552 775
1553 775
1554 775
1555 775
1556 775
1557 775
1558 775
1559 775
1560 775
1561 775
1562 775
1563 775
1564 775
1565 775
1566 775
1567 775
1568 775
1569 775
1570 775
1571 775
1572 775
1573 775
1574 775
1575 775
1576 775
1577 775
1578 775
1579 775
1580 775
1581 775
1582 775
1583 775
1584 775
1585 775
1586 775
1587 775
1588 775
1589 775
1590 775
1591 775
1592 775
1593 775
1594 775
1595 775
1596 775
1597 775
1598 775
1599 775
1600 775
1601 775
1602 775
1603 775
1604 775
1605 775
1606 775
1607 775
1608 775
1609 775
1610 775
1611 775
1612 775
1613 775
1614 775
1615 775
1616 775
1617 775
1618 775
1619 775
1620 775
1621 775
1622 775
1623 775
1624 775
1625 775
1626 775
1627 775
1628 775
1629 775
1630 775
1631 775
1632 775
1633 775
1634 775
1635 775
1636 775
1637 775
1638 775
1639 775
1640 775
1641 775
1642 775
1643 775
1644 775
1645 775
1646 775
1647 775
1648 775
1649 775
1650 775
1651 775
1652 775
1653 775
1654 775
1655 775
1656 775
1657 775
1658 775
1659 775
1660 775
1661 775
1662 775
1663 775
1664 775
1665 775
1666 775
1667 775
1668 775
1669 775
1670 775
1671 775
1672 775
1673 775
1674 775
1675 775
1676 775
1677 775
1678 775
1679 775
1680 775
1681 775
1682 775
1683 775
1684 775
1685 775
1686 775
1687 775
1688 775
1689 775
1690 775
1691 775
1692 775
1693 775
1694 775
1695 775
1696 775
1697 775
1698 775
1699 775
1700 775
1701 775
1702 775
1703 775
1704 775
1705 775
1706 775
1707 775
1708 775
1709 775
1710 775
1711 775
1712 775
1713 775
1714 775
1715 775
1716 775
1717 775
1718 775
1719 775
1720 775
1721 775
1722 775
1723 775
1724 775
1725 775
1726 775
1727 775
1728 775
1729 775
1730 775
1731 775
1732 775
1733 775
1734 775
1735 775
1736 775
1737 775
1738 775
1739 775
1740 775
1741 775
1742 775
1743 775
1744 775
1745 775
1746 775
1747 775
1748 775
1749 775
1750 775
1751 775
1752 775
1753 775
1754 775
1755 775
1756 775
1757 775
1758 775
1759 775
1760 775
1761 775
1762 775
1763 775
1764 775
1765 775
1766 775
1767 775
1768 775
1769 775
1770 775
1771 775
1772 775
1773 775
1774 775
1775 775
1776 774
1777 774
1778 774
1779 774
1780 774
1781 774
1782 774
1783 773
1784 773
1785 773
1786 773
1787 774
1788 774
1789 774
1790 774
1791 774
1792 773
1793 773
1794 772
1795 771
1796 771
1797 771
1798 771
1799 771
1800 771
1801 771
1802 772
1803 772
1804 772
1805 772
1806 772
1807 772
1808 772
1809 772
1810 772
1811 772
1812 771
1813 771
1814 771
1815 771
1816 771
1817 771
1818 771
1819 771
1820 771
1821 771
1822 771
1823 771
1824 771
1825 771
1826 771
1827 771
1828 771
1829 771
1830 770
1831 770
1832 770
1833 770
1834 770
1835 770
1836 770
1837 770
1838 770
1839 769
1840 769
1841 769
1842 769
1843 769
1844 769
1845 769
1846 769
1847 769
1848 770
1849 770
1850 770
1851 770
1852 770
1853 770
1854 770
1855 770
1856 770
1857 770
1858 770
1859 770
1860 770
1861 770
1862 770
1863 770
1864 770
1865 770
1866 770
1867 770
1868 770
1869 770
1870 770
1871 770
1872 770
1873 770
1874 770
1875 770
1876 770
1877 770
1878 770
1879 770
1880 770
1881 770
1882 770
1883 770
1884 770
1885 770
1886 770
1887 770
1888 770
1889 770
1890 770
1891 770
1892 770
1893 770
1894 770
1895 770
1896 770
1897 770
1898 770
1899 770
1900 770
1901 770
1902 770
1903 770
1904 770
1905 770
1906 770
1907 770
1908 770
1909 770
1910 770
1911 770
1912 770
1913 770
1914 770
1915 770
1916 770
1917 770
1918 770
1919 770
1920 770
1921 770
1922 770
1923 770
1924 770
1925 770
1926 770
1927 770
1928 770
1929 770
1930 770
1931 770
1932 770
1933 770
1934 770
1935 770
1936 770
1937 770
1938 770
1939 770
1940 770
1941 770
1942 770
1943 770
1944 770
1945 770
1946 770
1947 770
1948 770
1949 770
1950 770
1951 770
1952 770
1953 770
1954 770
1955 770
1956 770
1957 770
1958 770
1959 770
1960 770
1961 770
1962 770
1963 770
1964 770
1965 770
1966 770
1967 770
1968 770
1969 770
1970 770
1971 770
1972 770
1973 770
1974 770
1975 770
1976 770
1977 770
1978 770
1979 770
1980 770
1981 770
1982 770
1983 770
1984 770
1985 770
1986 770
1987 770
1988 770
1989 770
1990 770
1991 770
1992 770
1993 770
1994 770
1995 770
1996 770
1997 770
1998 770
1999 770
2000 770
2001 770
2002 770
2003 770
2004 770
2005 770
2006 770
2007 770
2008 770
2009 770
2010 770
2011 770
2012 770
2013 770
2014 770
2015 770
2016 770
2017 770
2018 770
2019 770
2020 770
2021 770
2022 770
2023 770
2024 770
2025 770
2026 770
2027 770
2028 770
2029 770
2030 770
2031 770
2032 770
2033 770
2034 770
2035 770
2036 770
2037 770
2038 770
2039 770
2040 770
2041 770
2042 770
2043 770
2044 770
2045 770
2046 770
2047 770
2048 770
2049 770
2050 770
2051 770
2052 770
2053 770
2054 770
2055 770
2056 770
2057 770
2058 770
2059 770
2060 770
2061 770
2062 770
2063 770
2064 770
2065 770
2066 770
2067 770
2068 770
2069 770
2070 770
2071 770
2072 770
2073 770
2074 770
2075 770
2076 770
2077 770
2078 770
2079 770
2080 770
2081 770
2082 770
2083 770
2084 770
2085 770
2086 770
2087 770
2088 770
2089 770
2090 770
2091 770
2092 770
2093 770
2094 770
2095 770
2096 770
2097 770
2098 770
2099 770
2100 770
2101 770
2102 770
2103 770
2104 770
2105 770
2106 770
2107 770
2108 770
2109 770
2110 770
2111 770
2112 770
2113 770
2114 770
2115 770
2116 770
2117 770
2118 770
2119 770
2120 770
2121 770
2122 770
2123 770
2124 770
2125 770
2126 770
2127 770
2128 770
2129 770
2130 770
2131 769
2132 769
2133 769
2134 769
2135 769
2136 769
2137 769
2138 769
2139 769
2140 769
2141 769
2142 769
2143 769
2144 769
2145 769
2146 769
2147 769
2148 769
2149 769
2150 769
2151 769
2152 769
2153 769
2154 769
2155 769
2156 769
2157 769
2158 769
2159 769
2160 769
2161 769
2162 769
2163 769
2164 769
2165 769
2166 769
2167 769
2168 769
2169 769
2170 769
2171 769
2172 769
2173 769
2174 769
2175 769
2176 769
2177 769
2178 769
2179 769
2180 769
2181 769
2182 769
2183 769
2184 769
2185 769
2186 769
2187 769
2188 769
2189 769
2190 769
2191 769
2192 769
2193 769
2194 769
2195 769
2196 769
2197 769
2198 769
2199 769
2200 769
2201 769
2202 769
2203 769
2204 769
2205 769
2206 769
2207 769
2208 769
2209 769
2210 769
2211 769
2212 769
2213 769
2214 769
2215 769
2216 769
2217 769
2218 769
2219 769
2220 769
2221 769
2222 769
2223 769
2224 769
2225 769
2226 769
2227 769
2228 769
2229 769
2230 769
2231 769
2232 769
2233 769
2234 769
2235 769
2236 769
2237 769
2238 769
2239 769
2240 769
2241 769
2242 769
2243 769
2244 769
2245 769
2246 769
2247 769
2248 769
2249 769
2250 769
2251 769
2252 769
2253 769
2254 769
2255 769
2256 769
2257 769
2258 769
2259 769
2260 769
2261 769
2262 769
2263 769
2264 769
2265 769
2266 769
2267 769
2268 769
2269 769
2270 769
2271 769
2272 769
2273 769
2274 769
2275 769
2276 769
2277 769
2278 769
2279 769
2280 769
2281 769
2282 769
2283 769
2284 769
2285 769
2286 769
2287 769
2288 769
2289 769
2290 769
2291 769
2292 769
2293 769
2294 769
2295 769
2296 769
2297 769
2298 769
2299 769
2300 769
2301 769
2302 769
2303 769
2304 769
2305 769
2306 769
2307 769
2308 769
2309 769
2310 769
2311 769
2312 769
2313 769
2314 769
2315 769
2316 769
2317 769
2318 769
2319 769
2320 769
2321 769
2322 769
2323 769
2324 769
2325 769
2326 769
2327 769
2328 769
2329 769
2330 769
2331 769
2332 769
2333 769
2334 769
2335 769
2336 769
2337 769
2338 769
2339 769
2340 769
2341 769
2342 769
2343 769
2344 769
2345 769
2346 769
2347 769
2348 769
2349 769
2350 769
2351 769
2352 769
2353 769
2354 769
2355 769
2356 769
2357 769
2358 769
2359 769
2360 769
2361 769
2362 769
2363 769
2364 769
2365 769
2366 769
2367 769
2368 769
2369 769
2370 769
2371 769
2372 769
2373 769
2374 769
2375 769
2376 769
2377 769
2378 769
2379 769
2380 769
2381 769
2382 769
2383 769
2384 769
2385 769
2386 769
2387 769
2388 769
2389 769
2390 769
2391 769
2392 769
2393 769
2394 769
2395 769
2396 769
2397 769
2398 769
2399 769
2400 769
2401 769
2402 769
2403 769
2404 769
2405 769
2406 769
2407 769
2408 769
2409 769
2410 769
2411 769
2412 769
2413 769
2414 769
2415 769
2416 769
2417 769
2418 769
2419 769
2420 769
2421 769
2422 769
2423 769
2424 769
2425 769
2426 769
2427 769
2428 769
2429 769
2430 769
2431 769
2432 769
2433 769
2434 769
2435 769
2436 769
2437 769
2438 769
2439 769
2440 769
2441 769
2442 769
2443 769
2444 769
2445 769
2446 769
2447 769
2448 769
2449 769
2450 769
2451 769
2452 769
2453 769
2454 769
2455 769
2456 769
2457 769
2458 769
2459 769
2460 769
2461 769
2462 769
2463 769
2464 769
2465 769
2466 769
2467 769
2468 769
2469 769
2470 769
2471 769
2472 769
2473 769
2474 769
2475 769
2476 769
2477 769
2478 769
2479 769
2480 769
2481 769
2482 769
2483 769
2484 769
2485 769
2486 769
2487 769
2488 769
2489 769
2490 769
2491 769
2492 769
2493 769
2494 769
2495 769
2496 769
2497 769
2498 769
2499 769
2500 769
2501 769
2502 769
2503 769
2504 769
2505 769
2506 768
2507 768
2508 768
2509 768
2510 768
2511 768
2512 768
2513 768
2514 768
2515 768
2516 768
2517 768
2518 768
2519 768
2520 768
2521 768
2522 768
2523 768
2524 768
2525 768
2526 768
2527 768
2528 768
2529 768
2530 768
2531 768
2532 768
2533 768
2534 768
2535 768
2536 768
2537 768
2538 768
2539 768
2540 768
2541 768
2542 768
2543 768
2544 768
2545 768
2546 768
2547 768
2548 768
2549 768
2550 768
2551 768
2552 768
2553 768
2554 768
2555 768
2556 768
2557 768
2558 768
2559 768
2560 768
2561 768
2562 768
2563 768
2564 768
2565 768
2566 768
2567 768
2568 768
2569 768
2570 768
2571 768
2572 768
2573 768
2574 768
2575 768
2576 768
2577 768
2578 768
2579 768
2580 768
2581 768
2582 768
2583 768
2584 768
2585 768
2586 768
2587 768
2588 768
2589 768
2590 768
2591 768
2592 768
2593 768
2594 768
2595 768
2596 768
2597 768
2598 768
2599 768
2600 768
2601 768
2602 768
2603 768
2604 768
2605 768
2606 768
2607 768
2608 768
2609 768
2610 768
2611 768
2612 768
2613 768
2614 768
2615 768
2616 768
2617 768
2618 768
2619 768
2620 768
2621 768
2622 768
2623 768
2624 768
2625 768
2626 768
2627 768
2628 768
2629 768
2630 768
2631 768
2632 768
2633 768
2634 768
2635 768
2636 768
2637 768
2638 768
2639 768
2640 768
2641 768
2642 768
2643 768
2644 768
2645 768
2646 768
2647 768
2648 768
2649 768
2650 768
2651 768
2652 768
2653 768
2654 768
2655 768
2656 768
2657 768
2658 768
2659 768
2660 768
2661 768
2662 768
2663 768
2664 768
2665 768
2666 768
2667 768
2668 768
2669 768
2670 768
2671 768
2672 768
2673 768
2674 768
2675 768
2676 768
2677 768
2678 768
2679 768
2680 768
2681 768
2682 768
2683 768
2684 768
2685 768
2686 768
2687 768
2688 768
2689 768
2690 768
2691 768
2692 768
2693 768
2694 768
2695 768
2696 768
2697 768
2698 768
2699 768
2700 768
2701 768
2702 768
2703 768
2704 768
2705 768
2706 768
2707 768
2708 768
2709 768
2710 768
2711 768
2712 768
2713 768
2714 768
2715 768
2716 768
2717 768
2718 768
2719 768
2720 768
2721 768
2722 768
2723 768
2724 768
2725 768
2726 768
2727 768
2728 768
2729 768
2730 768
2731 768
2732 768
2733 768
2734 768
2735 768
2736 768
2737 768
2738 768
2739 768
2740 768
2741 768
2742 768
2743 768
2744 768
2745 768
2746 768
2747 768
2748 768
2749 768
2750 768
2751 768
2752 768
2753 768
2754 768
2755 768
2756 768
2757 768
2758 768
2759 768
2760 768
2761 768
2762 768
2763 768
2764 768
2765 768
2766 768
2767 768
2768 768
2769 768
2770 768
2771 768
2772 768
2773 768
2774 768
2775 768
2776 768
2777 768
2778 768
2779 768
2780 768
2781 768
2782 768
2783 768
2784 768
2785 768
2786 768
2787 768
2788 768
2789 768
2790 768
2791 768
2792 768
2793 768
2794 768
2795 768
2796 768
2797 768
2798 768
2799 768
2800 768
2801 768
2802 768
2803 768
2804 768
2805 768
2806 768
2807 768
2808 768
2809 768
2810 768
2811 768
2812 768
2813 768
2814 768
2815 768
2816 768
2817 768
2818 768
2819 768
2820 768
2821 768
2822 768
2823 768
2824 768
2825 768
2826 768
2827 768
2828 768
2829 768
2830 768
2831 768
2832 768
2833 768
2834 768
2835 768
2836 768
2837 768
2838 768
2839 768
2840 768
2841 768
2842 768
2843 768
2844 768
2845 768
2846 768
2847 768
2848 768
2849 768
2850 768
2851 768
2852 768
2853 768
2854 768
2855 768
2856 768
2857 768
2858 768
2859 768
2860 768
2861 768
2862 768
2863 768
2864 768
2865 768
2866 768
2867 768
2868 768
2869 768
2870 768
2871 768
2872 768
2873 768
2874 768
2875 768
2876 768
2877 768
2878 768
2879 768
2880 768
2881 768
2882 768
2883 768
2884 768
2885 768
2886 768
2887 768
2888 768
2889 768
2890 768
2891 768
2892 768
2893 768
2894 768
2895 768
2896 768
2897 768
2898 768
2899 768
2900 768
2901 768
2902 768
2903 768
2904 768
2905 768
2906 768
2907 768
2908 768
2909 768
2910 768
2911 768
2912 768
2913 768
2914 768
2915 768
2916 768
2917 768
2918 768
2919 768
2920 768
2921 768
2922 768
2923 768
2924 768
2925 768
2926 768
2927 768
2928 768
2929 768
2930 768
2931 768
2932 768
2933 768
2934 768
2935 768
2936 768
2937 768
2938 768
2939 768
2940 768
2941 768
2942 768
2943 768
2944 768
2945 768
2946 768
2947 768
2948 768
2949 768
2950 768
2951 768
2952 768
2953 768
2954 768
2955 768
2956 768
2957 768
2958 768
2959 768
2960 768
2961 768
2962 768
2963 768
2964 768
2965 768
2966 768
2967 768
2968 768
2969 768
2970 768
2971 768
2972 768
2973 768
2974 768
2975 768
2976 768
2977 768
2978 768
2979 768
2980 768
2981 768
2982 768
2983 768
2984 768
2985 768
2986 768
2987 768
2988 768
2989 768
2990 768
2991 768
2992 768
2993 768
2994 768
2995 768
2996 768
2997 768
2998 768
2999 768
3000 768
3001 768
3002 768
3003 768
3004 768
3005 768
3006 768
3007 768
3008 768
3009 768
3010 768
3011 768
3012 768
3013 768
3014 768
3015 768
3016 768
3017 768
3018 768
3019 768
3020 768
3021 768
3022 768
3023 768
3024 768
3025 767
3026 767
3027 767
3028 767
3029 767
3030 767
3031 767
3032 767
3033 767
3034 767
3035 767
3036 767
3037 767
3038 767
3039 767
3040 767
3041 767
3042 767
3043 767
3044 767
3045 767
3046 767
3047 767
3048 767
3049 767
3050 767
3051 767
3052 767
3053 767
3054 767
3055 767
3056 767
3057 767
3058 767
3059 767
3060 767
3061 767
3062 767
3063 767
3064 767
3065 767
3066 767
3067 767
3068 767
3069 767
3070 767
3071 767
3072 767
3073 767
3074 767
3075 767
3076 767
3077 767
3078 767
3079 767
3080 767
3081 767
3082 767
3083 767
3084 767
3085 767
3086 767
3087 767
3088 767
3089 767
3090 767
3091 767
3092 767
3093 767
3094 767
3095 767
3096 767
3097 767
3098 767
3099 767
3100 767
3101 767
3102 767
3103 767
3104 767
3105 767
3106 767
3107 767
3108 767
3109 767
3110 767
3111 767
3112 767
3113 767
3114 767
3115 767
3116 767
3117 767
3118 767
3119 767
3120 767
3121 767
3122 767
3123 767
3124 767
3125 767
3126 767
3127 767
3128 767
3129 767
3130 767
3131 767
3132 767
3133 767
3134 767
3135 767
3136 767
3137 767
3138 767
3139 767
3140 767
3141 767
3142 767
3143 767
3144 767
3145 767
3146 767
3147 767
3148 767
3149 767
3150 767
3151 767
3152 767
3153 767
3154 767
3155 767
3156 767
3157 767
3158 767
3159 767
3160 767
3161 767
3162 767
3163 767
3164 767
3165 767
3166 767
3167 767
3168 767
3169 767
3170 767
3171 767
3172 767
3173 767
3174 767
3175 767
3176 767
3177 767
3178 767
3179 767
3180 767
3181 767
3182 767
3183 767
3184 767
3185 767
3186 767
3187 767
3188 767
3189 767
3190 767
3191 767
3192 767
3193 767
3194 767
3195 767
3196 767
3197 767
3198 767
3199 767
3200 767
3201 767
3202 767
3203 767
3204 767
3205 767
3206 767
3207 767
3208 767
3209 767
3210 767
3211 767
3212 767
3213 767
3214 767
3215 767
3216 767
3217 767
3218 767
3219 767
3220 767
3221 767
3222 767
3223 767
3224 767
3225 767
3226 767
3227 767
3228 767
3229 767
3230 767
3231 767
3232 767
3233 767
3234 767
3235 767
3236 767
3237 767
3238 767
3239 767
3240 767
3241 767
3242 767
3243 767
3244 767
3245 767
3246 767
3247 767
3248 767
3249 767
3250 767
3251 767
3252 767
3253 767
3254 767
3255 767
3256 767
3257 767
3258 767
3259 767
3260 767
3261 767
3262 767
3263 767
3264 767
3265 767
3266 767
3267 767
3268 767
3269 767
3270 767
3271 767
3272 767
3273 767
3274 767
3275 767
3276 767
3277 767
3278 767
3279 767
3280 767
3281 767
3282 767
3283 767
3284 767
3285 767
3286 767
3287 767
3288 767
3289 767
3290 767
3291 767
3292 767
3293 767
3294 767
3295 767
3296 767
3297 767
3298 767
3299 767
3300 767
3301 767
3302 767
3303 767
3304 767
3305 767
3306 767
3307 767
3308 767
3309 767
3310 767
3311 767
3312 767
3313 767
3314 767
3315 767
3316 767
3317 767
3318 767
3319 767
3320 767
3321 767
3322 767
3323 767
3324 767
3325 767
3326 767
3327 767
3328 767
3329 767
3330 767
3331 767
3332 767
3333 767
3334 767
3335 767
3336 767
3337 767
3338 767
3339 767
3340 767
3341 767
3342 767
3343 767
3344 767
3345 767
3346 767
3347 767
3348 767
3349 767
3350 767
3351 767
3352 767
3353 767
3354 767
3355 767
3356 767
3357 767
3358 767
3359 767
3360 767
3361 767
3362 767
3363 767
3364 767
3365 767
3366 767
3367 767
3368 767
3369 767
3370 767
3371 767
3372 767
3373 767
3374 767
3375 767
3376 767
3377 767
3378 767
3379 767
3380 767
3381 767
3382 767
3383 767
3384 767
3385 767
3386 767
3387 767
3388 767
3389 767
3390 767
3391 767
3392 767
3393 767
3394 767
3395 767
3396 767
3397 767
3398 767
3399 767
3400 767
3401 767
3402 767
3403 767
3404 767
3405 767
3406 767
3407 767
3408 767
3409 767
3410 767
3411 767
3412 767
3413 767
3414 767
3415 767
3416 767
3417 767
3418 767
3419 767
3420 767
3421 767
3422 767
3423 767
3424 767
3425 767
3426 767
3427 767
3428 767
3429 767
3430 767
3431 767
3432 767
3433 767
3434 767
3435 767
3436 767
3437 767
3438 767
3439 767
3440 767
3441 767
3442 767
3443 767
3444 767
3445 767
3446 767
3447 767
3448 767
3449 767
3450 767
3451 767
3452 767
3453 767
3454 767
3455 767
3456 767
3457 767
3458 767
3459 767
3460 767
3461 767
3462 767
3463 767
3464 767
3465 767
3466 767
3467 767
3468 767
3469 767
3470 767
3471 767
3472 767
3473 767
3474 767
3475 767
3476 767
3477 767
3478 767
3479 767
3480 767
3481 767
3482 767
3483 767
3484 767
3485 767
3486 767
3487 767
3488 767
3489 767
3490 767
3491 767
3492 767
3493 767
3494 767
3495 767
3496 767
3497 767
3498 767
3499 767
3500 767
3501 767
3502 767
3503 767
3504 767
3505 767
3506 767
3507 767
3508 767
3509 767
3510 767
3511 767
3512 767
3513 767
3514 767
3515 767
3516 767
3517 767
3518 767
3519 767
3520 767
3521 767
3522 767
3523 767
3524 767
3525 767
3526 767
3527 767
3528 767
3529 767
3530 767
3531 767
3532 767
3533 767
3534 767
3535 767
3536 767
3537 767
3538 767
3539 767
3540 767
3541 767
3542 767
3543 767
3544 767
3545 767
3546 767
3547 767
3548 767
3549 767
3550 767
3551 767
3552 767
3553 767
3554 767
3555 767
3556 767
3557 767
3558 767
3559 767
3560 767
3561 767
3562 767
3563 767
3564 767
3565 767
3566 767
3567 767
3568 767
3569 767
3570 767
3571 767
3572 767
3573 767
3574 767
3575 767
3576 767
3577 767
3578 767
3579 767
3580 767
3581 767
3582 767
3583 767
3584 767
3585 767
3586 767
3587 767
3588 767
3589 767
3590 767
3591 767
3592 767
3593 767
3594 767
3595 767
3596 767
3597 767
3598 767
3599 767
3600 767
3601 767
3602 767
3603 767
3604 767
3605 767
3606 767
3607 767
3608 767
3609 767
3610 767
3611 767
3612 767
3613 767
3614 767
3615 767
3616 767
3617 767
3618 767
3619 767
3620 767
3621 767
3622 767
3623 767
3624 767
3625 767
3626 767
3627 767
3628 767
3629 767
3630 767
3631 767
3632 767
3633 767
3634 767
3635 767
3636 767
3637 767
3638 767
3639 767
3640 767
3641 767
3642 767
3643 767
3644 767
3645 767
3646 767
3647 767
3648 767
3649 767
3650 767
3651 767
3652 767
3653 767
3654 767
3655 767
3656 767
3657 767
3658 767
3659 767
3660 767
3661 767
3662 767
3663 767
3664 767
3665 767
3666 767
3667 767
3668 767
3669 767
3670 767
3671 767
3672 767
3673 767
3674 767
3675 767
3676 767
3677 767
3678 767
3679 767
3680 767
3681 767
3682 767
3683 767
3684 767
3685 767
3686 767
3687 767
3688 767
3689 767
3690 767
3691 767
3692 767
3693 767
3694 767
3695 767
3696 767
3697 767
3698 767
3699 767
3700 767
3701 767
3702 767
3703 767
3704 767
3705 767
3706 767
3707 767
3708 767
3709 767
3710 767
3711 767
3712 767
3713 767
3714 767
3715 767
3716 767
3717 767
3718 767
3719 767
3720 767
3721 767
3722 767
3723 767
3724 767
3725 767
3726 767
3727 767
3728 767
3729 767
3730 767
3731 767
3732 767
3733 767
3734 767
3735 767
3736 767
3737 767
3738 767
3739 767
3740 767
3741 767
3742 767
3743 767
3744 767
3745 767
3746 767
3747 767
3748 767
3749 767
3750 767
3751 767
3752 767
3753 767
3754 767
3755 767
3756 767
3757 767
3758 767
3759 767
3760 767
3761 767
3762 767
3763 767
3764 767
3765 767
3766 767
3767 767
3768 767
3769 767
3770 767
3771 767
3772 767
3773 767
3774 767
3775 767
3776 767
3777 767
3778 767
3779 767
3780 767
3781 767
3782 767
3783 767
3784 767
3785 767
3786 767
3787 767
3788 767
3789 767
3790 767
3791 767
3792 767
3793 767
3794 767
3795 767
3796 767
3797 767
3798 767
3799 767
3800 767
3801 767
3802 767
3803 767
3804 767
3805 767
3806 767
3807 767
3808 767
3809 767
3810 767
3811 767
3812 767
3813 767
3814 767
3815 767
3816 767
3817 767
3818 767
3819 767
3820 767
3821 767
3822 767
3823 767
3824 767
3825 767
3826 767
3827 767
3828 767
3829 767
3830 767
3831 767
3832 767
3833 767
3834 767
3835 767
3836 767
3837 767
3838 767
3839 767
3840 767
3841 767
3842 767
3843 767
3844 767
3845 767
3846 767
3847 767
3848 767
3849 767
3850 767
3851 767
3852 767
3853 767
3854 767
3855 767
3856 767
3857 767
3858 767
3859 767
3860 767
3861 767
3862 767
3863 767
3864 767
3865 767
3866 767
3867 767
3868 767
3869 767
3870 767
3871 767
3872 767
3873 767
3874 767
3875 767
3876 767
3877 767
3878 767
3879 767
3880 767
3881 767
3882 767
3883 767
3884 767
3885 767
3886 767
3887 767
3888 767
3889 767
3890 767
3891 767
3892 767
3893 767
3894 767
3895 767
3896 767
3897 767
3898 767
3899 767
3900 767
3901 767
3902 767
3903 767
3904 767
3905 767
3906 767
3907 767
3908 767
3909 767
3910 767
3911 767
3912 767
3913 767
3914 767
3915 767
3916 767
3917 767
3918 767
3919 767
3920 767
3921 767
3922 767
3923 767
3924 767
3925 767
3926 767
3927 767
3928 767
3929 767
3930 767
3931 767
3932 767
3933 767
3934 767
3935 767
3936 767
3937 767
3938 767
3939 767
3940 767
3941 767
3942 767
3943 767
3944 767
3945 767
3946 767
3947 767
3948 767
3949 767
3950 767
3951 767
3952 767
3953 767
3954 767
3955 767
3956 767
3957 767
3958 767
3959 767
3960 767
3961 767
3962 767
3963 767
3964 767
3965 767
3966 767
3967 767
3968 767
3969 767
3970 767
3971 767
3972 767
3973 767
3974 767
3975 767
3976 767
3977 767
3978 767
3979 767
3980 767
3981 767
3982 767
3983 767
3984 767
3985 767
3986 767
3987 767
3988 767
3989 767
3990 767
3991 767
3992 767
3993 767
3994 767
3995 767
3996 767
3997 767
3998 767
3999 767
4000 767
