0.06, 0.0237122
0.12, 0.0240479
0.1815, 0.0240479
0.244537, 0.0240479
0.309151, 0.0240479
0.37538, 0.0240479
0.443264, 0.0240479
0.512846, 0.0240173
0.584167, 0.0240173
0.657271, 0.0240173
0.732203, 0.0240173
0.809008, 0.0240173
0.887733, 0.0240173
0.968427, 0.0240173
1.05114, 0.0240173
1.13592, 0.0240173
1.22281, 0.0240173
1.31188, 0.0240173
1.40318, 0.0240173
1.49676, 0.0240173
1.59268, 0.0240173
1.691, 0.0240173
1.79177, 0.0239868
1.89507, 0.0239868
2.00094, 0.0239868
2.10947, 0.0239868
2.2207, 0.0239868
2.33472, 0.0239868
2.45159, 0.0239868
2.57138, 0.0239868
2.69416, 0.0239868
2.82002, 0.0240173
2.94902, 0.0240173
3.08124, 0.0240173
3.21677, 0.0240173
3.35569, 0.0240173
3.49808, 0.0240173
3.64404, 0.0240173
3.79364, 0.0240173
3.94698, 0.0240173
4.10415, 0.0240173
4.26526, 0.0240173
4.43039, 0.0240173
4.59965, 0.0240173
4.77314, 0.0240173
4.95097, 0.0240173
5.13324, 0.0240173
5.32007, 0.0240173
5.51157, 0.0240173
5.70786, 0.0240173
5.90906, 0.0240173
6.11529, 0.0240173
6.32667, 0.0240173
6.54334, 0.0240173
6.76542, 0.0240173
6.99306, 0.0240173
7.22638, 0.0240173
7.46554, 0.0240173
7.71068, 0.0240173
7.96195, 0.0240173
8.2195, 0.0240173
8.48348, 0.0240173
8.75407, 0.0239868
9.03142, 0.0239868
9.31571, 0.0239868
9.6071, 0.0239868
9.90578, 0.0239868
10.2119, 0.0239868
10.5257, 0.0239868
10.8474, 0.0239868
11.177, 0.0239868
11.515, 0.0239563
11.8613, 0.0239563
12.2164, 0.0239563
12.5803, 0.0239563
12.9533, 0.0239563
13.3356, 0.0239563
13.7275, 0.0239563
14.1292, 0.0239258
14.5409, 0.0238953
14.963, 0.0238647
15.3955, 0.0238953
15.8389, 0.0239258
16.2934, 0.0239258
16.7592, 0.0239258
17.2367, 0.0239258
17.7261, 0.0239258
18.2278, 0.0239258
18.742, 0.0239258
19.269, 0.0239258
19.8093, 0.0238953
20.363, 0.0238953
20.9306, 0.0238953
21.5123, 0.0238953
22.1086, 0.0239258
22.7198, 0.0239258
23.3463, 0.0239258
23.9885, 0.0239258
24.6467, 0.0239258
25.3214, 0.0239563
26.0129, 0.0239563
26.7217, 0.0239563
27.4483, 0.0239563
28.193, 0.0239563
28.9563, 0.0239868
29.7387, 0.0239868
30.5407, 0.0239563
31.3627, 0.0239563
32.2053, 0.0239563
33.0689, 0.0239563
33.9541, 0.0239563
34.8615, 0.0239563
35.7915, 0.0239258
36.7448, 0.0238953
37.7219, 0.0238953
38.7235, 0.0238953
39.7501, 0.0238953
40.8023, 0.0238953
41.8809, 0.0238953
42.9864, 0.0238647
44.1196, 0.0238647
45.281, 0.0238647
46.4716, 0.0238647
47.6919, 0.0238953
48.9427, 0.0238953
50.2247, 0.0238953
51.5388, 0.0238647
52.8858, 0.0238647
54.2665, 0.0238647
55.6816, 0.0238647
57.1322, 0.0238647
58.619, 0.0238647
60.1429, 0.0238647
61.705, 0.0238647
63.3061, 0.0238647
64.9473, 0.0238647
66.6295, 0.0238342
68.3537, 0.0238342
70.1211, 0.0238342
71.9326, 0.0238342
73.7894, 0.0238647
75.6926, 0.0238647
77.6434, 0.0238647
79.643, 0.0238647
81.6926, 0.0238953
83.7934, 0.0239258
85.9468, 0.0239258
88.1539, 0.0239258
90.4163, 0.0239258
92.7352, 0.0239258
95.1121, 0.0239258
97.5484, 0.0239258
100.046, 0.0239258
102.605, 0.0239258
105.229, 0.0239258
107.918, 0.0239258
110.675, 0.0239258
113.5, 0.0239258
116.396, 0.0239258
119.364, 0.0239258
122.407, 0.0239258
125.526, 0.0238953
128.722, 0.0238953
131.999, 0.0238953
135.357, 0.0238647
138.8, 0.0238342
142.328, 0.0238342
145.945, 0.0238342
149.652, 0.0238342
153.452, 0.0238342
157.347, 0.0238342
161.339, 0.0238342
165.431, 0.0238037
169.625, 0.0238037
173.924, 0.0238037
178.331, 0.0238037
182.847, 0.0238037
187.477, 0.0238037
192.223, 0.0238037
197.087, 0.0238037
202.072, 0.0237732
207.183, 0.0237732
212.421, 0.0237732
217.79, 0.0237732
223.293, 0.0237732
223.353, 0.0237122
223.414, 0.0237122
223.477, 0.0237122
223.542, 0.0237122
223.608, 0.0237122
223.676, 0.0237122
223.746, 0.0237122
223.817, 0.0237122
223.89, 0.0237122
223.965, 0.0237122
224.042, 0.0237122
224.121, 0.0237122
224.201, 0.0237122
224.284, 0.0237122
224.369, 0.0237122
224.456, 0.0237122
224.545, 0.0237122
224.636, 0.0237122
224.73, 0.0237122
224.826, 0.0237122
224.924, 0.0237122
225.025, 0.0237122
225.128, 0.0237122
225.188, 0.0237122
225.249, 0.0237122
225.313, 0.0237122
225.373, 0.0237122
225.434, 0.0237122
225.497, 0.0237122
225.562, 0.0237122
225.628, 0.0237122
225.696, 0.0237122
225.765, 0.0237122
225.837, 0.0237122
225.91, 0.0237122
225.985, 0.0237122
226.062, 0.0237122
226.14, 0.0237122
226.221, 0.0237122
226.304, 0.0237122
226.388, 0.0237122
226.475, 0.0237122
226.564, 0.0237122
226.656, 0.0237122
226.749, 0.0237122
226.845, 0.0237122
226.944, 0.0237122
227.044, 0.0237122
227.148, 0.0237122
227.253, 0.0237122
227.362, 0.0237122
227.473, 0.0237122
227.587, 0.0237122
227.704, 0.0237122
227.824, 0.0237122
227.947, 0.0237122
228.073, 0.0237122
228.202, 0.0237122
228.334, 0.0237122
228.469, 0.0237122
228.608, 0.0237122
228.751, 0.0237122
228.897, 0.0237122
229.046, 0.0237122
229.2, 0.0237122
229.357, 0.0237122
229.518, 0.0237122
229.683, 0.0237122
229.852, 0.0237122
230.026, 0.0237122
230.203, 0.0237122
230.386, 0.0237122
230.573, 0.0237122
230.764, 0.0237122
230.96, 0.0237122
231.162, 0.0237122
231.368, 0.0237122
231.579, 0.0237122
231.796, 0.0237122
232.018, 0.0237122
232.246, 0.0237122
232.479, 0.0237122
232.718, 0.0237122
232.963, 0.0237122
233.214, 0.0237122
233.472, 0.0237122
233.736, 0.0237122
234.007, 0.0237122
234.284, 0.0237122
234.568, 0.0237122
234.86, 0.0237122
235.158, 0.0237122
235.464, 0.0237122
235.778, 0.0237122
236.1, 0.0237122
236.43, 0.0237122
236.768, 0.0237122
237.114, 0.0237122
237.469, 0.0237122
237.833, 0.0237122
238.206, 0.0237122
238.588, 0.0237122
238.98, 0.0237122
239.382, 0.0237122
239.793, 0.0237122
240.215, 0.0237122
240.648, 0.0237122
241.091, 0.0237122
241.546, 0.0237122
242.012, 0.0237122
242.489, 0.0237122
242.979, 0.0237122
243.48, 0.0237122
243.995, 0.0236816
244.522, 0.0236816
245.062, 0.0236816
245.616, 0.0236816
246.183, 0.0236816
246.765, 0.0236816
247.361, 0.0236816
247.972, 0.0236816
248.599, 0.0236816
249.241, 0.0236816
249.899, 0.0236816
250.574, 0.0236816
251.265, 0.0236816
251.974, 0.0236816
252.701, 0.0236816
253.446, 0.0236816
254.209, 0.0236816
254.991, 0.0236816
255.793, 0.0236816
256.615, 0.0236816
257.458, 0.0236816
258.321, 0.0236816
259.207, 0.0236816
260.114, 0.0236816
261.044, 0.0236816
261.997, 0.0236816
262.974, 0.0236816
263.976, 0.0236816
265.003, 0.0236816
266.055, 0.0236816
267.133, 0.0236816
268.239, 0.0236816
269.372, 0.0236816
270.534, 0.0236816
271.724, 0.0236816
272.944, 0.0236816
274.195, 0.0236816
275.477, 0.0236816
276.791, 0.0236816
278.138, 0.0236816
279.519, 0.0236816
280.934, 0.0236816
282.385, 0.0236816
283.871, 0.0236816
285.395, 0.0236816
286.958, 0.0236816
288.559, 0.0236816
290.2, 0.0236816
291.882, 0.0236816
293.606, 0.0236816
295.374, 0.0236816
297.185, 0.0236816
299.042, 0.0236816
300.945, 0.0236511
302.896, 0.0236511
304.896, 0.0236511
306.945, 0.0236511
309.046, 0.0236511
311.199, 0.0236511
313.406, 0.0236511
315.669, 0.0236511
317.988, 0.0236511
320.365, 0.0236511
322.801, 0.0236511
325.298, 0.0236511
327.858, 0.0236511
330.481, 0.0236511
333.171, 0.0236511
335.927, 0.0236511
338.752, 0.0236511
341.648, 0.0236511
344.617, 0.0236511
347.659, 0.0236511
350.778, 0.0236511
353.975, 0.0236511
357.251, 0.0236511
360.61, 0.0236511
364.052, 0.0236511
367.581, 0.0236511
371.197, 0.0236511
374.904, 0.0236511
378.704, 0.0236511
382.599, 0.0236511
386.591, 0.0236511
390.683, 0.0236511
394.877, 0.0236511
399.177, 0.0236511
403.583, 0.0236511
408.1, 0.0236511
412.73, 0.0236511
417.475, 0.0236816
422.339, 0.0236816
427.325, 0.0236816
432.435, 0.0236816
437.673, 0.0236816
443.042, 0.0236816
448.545, 0.0236816
454.186, 0.0236816
459.968, 0.0236816
465.895, 0.0236511
471.969, 0.0236511
478.195, 0.0236511
484.578, 0.0236511
491.119, 0.0236511
497.824, 0.0236511
504.697, 0.0236511
511.742, 0.0236511
518.962, 0.0236511
526.364, 0.0236511
533.95, 0.0236511
541.726, 0.0236511
549.696, 0.0236511
557.866, 0.0236511
566.24, 0.0236816
574.823, 0.0236816
583.621, 0.0236816
592.638, 0.0236816
601.881, 0.0236816
611.356, 0.0236816
621.067, 0.0236816
631.021, 0.0236816
641.223, 0.0236816
651.681, 0.0236816
662.4, 0.0236816
673.388, 0.0236816
684.649, 0.0236511
684.709, 0.0235901
684.771, 0.0235901
684.831, 0.0235901
684.892, 0.0235901
684.952, 0.0235901
685.014, 0.0235901
685.077, 0.0235901
685.142, 0.0235901
685.202, 0.0235901
685.262, 0.0235901
685.323, 0.0235901
685.386, 0.0235901
685.451, 0.0235901
685.517, 0.0235901
685.577, 0.0235901
685.638, 0.0235901
685.701, 0.0235901
685.761, 0.0235901
685.823, 0.0235901
685.886, 0.0235901
685.951, 0.0235901
686.017, 0.0235901
686.077, 0.0235901
686.138, 0.0235901
686.198, 0.0235901
686.26, 0.0235901
686.323, 0.0235901
686.383, 0.0235901
686.444, 0.0235901
686.507, 0.0235901
686.572, 0.0235901
686.638, 0.0235901
686.706, 0.0235901
686.766, 0.0235901
686.828, 0.0235901
686.891, 0.0235901
686.955, 0.0235901
687.015, 0.0235901
687.077, 0.0235901
687.137, 0.0235901
687.198, 0.0235901
687.261, 0.0235901
687.326, 0.0235901
687.392, 0.0235901
687.46, 0.0235901
687.53, 0.0235901
687.601, 0.0235901
687.674, 0.0235901
687.734, 0.0235901
687.794, 0.0235901
687.856, 0.0235901
687.919, 0.0235901
687.983, 0.0235901
688.049, 0.0235901
688.117, 0.0235901
688.177, 0.0235901
688.237, 0.0235901
688.297, 0.0235901
688.359, 0.0235901
688.419, 0.0235901
688.48, 0.0235901
688.543, 0.0235901
688.608, 0.0235901
688.674, 0.0235901
688.734, 0.0235901
688.796, 0.0235901
688.859, 0.0235901
688.919, 0.0235901
688.979, 0.0235901
689.04, 0.0235901
689.103, 0.0235901
689.168, 0.0235901
689.228, 0.0235901
689.289, 0.0235901
689.349, 0.0235901
689.411, 0.0235901
689.471, 0.0235901
689.532, 0.0235901
689.592, 0.0235901
689.654, 0.0235901
689.717, 0.0235901
689.782, 0.0235901
689.848, 0.0235901
689.908, 0.0235901
689.968, 0.0235901
690.029, 0.0235901
690.092, 0.0235901
690.157, 0.0235901
690.223, 0.0235901
690.291, 0.0235901
690.351, 0.0235901
690.413, 0.0235901
690.476, 0.0235901
690.536, 0.0235901
690.597, 0.0235901
690.66, 0.0235901
690.725, 0.0235901
690.791, 0.0235901
690.851, 0.0235901
690.911, 0.0235901
690.972, 0.0235901
691.036, 0.0235901
691.096, 0.0235901
691.156, 0.0235901
691.217, 0.0235901
691.28, 0.0235901
691.345, 0.0235901
691.411, 0.0235901
691.471, 0.0235901
691.532, 0.0235901
691.595, 0.0235901
691.655, 0.0235901
691.717, 0.0235901
691.777, 0.0235901
691.838, 0.0235901
691.901, 0.0235901
691.966, 0.0235901
692.032, 0.0235901
692.092, 0.0235901
692.154, 0.0235901
692.214, 0.0235901
692.275, 0.0235901
692.335, 0.0235901
692.397, 0.0235901
692.457, 0.0235901
692.518, 0.0235901
692.578, 0.0235901
692.64, 0.0235901
692.703, 0.0235901
692.767, 0.0235901
692.834, 0.0235901
692.894, 0.0235901
692.955, 0.0235901
693.018, 0.0235901
693.078, 0.0235901
693.14, 0.0235901
693.203, 0.0235901
693.267, 0.0235901
693.327, 0.0235901
693.389, 0.0235901
693.452, 0.0235901
693.517, 0.0235901
693.583, 0.0235901
693.651, 0.0235901
693.711, 0.0235901
693.772, 0.0235901
693.832, 0.0235901
693.894, 0.0235901
693.957, 0.0235901
694.021, 0.0235901
694.081, 0.0235901
694.141, 0.0235901
694.203, 0.0235901
694.263, 0.0235901
694.323, 0.0235901
694.384, 0.0235901
694.447, 0.0235596
694.507, 0.0235596
694.569, 0.0235596
694.629, 0.0235596
694.69, 0.0235596
694.75, 0.0235596
694.812, 0.0235596
694.872, 0.0235596
694.933, 0.0235596
694.996, 0.0235596
695.056, 0.0235596
695.118, 0.0235596
695.181, 0.0235596
695.241, 0.0235596
695.302, 0.0235596
695.365, 0.0235596
695.425, 0.0235596
695.487, 0.0235596
695.547, 0.0235596
695.608, 0.0235596
695.668, 0.0235596
695.73, 0.0235596
695.793, 0.0235596
695.858, 0.0235596
695.924, 0.0235596
695.992, 0.0235596
696.052, 0.0235596
696.113, 0.0235596
696.173, 0.0235596
696.235, 0.0235596
696.298, 0.0235596
696.362, 0.0235596
696.422, 0.0235596
696.484, 0.0235596
696.547, 0.0235596
696.607, 0.0235596
696.668, 0.0235596
696.728, 0.0235596
696.79, 0.0235596
696.85, 0.0235596
696.911, 0.0235596
696.974, 0.0235596
697.034, 0.0235596
697.096, 0.0235596
697.156, 0.0235596
697.217, 0.0235596
697.277, 0.0235596
697.339, 0.0235596
697.402, 0.0235596
697.462, 0.0235596
697.522, 0.0235596
697.583, 0.0235596
697.647, 0.0235596
697.707, 0.0235596
697.768, 0.0235596
697.828, 0.0235596
697.89, 0.0235596
697.953, 0.0235596
698.017, 0.0235596
698.077, 0.0235596
698.139, 0.0235596
698.199, 0.0235596
698.26, 0.0235596
698.32, 0.0235596
698.382, 0.0235596
698.445, 0.0235596
698.509, 0.0235596
698.576, 0.0235596
698.643, 0.0235596
698.713, 0.0235596
698.773, 0.0235596
698.835, 0.0235596
698.895, 0.0235596
698.956, 0.0235596
699.019, 0.0235596
699.084, 0.0235596
699.15, 0.0235596
699.218, 0.0235596
699.287, 0.0235596
699.359, 0.0235596
699.419, 0.0235596
699.48, 0.0235596
699.543, 0.0235596
699.603, 0.0235596
699.665, 0.0235596
699.725, 0.0235596
699.786, 0.0235596
699.849, 0.0235596
699.909, 0.0235596
699.971, 0.0235596
700.034, 0.0235596
700.098, 0.0235596
700.165, 0.0235596
700.225, 0.0235596
700.286, 0.0235596
700.346, 0.0235596
700.406, 0.0235596
700.468, 0.0235596
700.531, 0.0235596
700.591, 0.0235596
700.652, 0.0235596
700.712, 0.0235596
700.774, 0.0235596
700.834, 0.0235596
700.895, 0.0235596
700.955, 0.0235596
701.017, 0.0235596
701.08, 0.0235596
701.144, 0.0235596
701.211, 0.0235291
701.278, 0.0235291
701.338, 0.0235291
701.4, 0.0235291
701.463, 0.0235291
701.523, 0.0235291
701.584, 0.0235291
701.648, 0.0235291
701.712, 0.0235291
701.772, 0.0235291
701.834, 0.0235291
701.897, 0.0235291
701.961, 0.0235291
702.028, 0.0235291
702.095, 0.0235291
702.165, 0.0235291
702.236, 0.0235291
702.309, 0.0235291
702.384, 0.0235291
702.461, 0.0235291
702.54, 0.0235291
702.6, 0.0235291
702.661, 0.0235291
702.724, 0.0235291
702.789, 0.0235291
702.849, 0.0235291
702.911, 0.0235291
702.971, 0.0235291
703.032, 0.0235291
703.092, 0.0235291
703.154, 0.0235291
703.214, 0.0235291
703.275, 0.0235291
703.338, 0.0235291
703.398, 0.0235291
703.46, 0.0235291
703.523, 0.0235291
703.583, 0.0235291
703.644, 0.0235291
703.707, 0.0235291
703.767, 0.0235291
703.829, 0.0235291
703.889, 0.0235291
703.95, 0.0235291
704.013, 0.0235291
704.078, 0.0235291
704.144, 0.0235291
704.212, 0.0235291
704.272, 0.0235291
704.333, 0.0235291
704.396, 0.0235291
704.461, 0.0235291
704.527, 0.0235291
704.587, 0.0235291
704.649, 0.0235291
704.712, 0.0235291
704.776, 0.0235291
704.843, 0.0235291
704.903, 0.0235291
704.964, 0.0235291
705.027, 0.0235291
705.092, 0.0235291
705.152, 0.0235291
705.213, 0.0235291
705.276, 0.0235291
705.336, 0.0235291
705.398, 0.0235291
705.461, 0.0235291
705.525, 0.0235291
705.592, 0.0235291
705.66, 0.0235291
705.729, 0.0235291
705.8, 0.0235291
705.86, 0.0235291
705.922, 0.0235291
705.982, 0.0235291
706.043, 0.0235291
706.107, 0.0235291
706.167, 0.0235291
706.228, 0.0235291
706.291, 0.0235291
706.356, 0.0235291
706.416, 0.0235291
706.477, 0.0235291
706.54, 0.0235291
706.605, 0.0235291
706.671, 0.0235291
706.739, 0.0235291
706.799, 0.0235291
706.86, 0.0235291
706.92, 0.0235291
706.982, 0.0235291
707.045, 0.0235291
707.11, 0.0235291
707.17, 0.0235291
707.231, 0.0235291
707.291, 0.0235291
707.351, 0.0235291
707.413, 0.0235291
707.476, 0.0235291
707.536, 0.0235291
707.596, 0.0235291
707.657, 0.0235291
707.72, 0.0235291
707.785, 0.0235291
707.851, 0.0235291
707.911, 0.0235291
707.973, 0.0235291
708.036, 0.0235291
708.1, 0.0235291
708.166, 0.0235291
708.234, 0.0235291
708.304, 0.0235291
708.375, 0.0235291
708.448, 0.0235291
708.508, 0.0235291
708.57, 0.0235291
708.63, 0.0235291
708.691, 0.0235291
708.754, 0.0235291
708.814, 0.0235291
708.876, 0.0235291
708.939, 0.0235291
709.003, 0.0235291
709.07, 0.0235291
709.13, 0.0235291
709.19, 0.0235291
709.251, 0.0235291
709.311, 0.0235291
709.373, 0.0235291
709.436, 0.0235291
709.5, 0.0235291
709.567, 0.0235291
709.627, 0.0235291
709.688, 0.0235291
709.748, 0.0235291
709.81, 0.0235291
709.873, 0.0235291
709.933, 0.0235291
709.994, 0.0235291
710.057, 0.0235291
710.122, 0.0235291
710.188, 0.0235291
710.256, 0.0235291
710.325, 0.0235291
710.397, 0.0235291
710.47, 0.0235291
710.545, 0.0235291
710.622, 0.0235291
710.7, 0.0235291
710.76, 0.0235291
710.822, 0.0235291
710.885, 0.0235291
710.945, 0.0235291
711.006, 0.0235291
711.069, 0.0235291
711.134, 0.0235291
711.2, 0.0235291
711.268, 0.0235291
711.338, 0.0235291
711.398, 0.0235291
711.459, 0.0235291
711.519, 0.0235291
711.581, 0.0235291
711.644, 0.0235291
711.708, 0.0235291
711.775, 0.0235291
711.835, 0.0235291
711.896, 0.0235291
711.956, 0.0235291
712.018, 0.0235291
712.078, 0.0235291
712.139, 0.0235291
712.202, 0.0235291
712.267, 0.0235291
712.333, 0.0235291
712.393, 0.0235291
712.454, 0.0235291
712.518, 0.0235291
712.578, 0.0235291
712.638, 0.0235291
712.699, 0.0235291
712.762, 0.0235291
712.822, 0.0235291
712.884, 0.0235291
712.944, 0.0235291
713.005, 0.0235291
713.068, 0.0235291
713.128, 0.0235291
713.19, 0.0235291
713.25, 0.0235291
713.311, 0.0235291
713.374, 0.0235291
713.439, 0.0235291
713.505, 0.0235291
713.573, 0.0235291
713.642, 0.0235291
713.714, 0.0235291
713.774, 0.0235291
713.834, 0.0235291
713.894, 0.0235291
713.955, 0.0235291
714.018, 0.0235291
714.078, 0.0235291
714.14, 0.0235291
714.2, 0.0235291
714.261, 0.0235291
714.321, 0.0235291
714.381, 0.0235291
714.443, 0.0235291
714.503, 0.0235291
714.564, 0.0235291
714.624, 0.0235291
714.686, 0.0235291
714.749, 0.0235291
714.813, 0.0235291
714.88, 0.0235291
714.948, 0.0235291
715.008, 0.0235291
715.069, 0.0235291
715.132, 0.0235291
715.197, 0.0235291
715.257, 0.0235291
715.317, 0.0235291
715.378, 0.0235291
715.441, 0.0235291
715.506, 0.0235291
715.566, 0.0235291
715.627, 0.0235291
715.69, 0.0235291
715.755, 0.0235291
715.815, 0.0235291
715.877, 0.0235291
715.937, 0.0235291
715.998, 0.0235291
716.061, 0.0235291
716.126, 0.0235291
716.186, 0.0235291
716.247, 0.0235291
716.31, 0.0235291
716.375, 0.0235291
716.441, 0.0235291
716.509, 0.0235291
716.579, 0.0235291
716.639, 0.0235291
716.7, 0.0235291
716.763, 0.0235291
716.828, 0.0235291
716.894, 0.0235291
716.954, 0.0235291
717.015, 0.0235291
717.078, 0.0235291
717.143, 0.0235291
717.209, 0.0235291
717.269, 0.0235291
717.331, 0.0235291
717.391, 0.0235291
717.452, 0.0235291
717.515, 0.0235291
717.58, 0.0235291
717.646, 0.0235291
717.714, 0.0235291
717.774, 0.0235291
717.836, 0.0235291
717.899, 0.0235291
717.963, 0.0235291
718.029, 0.0235291
718.089, 0.0235291
718.151, 0.0235291
718.211, 0.0235291
718.272, 0.0235291
718.335, 0.0235291
718.395, 0.0235291
718.457, 0.0235291
718.517, 0.0235291
718.577, 0.0235291
718.638, 0.0235291
718.698, 0.0235291
718.76, 0.0235291
718.823, 0.0235291
718.888, 0.0235291
718.954, 0.0235291
719.022, 0.0235291
719.082, 0.0235291
719.143, 0.0235291
719.203, 0.0235291
719.265, 0.0235291
719.328, 0.0235291
719.392, 0.0235291
719.459, 0.0235291
719.526, 0.0235291
719.596, 0.0235291
719.667, 0.0235291
719.741, 0.0235291
719.815, 0.0235291
719.875, 0.0235291
719.937, 0.0235291
719.997, 0.0235291
720.058, 0.0235291
720.121, 0.0235291
720.186, 0.0235291
720.246, 0.0235291
720.308, 0.0235291
720.371, 0.0235291
720.435, 0.0235291
720.495, 0.0235291
720.557, 0.0235291
720.617, 0.0235291
720.678, 0.0235291
720.741, 0.0235291
720.806, 0.0235291
720.872, 0.0235291
720.932, 0.0235291
720.994, 0.0235291
721.057, 0.0235291
721.121, 0.0235291
721.187, 0.0235291
721.247, 0.0235291
721.309, 0.0235291
721.372, 0.0235291
721.437, 0.0235291
721.497, 0.0235291
721.558, 0.0235291
721.618, 0.0235291
721.68, 0.0235291
721.743, 0.0235291
721.807, 0.0235291
721.874, 0.0235291
721.941, 0.0235291
722.011, 0.0235291
722.082, 0.0235291
722.142, 0.0235291
722.202, 0.0235291
722.264, 0.0235291
722.327, 0.0235291
722.391, 0.0235291
722.451, 0.0235291
722.513, 0.0235291
722.573, 0.0235291
722.634, 0.0235291
722.694, 0.0235291
722.756, 0.0235291
722.816, 0.0235291
722.877, 0.0235291
722.941, 0.0235291
723.001, 0.0235291
723.061, 0.0235291
723.122, 0.0235291
723.185, 0.0235291
723.245, 0.0235291
723.305, 0.0235291
723.367, 0.0235291
723.427, 0.0235291
723.488, 0.0235291
723.551, 0.0235291
723.616, 0.0235291
723.682, 0.0235291
723.75, 0.0235291
723.819, 0.0235291
723.891, 0.0235291
723.951, 0.0235291
724.012, 0.0235291
724.075, 0.0235291
724.135, 0.0235291
724.197, 0.0235291
724.26, 0.0235291
724.32, 0.0235291
724.381, 0.0235291
724.444, 0.0235291
724.509, 0.0235291
724.569, 0.0235291
724.63, 0.0235291
724.693, 0.0235291
724.753, 0.0235291
724.815, 0.0235291
724.878, 0.0235291
724.938, 0.0235291
724.998, 0.0235291
725.06, 0.0235291
725.123, 0.0235291
725.187, 0.0235291
725.253, 0.0235291
725.321, 0.0235291
725.381, 0.0235291
725.443, 0.0235291
725.503, 0.0235291
725.564, 0.0235291
725.627, 0.0235291
725.687, 0.0235291
725.749, 0.0235291
725.812, 0.0235291
725.872, 0.0235291
725.933, 0.0235291
725.996, 0.0235291
726.061, 0.0235291
726.127, 0.0235291
726.195, 0.0235291
726.265, 0.0235291
726.325, 0.0235291
726.386, 0.0235291
726.449, 0.0235291
726.509, 0.0235291
726.571, 0.0235291
726.631, 0.0235291
726.692, 0.0235291
726.755, 0.0235291
726.815, 0.0235291
726.877, 0.0235291
726.937, 0.0235291
726.998, 0.0235291
727.061, 0.0235291
727.126, 0.0235291
727.186, 0.0235291
727.247, 0.0235291
727.307, 0.0235291
727.369, 0.0235291
727.429, 0.0235291
727.49, 0.0235291
727.553, 0.0235291
727.618, 0.0235291
727.678, 0.0235291
727.74, 0.0235291
727.8, 0.0235291
727.861, 0.0235291
727.921, 0.0235291
727.983, 0.0235291
728.046, 0.0235291
728.106, 0.0235291
728.166, 0.0235291
728.227, 0.0235291
728.287, 0.0235291
728.349, 0.0235291
728.409, 0.0235291
728.47, 0.0235291
728.53, 0.0235291
728.592, 0.0235291
728.652, 0.0235291
728.713, 0.0235291
728.773, 0.0235291
728.835, 0.0235291
728.895, 0.0235291
728.956, 0.0235291
729.019, 0.0235291
729.084, 0.0235291
729.15, 0.0235291
729.218, 0.0235291
729.287, 0.0235291
729.359, 0.0235291
729.419, 0.0235291
729.48, 0.0235291
729.543, 0.0235291
729.603, 0.0235291
729.665, 0.0235291
729.725, 0.0235291
729.786, 0.0235291
729.846, 0.0235291
729.908, 0.0235291
729.968, 0.0235291
730.029, 0.0235291
730.092, 0.0235291
730.157, 0.0235291
730.223, 0.0235291
730.291, 0.0235291
730.361, 0.0235291
730.421, 0.0235291
730.482, 0.0235291
730.542, 0.0235291
730.604, 0.0235291
730.664, 0.0235291
730.725, 0.0235291
730.785, 0.0235291
730.847, 0.0235291
730.907, 0.0235291
730.968, 0.0235291
731.028, 0.0235291
731.09, 0.0235291
731.15, 0.0235291
731.211, 0.0235291
731.271, 0.0235291
731.333, 0.0235291
731.396, 0.0235291
731.46, 0.0235291
731.52, 0.0235291
731.582, 0.0235291
731.642, 0.0235291
731.703, 0.0235291
731.766, 0.0235291
731.826, 0.0235291
731.888, 0.0235291
731.948, 0.0235291
732.009, 0.0235291
732.069, 0.0235291
732.131, 0.0235291
732.191, 0.0235291
732.252, 0.0235291
732.312, 0.0235291
732.374, 0.0235291
732.437, 0.0235291
732.501, 0.0235291
732.561, 0.0235291
732.623, 0.0235291
732.686, 0.0235291
732.746, 0.0235291
732.808, 0.0235291
732.868, 0.0235291
732.929, 0.0235291
732.989, 0.0235291
733.051, 0.0235291
733.114, 0.0235291
733.178, 0.0235291
733.244, 0.0235291
733.304, 0.0235291
733.366, 0.0235291
733.426, 0.0235291
733.487, 0.0235291
733.547, 0.0235291
733.609, 0.0235291
733.669, 0.0235291
733.73, 0.0235291
733.793, 0.0235291
733.858, 0.0235291
733.924, 0.0235291
733.992, 0.0235291
734.062, 0.0235291
734.133, 0.0235291
734.206, 0.0235291
734.281, 0.0235291
734.341, 0.0235291
734.403, 0.0235291
734.463, 0.0235291
734.524, 0.0235291
734.584, 0.0235291
734.646, 0.0235291
734.709, 0.0235291
734.773, 0.0235291
734.833, 0.0235291
734.895, 0.0235291
734.955, 0.0235291
735.016, 0.0235291
735.076, 0.0235291
735.138, 0.0235291
735.198, 0.0235291
735.259, 0.0235291
735.322, 0.0235291
735.387, 0.0235291
735.447, 0.0235291
735.508, 0.0235291
735.571, 0.0235291
735.636, 0.0235291
735.702, 0.0235291
735.762, 0.0235291
735.824, 0.0235291
735.887, 0.0235291
735.951, 0.0235291
736.011, 0.0235291
736.073, 0.0235291
736.133, 0.0235291
736.194, 0.0235291
736.254, 0.0235291
736.316, 0.0235291
736.379, 0.0235291
736.444, 0.0235291
736.51, 0.0235291
736.57, 0.0235291
736.631, 0.0235291
736.694, 0.0235291
736.759, 0.0235291
736.819, 0.0235291
736.88, 0.0235291
736.94, 0.0235291
737.002, 0.0235291
737.065, 0.0235291
737.125, 0.0235291
737.187, 0.0235291
737.25, 0.0235291
737.314, 0.0235291
737.38, 0.0235291
737.448, 0.0235291
737.518, 0.0235291
737.589, 0.0235291
737.649, 0.0235291
737.711, 0.0235291
737.771, 0.0235291
737.831, 0.0235291
737.892, 0.0235291
737.955, 0.0235291
738.02, 0.0235291
738.086, 0.0235291
738.154, 0.0235291
738.214, 0.0235291
738.275, 0.0235291
738.335, 0.0235291
738.397, 0.0235291
738.457, 0.0235291
738.518, 0.0235291
738.578, 0.0235291
738.64, 0.0235291
738.703, 0.0235291
738.763, 0.0235291
738.824, 0.0235291
738.884, 0.0235291
738.946, 0.0235291
739.009, 0.0235291
739.074, 0.0235291
739.14, 0.0235291
739.208, 0.0235291
739.268, 0.0235291
739.329, 0.0235291
739.392, 0.0235291
739.452, 0.0235291
739.514, 0.0235291
739.574, 0.0235291
739.635, 0.0235291
739.695, 0.0235291
739.755, 0.0235291
739.815, 0.0235291
739.877, 0.0235291
739.937, 0.0235291
739.998, 0.0235291
740.061, 0.0235291
740.126, 0.0235291
740.192, 0.0235291
740.26, 0.0235291
740.33, 0.0235291
740.401, 0.0235291
740.474, 0.0235291
740.534, 0.0235291
740.596, 0.0235291
740.659, 0.0235291
740.719, 0.0235291
740.78, 0.0235291
740.84, 0.0235291
740.902, 0.0235291
740.962, 0.0235291
741.023, 0.0235291
741.086, 0.0235291
741.146, 0.0235291
741.208, 0.0235291
741.271, 0.0235291
741.335, 0.0235291
741.395, 0.0235291
741.457, 0.0235291
741.52, 0.0235291
741.58, 0.0235291
741.641, 0.0235291
741.701, 0.0235291
741.763, 0.0235291
741.823, 0.0235291
741.884, 0.0235291
741.947, 0.0235291
742.007, 0.0235291
742.069, 0.0235291
742.129, 0.0235291
742.19, 0.0235291
742.25, 0.0235291
742.312, 0.0235291
742.375, 0.0235291
742.44, 0.0235291
742.506, 0.0235291
742.566, 0.0235291
742.627, 0.0235291
742.69, 0.0235291
742.755, 0.0235291
742.815, 0.0235291
742.876, 0.0235291
742.939, 0.0235291
743.004, 0.0235291
743.07, 0.0235291
743.138, 0.0235291
743.208, 0.0235291
743.268, 0.0235291
743.329, 0.0235291
743.392, 0.0235291
743.452, 0.0235291
743.514, 0.0235291
743.574, 0.0235291
743.635, 0.0235291
743.695, 0.0235291
743.757, 0.0235291
743.817, 0.0235291
743.878, 0.0235291
743.938, 0.0235291
744, 0.0235291
744.06, 0.0235291
744.12, 0.0235291
744.181, 0.0235291
744.241, 0.0235291
744.303, 0.0235291
744.363, 0.0235291
744.424, 0.0235291
744.484, 0.0235291
744.546, 0.0235291
744.609, 0.0235291
744.673, 0.0235291
744.74, 0.0235291
744.808, 0.0235291
744.877, 0.0235291
744.948, 0.0235291
745.008, 0.0235291
745.07, 0.0235291
745.133, 0.0235291
745.193, 0.0235291
745.254, 0.0235291
745.314, 0.0235291
745.376, 0.0235291
745.439, 0.0235291
745.499, 0.0235291
745.561, 0.0235291
745.624, 0.0235291
745.684, 0.0235291
745.745, 0.0235291
745.808, 0.0235291
745.873, 0.0235291
745.933, 0.0235291
745.994, 0.0235291
746.057, 0.0235291
746.122, 0.0235291
746.188, 0.0235291
746.256, 0.0235291
746.316, 0.0235291
746.377, 0.0235291
746.441, 0.0235291
746.501, 0.0235291
746.562, 0.0235291
746.622, 0.0235291
746.684, 0.0235291
746.744, 0.0235291
746.805, 0.0235291
746.868, 0.0235291
746.928, 0.0235291
746.99, 0.0235291
747.053, 0.0235291
747.117, 0.0235291
747.177, 0.0235291
747.239, 0.0235291
747.299, 0.0235291
747.359, 0.0235291
747.42, 0.0235291
747.483, 0.0234985
747.548, 0.0234985
747.608, 0.0234985
747.669, 0.0234985
747.732, 0.0234985
747.797, 0.0234985
747.857, 0.0234985
747.918, 0.0234985
747.982, 0.0234985
748.046, 0.0234985
748.112, 0.0234985
748.172, 0.0234985
748.234, 0.0234985
748.294, 0.0234985
748.355, 0.0234985
748.415, 0.0234985
748.477, 0.0234985
748.537, 0.0234985
748.598, 0.0234985
748.661, 0.0234985
748.721, 0.0234985
748.783, 0.0234985
748.843, 0.0234985
748.904, 0.0234985
748.964, 0.0234985
749.026, 0.0234985
749.086, 0.0234985
749.147, 0.0234985
749.207, 0.0234985
749.269, 0.0234985
749.329, 0.0234985
749.39, 0.0234985
749.453, 0.0234985
749.513, 0.0234985
749.575, 0.0234985
749.638, 0.0234985
749.698, 0.0234985
749.759, 0.0234985
749.823, 0.0234985
749.887, 0.0234985
749.953, 0.0234985
750.021, 0.0234985
750.081, 0.0234985
750.143, 0.0234985
750.203, 0.0234985
750.263, 0.0234985
750.323, 0.0234985
750.384, 0.0234985
750.447, 0.0234985
750.512, 0.0234985
750.572, 0.0234985
750.633, 0.0234985
750.696, 0.0234985
750.761, 0.0234985
750.827, 0.0234985
750.895, 0.0234985
750.965, 0.0234985
751.025, 0.0234985
751.086, 0.0234985
751.146, 0.0234985
751.208, 0.0234985
751.271, 0.0234985
751.331, 0.0234985
751.392, 0.0234985
751.452, 0.0234985
751.514, 0.0234985
751.574, 0.0234985
751.635, 0.0234985
751.698, 0.0234985
751.758, 0.0234985
751.82, 0.0234985
751.88, 0.0234985
751.941, 0.0234985
752.001, 0.0234985
752.063, 0.0234985
752.123, 0.0234985
752.184, 0.0234985
752.244, 0.0234985
752.306, 0.0234985
752.369, 0.0234985
752.429, 0.0234985
752.49, 0.0234985
752.55, 0.0234985
752.612, 0.0234985
752.672, 0.0234985
752.733, 0.0234985
752.793, 0.0234985
752.855, 0.0234985
752.918, 0.0234985
752.978, 0.0234985
753.039, 0.0234985
753.102, 0.0234985
753.167, 0.0234985
753.227, 0.0234985
753.289, 0.0234985
753.349, 0.0234985
753.41, 0.0234985
753.473, 0.0234985
753.538, 0.0234985
753.604, 0.0234985
753.672, 0.0234985
753.741, 0.0234985
753.801, 0.0234985
753.863, 0.0234985
753.923, 0.0234985
753.984, 0.0234985
754.047, 0.0234985
754.112, 0.0234985
754.178, 0.0234985
754.246, 0.0234985
754.306, 0.0234985
754.368, 0.0234985
754.431, 0.0234985
754.495, 0.0234985
754.555, 0.0234985
754.617, 0.0234985
754.68, 0.0234985
754.744, 0.0234985
754.811, 0.0234985
754.879, 0.0234985
754.939, 0.0234985
755, 0.0234985
755.06, 0.0234985
755.122, 0.0234985
755.182, 0.0234985
755.243, 0.0234985
755.303, 0.0234985
755.365, 0.0234985
755.428, 0.0234985
755.492, 0.0234985
755.558, 0.0234985
755.618, 0.0234985
755.68, 0.0234985
755.743, 0.0234985
755.808, 0.0234985
755.874, 0.0234985
755.942, 0.0234985
756.011, 0.0234985
756.083, 0.0234985
756.156, 0.0234985
756.231, 0.0234985
756.307, 0.0234985
756.386, 0.0234985
756.467, 0.0234985
756.55, 0.0234985
756.634, 0.0234985
756.721, 0.0234985
756.81, 0.0234985
756.902, 0.0234985
756.995, 0.0234985
757.055, 0.0234985
757.117, 0.0234985
757.18, 0.0234985
757.244, 0.0234985
757.311, 0.0234985
757.378, 0.0234985
757.448, 0.0234985
757.519, 0.0234985
757.592, 0.0234985
757.667, 0.0234985
757.744, 0.0234985
757.823, 0.0234985
757.904, 0.0234985
757.986, 0.0234985
758.071, 0.0234985
758.158, 0.0234985
758.218, 0.0234985
758.28, 0.0234985
758.343, 0.0234985
758.407, 0.0234985
758.467, 0.0234985
758.529, 0.0234985
758.592, 0.0234985
758.656, 0.0234985
758.716, 0.0234985
758.778, 0.0234985
758.841, 0.0234985
758.901, 0.0234985
758.962, 0.0234985
759.022, 0.0234985
759.084, 0.0234985
759.147, 0.0234985
759.212, 0.0234985
759.272, 0.0234985
759.333, 0.0234985
759.393, 0.0234985
759.455, 0.0234985
759.515, 0.0234985
759.576, 0.0234985
759.636, 0.0234985
759.698, 0.0234985
759.758, 0.0234985
759.819, 0.0234985
759.882, 0.0234985
759.947, 0.0234985
760.013, 0.0234985
760.081, 0.0234985
760.15, 0.0234985
760.21, 0.0234985
760.272, 0.0234985
760.335, 0.0234985
760.395, 0.0234985
760.456, 0.0234985
760.516, 0.0234985
760.578, 0.0234985
760.638, 0.0234985
760.699, 0.0234985
760.759, 0.0234985
760.821, 0.0234985
760.881, 0.0234985
760.942, 0.0234985
761.002, 0.0234985
761.064, 0.0234985
761.127, 0.0234985
761.192, 0.0234985
761.258, 0.0234985
761.326, 0.0234985
761.395, 0.0234985
761.455, 0.0234985
761.517, 0.0234985
761.577, 0.0234985
761.638, 0.0234985
761.698, 0.0234985
761.76, 0.0234985
761.82, 0.0234985
761.881, 0.0234985
761.941, 0.0234985
762.003, 0.0234985
762.066, 0.0234985
762.13, 0.0234985
762.197, 0.0234985
762.265, 0.0234985
762.334, 0.0234985
762.394, 0.0234985
762.456, 0.0234985
762.519, 0.0234985
762.583, 0.0234985
762.643, 0.0234985
762.705, 0.0234985
762.768, 0.0234985
762.828, 0.0234985
762.889, 0.0234985
762.949, 0.0234985
763.011, 0.0234985
763.071, 0.0234985
763.132, 0.0234985
763.192, 0.0234985
763.252, 0.0234985
763.314, 0.0234985
763.374, 0.0234985
763.435, 0.0234985
763.498, 0.0234985
763.558, 0.0234985
763.62, 0.0234985
763.68, 0.0234985
763.741, 0.0234985
763.804, 0.0234985
763.864, 0.0234985
763.926, 0.0234985
763.989, 0.0234985
764.049, 0.0234985
764.11, 0.0234985
764.173, 0.0234985
764.233, 0.0234985
764.295, 0.0234985
764.358, 0.0234985
764.423, 0.0234985
764.483, 0.0234985
764.544, 0.0234985
764.607, 0.0234985
764.667, 0.0234985
764.729, 0.0234985
764.792, 0.0234985
764.856, 0.0234985
764.923, 0.0234985
764.99, 0.0234985
765.06, 0.0234985
765.131, 0.0234985
765.191, 0.0234985
765.253, 0.0234985
765.313, 0.0234985
765.374, 0.0234985
765.434, 0.0234985
765.496, 0.0234985
765.556, 0.0234985
765.617, 0.0234985
765.68, 0.0234985
765.74, 0.0234985
765.802, 0.0234985
765.865, 0.0234985
765.929, 0.0234985
765.996, 0.0234985
766.064, 0.0234985
766.133, 0.0234985
766.193, 0.0234985
766.255, 0.0234985
766.315, 0.0234985
766.376, 0.0234985
766.439, 0.0234985
766.499, 0.0234985
766.561, 0.0234985
766.624, 0.0234985
766.684, 0.0234985
766.745, 0.0234985
766.808, 0.0234985
766.873, 0.0234985
766.933, 0.0234985
766.994, 0.0234985
767.054, 0.0234985
767.116, 0.0234985
767.176, 0.0234985
767.237, 0.0234985
767.297, 0.0234985
767.359, 0.0234985
767.422, 0.0234985
767.482, 0.0234985
767.543, 0.0234985
767.603, 0.0234985
767.665, 0.0234985
767.725, 0.0234985
767.786, 0.0234985
767.849, 0.0234985
767.909, 0.0234985
767.971, 0.0234985
768.034, 0.0234985
768.099, 0.0234985
768.159, 0.0234985
768.22, 0.0234985
768.283, 0.0234985
768.343, 0.0234985
768.405, 0.0234985
768.468, 0.0234985
768.528, 0.0234985
768.589, 0.0234985
768.652, 0.0234985
768.712, 0.0234985
768.774, 0.0234985
768.834, 0.0234985
768.895, 0.0234985
768.955, 0.0234985
769.017, 0.0234985
769.077, 0.0234985
769.138, 0.0234985
769.198, 0.0234985
769.26, 0.0234985
769.323, 0.0234985
769.383, 0.0234985
769.444, 0.0234985
769.504, 0.0234985
769.566, 0.0234985
769.626, 0.0234985
769.687, 0.0234985
769.747, 0.0234985
769.809, 0.0234985
769.869, 0.0234985
769.93, 0.0234985
769.99, 0.0234985
770.052, 0.0234985
770.115, 0.0234985
770.179, 0.0234985
770.239, 0.0234985
770.301, 0.0234985
770.361, 0.0234985
770.422, 0.0234985
770.485, 0.0234985
770.55, 0.0234985
770.61, 0.0234985
770.672, 0.0234985
770.732, 0.0234985
770.793, 0.0234985
770.856, 0.0234985
770.921, 0.0234985
770.987, 0.0234985
771.047, 0.0234985
771.108, 0.0234985
771.171, 0.0234985
771.231, 0.0234985
771.293, 0.0234985
771.356, 0.0234985
771.416, 0.0234985
771.478, 0.0234985
771.538, 0.0234985
771.599, 0.0234985
771.662, 0.0234985
771.727, 0.0234985
771.793, 0.0234985
771.861, 0.0234985
771.93, 0.0234985
771.99, 0.0234985
772.052, 0.0234985
772.115, 0.0234985
772.18, 0.0234985
772.246, 0.0234985
772.314, 0.0234985
772.374, 0.0234985
772.435, 0.0234985
772.495, 0.0234985
772.557, 0.0234985
772.617, 0.0234985
772.678, 0.0234985
772.741, 0.0234985
772.801, 0.0234985
772.863, 0.0234985
772.926, 0.0234985
772.986, 0.0234985
773.047, 0.0234985
773.11, 0.0234985
773.175, 0.0234985
773.241, 0.0234985
773.309, 0.0234985
773.379, 0.0234985
773.439, 0.0234985
773.5, 0.0234985
773.56, 0.0234985
773.622, 0.0234985
773.685, 0.0234985
773.745, 0.0234985
773.806, 0.0234985
773.869, 0.0234985
773.929, 0.0234985
773.991, 0.0234985
774.054, 0.0234985
774.118, 0.0234985
774.178, 0.0234985
774.24, 0.0234985
774.303, 0.0234985
774.367, 0.0234985
774.434, 0.0234985
774.494, 0.0234985
774.555, 0.0234985
774.618, 0.0234985
774.678, 0.0234985
774.74, 0.0234985
774.803, 0.0234985
774.863, 0.0234985
774.924, 0.0234985
774.984, 0.0234985
775.046, 0.0234985
775.109, 0.0234985
775.169, 0.0234985
775.23, 0.0234985
775.29, 0.0234985
775.352, 0.0234985
775.412, 0.0234985
775.473, 0.0234985
775.536, 0.0234985
775.601, 0.0234985
775.661, 0.0234985
775.722, 0.0234985
775.785, 0.0234985
775.85, 0.0234985
775.916, 0.0234985
775.984, 0.0234985
776.054, 0.0234985
776.114, 0.0234985
776.175, 0.0234985
776.235, 0.0234985
776.297, 0.0234985
776.357, 0.0234985
776.418, 0.0234985
776.481, 0.0234985
776.546, 0.0234985
776.606, 0.0234985
776.667, 0.0234985
776.73, 0.0234985
776.79, 0.0234985
776.852, 0.0234985
776.912, 0.0234985
776.973, 0.0234985
777.037, 0.0234985
777.097, 0.0234985
777.158, 0.0234985
777.221, 0.0234985
777.286, 0.0234985
777.352, 0.0234985
777.42, 0.0234985
777.48, 0.0234985
777.541, 0.0234985
777.604, 0.0234985
777.669, 0.0234985
777.735, 0.0234985
777.795, 0.0234985
777.857, 0.0234985
777.92, 0.0234985
777.98, 0.0234985
778.04, 0.0234985
778.101, 0.0234985
778.161, 0.0234985
778.223, 0.0234985
778.286, 0.0234985
778.35, 0.0234985
778.417, 0.0234985
778.484, 0.0234985
778.554, 0.0234985
778.625, 0.0234985
778.685, 0.0234985
778.747, 0.0234985
778.81, 0.0234985
778.87, 0.0234985
778.931, 0.0234985
778.991, 0.0234985
779.051, 0.0234985
779.113, 0.0234985
779.176, 0.0234985
779.236, 0.0234985
779.297, 0.0234985
779.357, 0.0234985
779.419, 0.0234985
779.479, 0.0234985
779.54, 0.0234985
779.6, 0.0234985
779.662, 0.0234985
779.725, 0.0234985
779.79, 0.0234985
779.85, 0.0234985
779.911, 0.0234985
779.971, 0.0234985
780.033, 0.0234985
780.096, 0.0234985
780.16, 0.0234985
780.226, 0.0234985
780.294, 0.0234985
780.364, 0.0234985
780.435, 0.0234985
780.508, 0.0234985
780.583, 0.0234985
780.66, 0.0234985
780.72, 0.0234985
780.782, 0.0234985
780.845, 0.0234985
780.909, 0.0234985
780.975, 0.0234985
781.043, 0.0234985
781.103, 0.0234985
781.165, 0.0234985
781.228, 0.0234985
781.288, 0.0234985
781.349, 0.0234985
781.412, 0.0234985
781.477, 0.0234985
781.537, 0.0234985
781.599, 0.0234985
781.662, 0.0234985
781.722, 0.0234985
781.783, 0.0234985
781.846, 0.0234985
781.906, 0.0234985
781.968, 0.0234985
782.031, 0.0234985
782.091, 0.0234985
782.152, 0.0234985
782.215, 0.0234985
782.28, 0.0234985
782.346, 0.0234985
782.406, 0.0234985
782.468, 0.0234985
782.531, 0.0234985
782.595, 0.0234985
782.661, 0.0234985
782.729, 0.0234985
782.799, 0.0234985
782.87, 0.0234985
782.943, 0.0234985
783.018, 0.0234985
783.078, 0.0234985
783.14, 0.0234985
783.203, 0.0234985
783.267, 0.0234985
783.334, 0.0234985
783.401, 0.0234985
783.461, 0.0234985
783.523, 0.0234985
783.586, 0.0234985
783.651, 0.0234985
783.711, 0.0234985
783.772, 0.0234985
783.835, 0.0234985
783.9, 0.0234985
783.966, 0.0234985
784.026, 0.0234985
784.088, 0.0234985
784.151, 0.0234985
784.211, 0.0234985
784.272, 0.0234985
784.335, 0.0234985
784.4, 0.0234985
784.466, 0.0234985
784.526, 0.0234985
784.587, 0.0234985
784.65, 0.0234985
784.715, 0.0234985
784.775, 0.0234985
784.837, 0.0234985
784.897, 0.0234985
784.958, 0.0234985
785.021, 0.0234985
785.086, 0.0234985
785.152, 0.0234985
785.22, 0.0234985
785.28, 0.0234985
785.341, 0.0234985
785.401, 0.0234985
785.463, 0.0234985
785.526, 0.0234985
785.591, 0.0234985
785.657, 0.0234985
785.717, 0.0234985
785.778, 0.0234985
785.841, 0.0234985
785.906, 0.0234985
785.966, 0.0234985
786.027, 0.0234985
786.087, 0.0234985
786.149, 0.0234985
786.212, 0.0234985
786.272, 0.0234985
786.333, 0.0234985
786.396, 0.0234985
786.461, 0.0234985
786.527, 0.0234985
786.587, 0.0234985
786.649, 0.0234985
786.712, 0.0234985
786.772, 0.0234985
786.832, 0.0234985
786.893, 0.0234985
786.956, 0.0234985
787.016, 0.0234985
787.078, 0.0234985
787.141, 0.0234985
787.206, 0.0234985
787.272, 0.0234985
787.332, 0.0234985
787.393, 0.0234985
787.456, 0.0234985
787.521, 0.0234985
787.587, 0.0234985
787.647, 0.0234985
787.709, 0.0234985
787.772, 0.0234985
787.836, 0.0234985
787.903, 0.0234985
787.97, 0.0234985
788.03, 0.0234985
788.092, 0.0234985
788.152, 0.0234985
788.213, 0.0234985
788.273, 0.0234985
788.335, 0.0234985
788.395, 0.0234985
788.456, 0.0234985
788.519, 0.0234985
788.579, 0.0234985
788.641, 0.0234985
788.701, 0.0234985
788.762, 0.0234985
788.822, 0.0234985
788.884, 0.0234985
788.947, 0.0234985
789.012, 0.0234985
789.078, 0.0234985
789.146, 0.0234985
789.206, 0.0234985
789.267, 0.0234985
789.33, 0.0234985
789.39, 0.0234985
789.452, 0.0234985
789.515, 0.0234985
789.579, 0.0234985
789.646, 0.0234985
789.706, 0.0234985
789.767, 0.0234985
789.83, 0.0234985
789.895, 0.0234985
789.961, 0.0234985
790.029, 0.0234985
790.089, 0.0234985
790.15, 0.0234985
790.21, 0.0234985
790.272, 0.0234985
790.335, 0.0234985
790.395, 0.0234985
790.456, 0.0234985
790.519, 0.0234985
790.579, 0.0234985
790.641, 0.0234985
790.701, 0.0234985
790.762, 0.0234985
790.822, 0.0234985
790.884, 0.0234985
790.947, 0.0234985
791.007, 0.0234985
791.069, 0.0234985
791.132, 0.0234985
791.192, 0.0234985
791.253, 0.0234985
791.316, 0.0234985
791.381, 0.0234985
791.441, 0.0234985
791.502, 0.0234985
791.562, 0.0234985
791.624, 0.0234985
791.684, 0.0234985
791.745, 0.0234985
791.808, 0.0234985
791.868, 0.0234985
791.928, 0.0234985
791.99, 0.0234985
792.053, 0.0234985
792.117, 0.0234985
792.184, 0.0234985
792.251, 0.0234985
792.311, 0.0234985
792.373, 0.0234985
792.436, 0.0234985
792.501, 0.0234985
792.561, 0.0234985
792.622, 0.0234985
792.682, 0.0234985
792.744, 0.0234985
792.807, 0.0234985
792.867, 0.0234985
792.928, 0.0234985
792.991, 0.0234985
793.051, 0.0234985
793.113, 0.0234985
793.173, 0.0234985
793.234, 0.0234985
793.294, 0.0234985
793.356, 0.0234985
793.419, 0.0234985
793.483, 0.0234985
793.543, 0.0234985
793.605, 0.0234985
793.668, 0.0234985
793.728, 0.0234985
793.788, 0.0234985
793.849, 0.0234985
793.912, 0.0234985
793.972, 0.0234985
794.032, 0.0234985
794.092, 0.0234985
794.154, 0.0234985
794.214, 0.0234985
794.275, 0.0234985
794.338, 0.0234985
794.398, 0.0234985
794.46, 0.0234985
794.52, 0.0234985
794.581, 0.0234985
794.641, 0.0234985
794.701, 0.0234985
794.763, 0.0234985
794.826, 0.0234985
794.891, 0.0234985
794.951, 0.0234985
795.012, 0.0234985
795.075, 0.0234985
795.135, 0.0234985
795.197, 0.0234985
795.26, 0.0234985
795.324, 0.0234985
795.384, 0.0234985
795.446, 0.0234985
795.506, 0.0234985
795.567, 0.0234985
795.627, 0.0234985
795.689, 0.0234985
795.752, 0.0234985
795.816, 0.0234985
795.876, 0.0234985
795.936, 0.0234985
795.998, 0.0234985
796.061, 0.0234985
796.121, 0.0234985
796.183, 0.0234985
796.246, 0.0234985
796.306, 0.0234985
796.367, 0.0234985
796.43, 0.0234985
796.49, 0.0234985
796.552, 0.0234985
796.612, 0.0234985
796.672, 0.0234985
796.733, 0.0234985
796.796, 0.0234985
796.856, 0.0234985
796.918, 0.0234985
796.978, 0.0234985
797.039, 0.0234985
797.099, 0.0234985
797.161, 0.0234985
797.224, 0.0234985
797.284, 0.0234985
797.345, 0.0234985
797.408, 0.0234985
797.468, 0.0234985
797.53, 0.0234985
797.59, 0.0234985
797.651, 0.0234985
797.711, 0.0234985
797.773, 0.0234985
797.836, 0.0234985
797.9, 0.0234985
797.96, 0.0234985
798.022, 0.0234985
798.085, 0.0234985
798.145, 0.0234985
798.206, 0.0234985
798.266, 0.0234985
798.328, 0.0234985
798.391, 0.0234985
798.456, 0.0234985
798.522, 0.0234985
798.59, 0.0234985
798.65, 0.0234985
798.711, 0.0234985
798.771, 0.0234985
798.831, 0.0234985
798.893, 0.0234985
798.953, 0.0234985
799.014, 0.0234985
799.077, 0.0234985
799.142, 0.0234985
799.208, 0.0234985
799.268, 0.0234985
799.33, 0.0234985
799.393, 0.0234985
799.453, 0.0234985
799.514, 0.0234985
799.574, 0.0234985
799.636, 0.0234985
799.696, 0.0234985
799.757, 0.0234985
799.82, 0.0234985
799.885, 0.0234985
799.945, 0.0234985
800.006, 0.0234985
800.066, 0.0234985
800.128, 0.0234985
800.191, 0.0234985
800.255, 0.0234985
800.322, 0.0234985
800.382, 0.0234985
800.443, 0.0234985
800.506, 0.0234985
800.571, 0.0234985
800.631, 0.0234985
800.692, 0.0234985
800.755, 0.0234985
800.82, 0.0234985
800.88, 0.0234985
800.94, 0.0234985
801.001, 0.0234985
801.064, 0.0234985
801.124, 0.0234985
801.186, 0.0234985
801.249, 0.0234985
801.309, 0.0234985
801.37, 0.0234985
801.434, 0.0234985
801.498, 0.0234985
801.558, 0.0234985
801.62, 0.0234985
801.683, 0.0234985
801.747, 0.0234985
801.807, 0.0234985
801.869, 0.0234985
801.929, 0.0234985
801.99, 0.0234985
802.053, 0.0234985
802.113, 0.0234985
802.175, 0.0234985
802.238, 0.0234985
802.298, 0.0234985
802.359, 0.0234985
802.419, 0.0234985
802.481, 0.0234985
802.544, 0.0234985
802.609, 0.0234985
802.669, 0.0234985
802.73, 0.0234985
802.793, 0.0234985
802.853, 0.0234985
802.913, 0.0234985
802.975, 0.0234985
803.035, 0.0234985
803.095, 0.0234985
803.156, 0.0234985
803.216, 0.0234985
803.278, 0.0234985
803.338, 0.0234985
803.399, 0.0234985
803.459, 0.0234985
803.519, 0.0234985
803.581, 0.0234985
803.644, 0.0234985
803.708, 0.0234985
803.774, 0.0234985
803.834, 0.0234985
803.896, 0.0234985
803.959, 0.0234985
804.024, 0.0234985
804.084, 0.0234985
804.145, 0.0234985
804.205, 0.0234985
804.265, 0.0234985
804.327, 0.0234985
804.387, 0.0234985
804.448, 0.0234985
804.511, 0.0234985
804.571, 0.0234985
804.633, 0.0234985
804.696, 0.0234985
804.756, 0.0234985
804.817, 0.0234985
804.88, 0.0234985
804.94, 0.0234985
805.002, 0.0234985
805.062, 0.0234985
805.123, 0.0234985
805.186, 0.0234985
805.251, 0.0234985
805.311, 0.0234985
805.372, 0.0234985
805.435, 0.0234985
805.5, 0.0234985
805.566, 0.0234985
805.626, 0.0234985
805.686, 0.0234985
805.748, 0.0234985
805.811, 0.0234985
805.875, 0.0234985
805.942, 0.0234985
806.002, 0.0234985
806.063, 0.0234985
806.126, 0.0234985
806.186, 0.0234985
806.248, 0.0234985
806.308, 0.0234985
806.369, 0.0234985
806.432, 0.0234985
806.492, 0.0234985
806.554, 0.0234985
806.617, 0.0234985
806.677, 0.0234985
806.738, 0.0234985
806.801, 0.0234985
806.861, 0.0234985
806.921, 0.0234985
806.983, 0.0234985
807.043, 0.0234985
807.103, 0.0234985
807.164, 0.0234985
807.227, 0.0234985
807.292, 0.0234985
807.358, 0.0234985
807.418, 0.0234985
807.48, 0.0234985
807.54, 0.0234985
807.601, 0.0234985
807.664, 0.0234985
807.724, 0.0234985
807.786, 0.0234985
807.846, 0.0234985
807.907, 0.0234985
807.97, 0.0234985
808.035, 0.0234985
808.095, 0.0234985
808.156, 0.0234985
808.219, 0.0234985
808.279, 0.0234985
808.341, 0.0234985
808.404, 0.0234985
808.464, 0.0234985
808.525, 0.0234985
808.585, 0.0234985
808.647, 0.0234985
808.71, 0.0234985
808.77, 0.0234985
808.831, 0.0234985
808.894, 0.0234985
808.954, 0.0234985
809.016, 0.0234985
809.079, 0.0234985
809.139, 0.0234985
809.201, 0.0234985
809.264, 0.0234985
809.324, 0.0234985
809.385, 0.0234985
809.445, 0.0234985
809.507, 0.0234985
809.57, 0.0234985
809.63, 0.0234985
809.691, 0.0234985
809.751, 0.0234985
809.813, 0.0234985
809.876, 0.0234985
809.94, 0.0234985
810.006, 0.0234985
810.074, 0.0234985
810.144, 0.0234985
810.215, 0.0234985
810.288, 0.0234985
810.363, 0.0234985
810.44, 0.0234985
810.519, 0.0234985
810.6, 0.0234985
810.682, 0.0234985
810.767, 0.0234985
810.854, 0.0234985
810.943, 0.0234985
811.034, 0.0234985
811.128, 0.0234985
811.224, 0.0234985
811.322, 0.0234985
811.423, 0.0234985
811.526, 0.0234985
811.586, 0.0234985
811.648, 0.0234985
811.711, 0.0234985
811.771, 0.0234985
811.832, 0.0234985
811.892, 0.0234985
811.954, 0.0234985
812.014, 0.0234985
812.075, 0.0234985
812.135, 0.0234985
812.197, 0.0234985
812.257, 0.0234985
812.318, 0.0234985
812.381, 0.0234985
812.441, 0.0234985
812.503, 0.0234985
812.566, 0.0234985
812.626, 0.0234985
812.687, 0.0234985
812.75, 0.0234985
812.815, 0.0234985
812.875, 0.0234985
812.936, 0.0234985
812.999, 0.0234985
813.064, 0.0234985
813.124, 0.0234985
813.184, 0.0234985
813.246, 0.0234985
813.309, 0.0234985
813.369, 0.0234985
813.43, 0.0234985
813.493, 0.0234985
813.558, 0.0234985
813.618, 0.0234985
813.679, 0.0234985
813.742, 0.0234985
813.807, 0.0234985
813.867, 0.0234985
813.928, 0.0234985
813.991, 0.0234985
814.056, 0.0234985
814.122, 0.0234985
814.182, 0.0234985
814.244, 0.0234985
814.304, 0.0234985
814.365, 0.0234985
814.425, 0.0234985
814.487, 0.0234985
814.55, 0.0234985
814.614, 0.0234985
814.681, 0.0234985
814.749, 0.0234985
814.818, 0.0234985
814.878, 0.0234985
814.938, 0.0234985
815, 0.0234985
815.063, 0.0234985
815.127, 0.0234985
815.194, 0.0234985
815.261, 0.0234985
815.321, 0.0234985
815.383, 0.0234985
815.446, 0.0234985
815.506, 0.0234985
815.567, 0.0234985
815.627, 0.0234985
815.689, 0.0234985
815.749, 0.0234985
815.809, 0.0234985
815.87, 0.0234985
815.933, 0.0234985
815.993, 0.0234985
816.055, 0.0234985
816.118, 0.0234985
816.183, 0.0234985
816.249, 0.0234985
816.317, 0.0234985
816.386, 0.0234985
816.458, 0.0234985
816.531, 0.0234985
816.606, 0.0234985
816.682, 0.0234985
816.761, 0.0234985
816.842, 0.0234985
816.925, 0.0234985
816.985, 0.0234985
817.046, 0.0234985
817.109, 0.0234985
817.174, 0.0234985
817.24, 0.0234985
817.308, 0.0234985
817.368, 0.0234985
817.429, 0.0234985
817.492, 0.0234985
817.552, 0.0234985
817.614, 0.0234985
817.674, 0.0234985
817.735, 0.0234985
817.795, 0.0234985
817.857, 0.0234985
817.92, 0.0234985
817.985, 0.0234985
818.045, 0.0234985
818.106, 0.0234985
818.169, 0.0234985
818.229, 0.0234985
818.289, 0.0234985
818.351, 0.0234985
818.411, 0.0234985
818.472, 0.0234985
818.535, 0.0234985
818.595, 0.0234985
818.657, 0.0234985
818.72, 0.0234985
818.78, 0.0234985
818.841, 0.0234985
818.904, 0.0234985
818.964, 0.0234985
819.026, 0.0234985
819.086, 0.0234985
819.147, 0.0234985
819.21, 0.0234985
819.27, 0.0234985
819.332, 0.0234985
819.392, 0.0234985
819.453, 0.0234985
819.516, 0.0234985
819.581, 0.0234985
819.641, 0.0234985
819.701, 0.0234985
819.762, 0.0234985
819.825, 0.0234985
819.885, 0.0234985
819.947, 0.0234985
820.007, 0.0234985
820.068, 0.0234985
820.131, 0.0234985
820.196, 0.0234985
820.256, 0.0234985
820.318, 0.0234985
820.381, 0.0234985
820.445, 0.0234985
820.511, 0.0234985
820.579, 0.0234985
820.649, 0.0234985
820.709, 0.0234985
820.77, 0.0234985
820.83, 0.0234985
820.89, 0.0234985
820.952, 0.0234985
821.015, 0.0234985
821.08, 0.0234985
821.14, 0.0234985
821.201, 0.0234985
821.261, 0.0234985
821.323, 0.0234985
821.383, 0.0234985
821.444, 0.0234985
821.507, 0.0234985
821.567, 0.0234985
821.629, 0.0234985
821.689, 0.0234985
821.75, 0.0234985
821.813, 0.0234985
821.878, 0.0234985
821.944, 0.0234985
822.012, 0.0234985
822.081, 0.0234985
822.141, 0.0234985
822.203, 0.0234985
822.266, 0.0234985
822.331, 0.0234985
822.397, 0.0234985
822.457, 0.0234985
822.518, 0.0234985
822.578, 0.0234985
822.64, 0.0234985
822.703, 0.0234985
822.767, 0.0234985
822.827, 0.0234985
822.889, 0.0234985
822.952, 0.0234985
823.017, 0.0234985
823.083, 0.0234985
823.143, 0.0234985
823.204, 0.0234985
823.267, 0.0234985
823.327, 0.0234985
823.389, 0.0234985
823.452, 0.0234985
823.512, 0.0234985
823.573, 0.0234985
823.633, 0.0234985
823.695, 0.0234985
823.758, 0.0234985
823.823, 0.0234985
823.889, 0.0234985
823.949, 0.0234985
824.009, 0.0234985
824.07, 0.0234985
824.13, 0.0234985
824.192, 0.0234985
824.255, 0.0234985
824.315, 0.0234985
824.376, 0.0234985
824.439, 0.0234985
824.499, 0.0234985
824.561, 0.0234985
824.621, 0.0234985
824.682, 0.0234985
824.745, 0.0234985
824.805, 0.0234985
824.867, 0.0234985
824.927, 0.0234985
824.988, 0.0234985
825.051, 0.0234985
825.116, 0.0234985
825.176, 0.0234985
825.238, 0.0234985
825.301, 0.0234985
825.365, 0.0234985
825.431, 0.0234985
825.499, 0.0234985
825.559, 0.0234985
825.621, 0.0234985
825.684, 0.0234985
825.744, 0.0234985
825.805, 0.0234985
825.868, 0.0234985
825.928, 0.0234985
825.99, 0.0234985
826.053, 0.0234985
826.113, 0.0234985
826.174, 0.0234985
826.237, 0.0234985
826.297, 0.0234985
826.359, 0.0234985
826.422, 0.0234985
826.487, 0.0234985
826.547, 0.0234985
826.608, 0.0234985
826.671, 0.0234985
826.731, 0.0234985
826.793, 0.0234985
826.856, 0.0234985
826.916, 0.0234985
826.977, 0.0234985
827.04, 0.0234985
827.1, 0.0234985
827.162, 0.0234985
827.225, 0.0234985
827.289, 0.0234985
827.356, 0.0234985
827.424, 0.0234985
827.493, 0.0234985
827.564, 0.0234985
827.638, 0.0234985
827.712, 0.0234985
827.789, 0.0234985
827.868, 0.0234985
827.949, 0.0234985
828.009, 0.0234985
828.07, 0.0234985
828.133, 0.0234985
828.193, 0.0234985
828.255, 0.0234985
828.318, 0.0234985
828.378, 0.0234985
828.439, 0.0234985
828.502, 0.0234985
828.562, 0.0234985
828.622, 0.0234985
828.684, 0.0234985
828.744, 0.0234985
828.804, 0.0234985
828.865, 0.0234985
828.928, 0.0234985
828.993, 0.0234985
829.059, 0.0234985
829.119, 0.0234985
829.181, 0.0234985
829.244, 0.0234985
829.308, 0.0234985
829.368, 0.0234985
829.43, 0.0234985
829.49, 0.0234985
829.551, 0.0234985
829.611, 0.0234985
829.673, 0.0234985
829.736, 0.0234985
829.8, 0.0234985
829.86, 0.0234985
829.922, 0.0234985
829.985, 0.0234985
830.05, 0.0234985
830.116, 0.0234985
830.176, 0.0234985
830.237, 0.0234985
830.3, 0.0234985
830.36, 0.0234985
830.422, 0.0234985
830.485, 0.0234985
830.545, 0.0234985
830.606, 0.0234985
830.669, 0.0234985
830.734, 0.0234985
830.8, 0.0234985
830.868, 0.0234985
830.928, 0.0234985
830.99, 0.0234985
831.053, 0.0234985
831.113, 0.0234985
831.174, 0.0234985
831.237, 0.0234985
831.302, 0.0234985
831.362, 0.0234985
831.422, 0.0234985
831.483, 0.0234985
831.546, 0.0234985
831.606, 0.0234985
831.668, 0.0234985
831.728, 0.0234985
831.789, 0.0234985
831.852, 0.0234985
831.917, 0.0234985
831.977, 0.0234985
832.039, 0.0234985
832.102, 0.0234985
832.166, 0.0234985
832.226, 0.0234985
832.288, 0.0234985
832.351, 0.0234985
832.411, 0.0234985
832.472, 0.0234985
832.535, 0.0234985
832.595, 0.0234985
832.657, 0.0234985
832.72, 0.0234985
832.78, 0.0234985
832.841, 0.0234985
832.901, 0.0234985
832.963, 0.0234985
833.026, 0.0234985
833.086, 0.0234985
833.147, 0.0234985
833.21, 0.0234985
833.275, 0.0234985
833.341, 0.0234985
833.409, 0.0234985
833.479, 0.0234985
833.55, 0.0234985
833.623, 0.0234985
833.683, 0.0234985
833.745, 0.0234985
833.805, 0.0234985
833.866, 0.0234985
833.926, 0.0234985
833.988, 0.0234985
834.051, 0.0234985
834.111, 0.0234985
834.172, 0.0234985
834.232, 0.0234985
834.294, 0.0234985
834.354, 0.0234985
834.414, 0.0234985
834.475, 0.0234985
834.538, 0.0234985
834.598, 0.0234985
834.66, 0.0234985
834.72, 0.0234985
834.781, 0.0234985
834.844, 0.0234985
834.909, 0.0234985
834.969, 0.0234985
835.03, 0.0234985
835.093, 0.0234985
835.153, 0.0234985
835.215, 0.0234985
835.278, 0.0234985
835.343, 0.0234985
835.403, 0.0234985
835.464, 0.0234985
835.524, 0.0234985
835.586, 0.0234985
835.646, 0.0234985
835.706, 0.0234985
835.767, 0.0234985
835.827, 0.0234985
835.887, 0.0234985
835.949, 0.0234985
836.009, 0.0234985
836.069, 0.0234985
836.13, 0.0234985
836.193, 0.0234985
836.253, 0.0234985
836.315, 0.0234985
836.378, 0.0234985
836.438, 0.0234985
836.499, 0.0234985
836.559, 0.0234985
836.621, 0.0234985
836.681, 0.0234985
836.742, 0.0234985
836.802, 0.0234985
836.864, 0.0234985
836.924, 0.0234985
836.985, 0.0234985
837.045, 0.0234985
837.107, 0.0234985
837.17, 0.0234985
837.234, 0.0234985
837.294, 0.0234985
837.356, 0.0234985
837.419, 0.0234985
837.479, 0.0234985
837.54, 0.0234985
837.6, 0.0234985
837.662, 0.0234985
837.722, 0.0234985
837.783, 0.0234985
837.846, 0.0234985
837.911, 0.0234985
837.971, 0.0234985
838.032, 0.0234985
838.092, 0.0234985
838.154, 0.0234985
838.217, 0.0234985
838.277, 0.0234985
838.339, 0.0234985
838.399, 0.0234985
838.46, 0.0234985
838.523, 0.0234985
838.583, 0.0234985
838.645, 0.0234985
838.708, 0.0234985
838.772, 0.0234985
838.832, 0.0234985
838.894, 0.0234985
838.957, 0.0234985
839.017, 0.0234985
839.078, 0.0234985
839.141, 0.0234985
839.206, 0.0234985
839.272, 0.0234985
839.34, 0.0234985
839.41, 0.0234985
839.481, 0.0234985
839.554, 0.0234985
839.614, 0.0234985
839.676, 0.0234985
839.739, 0.0234985
839.803, 0.0234985
839.869, 0.0234985
839.929, 0.0234985
839.991, 0.0234985
840.054, 0.0234985
840.114, 0.0234985
840.175, 0.0234985
840.238, 0.0234985
840.298, 0.0234985
840.36, 0.0234985
840.423, 0.0234985
840.488, 0.0234985
840.554, 0.0234985
840.614, 0.0234985
840.675, 0.0234985
840.738, 0.0234985
840.798, 0.0234985
840.86, 0.0234985
840.923, 0.0234985
840.983, 0.0234985
841.044, 0.0234985
841.104, 0.0234985
841.166, 0.0234985
841.229, 0.0234985
841.289, 0.0234985
841.35, 0.0234985
841.413, 0.0234985
841.473, 0.0234985
841.535, 0.0234985
841.598, 0.0234985
841.658, 0.0234985
841.72, 0.0234985
841.783, 0.0234985
841.843, 0.0234985
841.904, 0.0234985
841.964, 0.0234985
842.024, 0.0234985
842.086, 0.0234985
842.146, 0.0234985
842.207, 0.0234985
842.267, 0.0234985
842.329, 0.0234985
842.392, 0.0234985
842.452, 0.0234985
842.513, 0.0234985
842.576, 0.0234985
842.641, 0.0234985
842.701, 0.0234985
842.762, 0.0234985
842.825, 0.0234985
842.885, 0.0234985
842.947, 0.0234985
843.01, 0.0234985
843.07, 0.0234985
843.131, 0.0234985
843.194, 0.0234985
843.259, 0.0234985
843.325, 0.0234985
843.393, 0.0234985
843.453, 0.0234985
843.515, 0.0234985
843.578, 0.0234985
843.642, 0.0234985
843.702, 0.0234985
843.764, 0.0234985
843.827, 0.0234985
843.891, 0.0234985
843.951, 0.0234985
844.011, 0.0234985
844.073, 0.0234985
844.136, 0.0234985
844.201, 0.0234985
844.261, 0.0234985
844.322, 0.0234985
844.385, 0.0234985
844.445, 0.0234985
844.507, 0.0234985
844.57, 0.0234985
844.634, 0.0234985
844.694, 0.0234985
844.756, 0.0234985
844.819, 0.0234985
844.883, 0.0234985
844.943, 0.0234985
845.005, 0.0234985
845.068, 0.0234985
845.133, 0.0234985
845.199, 0.0234985
845.267, 0.0234985
845.327, 0.0234985
845.388, 0.0234985
845.451, 0.0234985
845.511, 0.0234985
845.573, 0.0234985
845.636, 0.0234985
845.696, 0.0234985
845.757, 0.0234985
845.82, 0.0234985
845.88, 0.0234985
845.942, 0.0234985
846.005, 0.0234985
846.069, 0.0234985
846.129, 0.0234985
846.191, 0.0234985
846.254, 0.0234985
846.314, 0.0234985
846.375, 0.0234985
846.435, 0.0234985
846.495, 0.0234985
846.555, 0.0234985
846.617, 0.0234985
846.68, 0.0234985
846.74, 0.0234985
846.801, 0.0234985
846.865, 0.0234985
846.925, 0.0234985
846.986, 0.0234985
847.049, 0.0234985
847.114, 0.0234985
847.174, 0.0234985
847.235, 0.0234985
847.295, 0.0234985
847.357, 0.0234985
847.417, 0.0234985
847.477, 0.0234985
847.538, 0.0234985
847.598, 0.0234985
847.658, 0.0234985
847.72, 0.0234985
847.78, 0.0234985
847.841, 0.0234985
847.901, 0.0234985
847.963, 0.0234985
848.023, 0.0234985
848.084, 0.0234985
848.147, 0.0234985
848.212, 0.0234985
848.278, 0.0234985
848.346, 0.0234985
848.416, 0.0234985
848.476, 0.0234985
848.537, 0.0234985
848.6, 0.0234985
848.66, 0.0234985
848.722, 0.0234985
848.782, 0.0234985
848.843, 0.0234985
848.906, 0.0234985
848.966, 0.0234985
849.028, 0.0234985
849.091, 0.0234985
849.155, 0.0234985
849.221, 0.0234985
849.281, 0.0234985
849.343, 0.0234985
849.406, 0.0234985
849.466, 0.0234985
849.528, 0.0234985
849.591, 0.0234985
849.651, 0.0234985
849.712, 0.0234985
849.775, 0.0234985
849.84, 0.0234985
849.9, 0.0234985
849.961, 0.0234985
850.021, 0.0234985
850.083, 0.0234985
850.146, 0.0234985
850.21, 0.0234985
850.277, 0.0234985
850.344, 0.0234985
850.404, 0.0234985
850.466, 0.0234985
850.529, 0.0234985
850.594, 0.0234985
850.654, 0.0234985
850.715, 0.0234985
850.778, 0.0234985
850.838, 0.0234985
850.9, 0.0234985
850.963, 0.0234985
851.027, 0.0234985
851.087, 0.0234985
851.149, 0.0234985
851.209, 0.0234985
851.27, 0.0234985
851.333, 0.0234985
851.393, 0.0234985
851.455, 0.0234985
851.518, 0.0234985
851.583, 0.0234985
851.643, 0.0234985
851.704, 0.0234985
851.767, 0.0234985
851.827, 0.0234985
851.889, 0.0234985
851.952, 0.0234985
852.016, 0.0234985
852.076, 0.0234985
852.136, 0.0234985
852.198, 0.0234985
852.261, 0.0234985
852.325, 0.0234985
852.392, 0.0234985
852.459, 0.0234985
852.529, 0.0234985
852.6, 0.0234985
852.66, 0.0234985
852.722, 0.0234985
852.785, 0.0234985
852.85, 0.0234985
852.91, 0.0234985
852.971, 0.0234985
853.034, 0.0234985
853.094, 0.0234985
853.156, 0.0234985
853.216, 0.0234985
853.277, 0.0234985
853.34, 0.0234985
853.405, 0.0234985
853.471, 0.0234985
853.539, 0.0234985
853.608, 0.0234985
853.68, 0.0234985
853.74, 0.0234985
853.801, 0.0234985
853.864, 0.0234985
853.924, 0.0234985
853.986, 0.0234985
854.049, 0.0234985
854.109, 0.0234985
854.17, 0.0234985
854.233, 0.0234985
854.293, 0.0234985
854.355, 0.0234985
854.418, 0.0234985
854.478, 0.0234985
854.539, 0.0234985
854.602, 0.0234985
854.662, 0.0234985
854.724, 0.0234985
854.787, 0.0234985
854.847, 0.0234985
854.908, 0.0234985
854.971, 0.0234985
855.036, 0.0234985
855.096, 0.0234985
855.158, 0.0234985
855.221, 0.0234985
855.281, 0.0234985
855.342, 0.0234985
855.405, 0.0234985
855.465, 0.0234985
855.527, 0.0234985
855.587, 0.0234985
855.648, 0.0234985
855.708, 0.0234985
855.77, 0.0234985
855.833, 0.0234985
855.893, 0.0234985
855.953, 0.0234985
856.014, 0.0234985
856.074, 0.0234985
856.136, 0.0234985
856.199, 0.0234985
856.263, 0.0234985
856.33, 0.0234985
856.39, 0.0234985
856.451, 0.0234985
856.514, 0.0234985
856.579, 0.0234985
856.645, 0.0234985
856.705, 0.0234985
856.766, 0.0234985
856.829, 0.0234985
856.894, 0.0234985
856.954, 0.0234985
857.016, 0.0234985
857.079, 0.0234985
857.139, 0.0234985
857.199, 0.0234985
857.26, 0.0234985
857.323, 0.0234985
857.388, 0.0234985
857.448, 0.0234985
857.509, 0.0234985
857.572, 0.0234985
857.637, 0.0234985
857.697, 0.0234985
857.758, 0.0234985
857.818, 0.0234985
857.88, 0.0234985
857.943, 0.0234985
858.003, 0.0234985
858.064, 0.0234985
858.124, 0.0234985
858.186, 0.0234985
858.246, 0.0234985
858.307, 0.0234985
858.371, 0.0234985
858.431, 0.0234985
858.492, 0.0234985
858.552, 0.0234985
858.614, 0.0234985
858.677, 0.0234985
858.737, 0.0234985
858.797, 0.0234985
858.858, 0.0234985
858.921, 0.0234985
858.986, 0.0234985
859.046, 0.0234985
859.107, 0.0234985
859.17, 0.0234985
859.23, 0.0234985
859.292, 0.0234985
859.352, 0.0234985
859.413, 0.0234985
859.473, 0.0234985
859.535, 0.0234985
859.598, 0.0234985
859.658, 0.0234985
859.719, 0.0234985
859.782, 0.0234985
859.847, 0.0234985
859.907, 0.0234985
859.968, 0.0234985
860.028, 0.0234985
860.09, 0.0234985
860.153, 0.0234985
860.218, 0.0234985
860.278, 0.0234985
860.338, 0.0234985
860.399, 0.0234985
860.462, 0.0234985
860.527, 0.0234985
860.587, 0.0234985
860.647, 0.0234985
860.708, 0.0234985
860.771, 0.0234985
860.831, 0.0234985
860.893, 0.0234985
860.953, 0.0234985
861.013, 0.0234985
861.074, 0.0234985
861.134, 0.0234985
861.196, 0.0234985
861.259, 0.0234985
861.319, 0.0234985
861.38, 0.0234985
861.44, 0.0234985
861.502, 0.0234985
861.565, 0.0234985
861.625, 0.0234985
861.686, 0.0234985
861.749, 0.0234985
861.809, 0.0234985
861.871, 0.0234985
861.931, 0.0234985
861.992, 0.0234985
862.052, 0.0234985
862.114, 0.0234985
862.177, 0.0234985
862.237, 0.0234985
862.298, 0.0234985
862.361, 0.0234985
862.426, 0.0234985
862.492, 0.0234985
862.56, 0.0234985
862.62, 0.0234985
862.682, 0.0234985
862.745, 0.0234985
862.809, 0.0234985
862.869, 0.0234985
862.931, 0.0234985
862.994, 0.0234985
863.058, 0.0234985
863.118, 0.0234985
863.18, 0.0234985
863.243, 0.0234985
863.303, 0.0234985
863.365, 0.0234985
863.428, 0.0234985
863.488, 0.0234985
863.549, 0.0234985
863.609, 0.0234985
863.671, 0.0234985
863.731, 0.0234985
863.792, 0.0234985
863.852, 0.0234985
863.914, 0.0234985
863.977, 0.0234985
864.041, 0.0234985
864.101, 0.0234985
864.163, 0.0234985
864.226, 0.0234985
864.29, 0.0234985
864.357, 0.0234985
864.424, 0.0234985
864.494, 0.0234985
864.554, 0.0234985
864.616, 0.0234985
864.679, 0.0234985
864.743, 0.0234985
864.809, 0.0234985
864.869, 0.0234985
864.931, 0.0234985
864.991, 0.0234985
865.051, 0.0234985
865.112, 0.0234985
865.175, 0.0234985
865.235, 0.0234985
865.297, 0.0234985
865.36, 0.0234985
865.425, 0.0234985
865.485, 0.0234985
865.546, 0.0234985
865.609, 0.0234985
865.674, 0.0234985
865.74, 0.0234985
865.8, 0.0234985
865.862, 0.0234985
865.922, 0.0234985
865.983, 0.0234985
866.046, 0.0234985
866.111, 0.0234985
866.171, 0.0234985
866.231, 0.0234985
866.292, 0.0234985
866.355, 0.0234985
866.415, 0.0234985
866.477, 0.0234985
866.54, 0.0234985
866.6, 0.0234985
866.661, 0.0234985
866.724, 0.0234985
866.789, 0.0234985
866.855, 0.0234985
866.923, 0.0234985
866.993, 0.0234985
867.064, 0.0234985
867.137, 0.0234985
867.197, 0.0234985
867.259, 0.0234985
867.322, 0.0234985
867.382, 0.0234985
867.443, 0.0234985
867.506, 0.0234985
867.571, 0.0234985
867.631, 0.0234985
867.692, 0.0234985
867.755, 0.0234985
867.82, 0.0234985
867.88, 0.0234985
867.941, 0.0234985
868.004, 0.0234985
868.069, 0.0234985
868.135, 0.0234985
868.203, 0.0234985
868.273, 0.0234985
868.333, 0.0234985
868.394, 0.0234985
868.454, 0.0234985
868.514, 0.0234985
868.576, 0.0234985
868.639, 0.0234985
868.703, 0.0234985
868.77, 0.0234985
868.837, 0.0234985
868.907, 0.0234985
868.978, 0.0234985
869.051, 0.0234985
869.111, 0.0234985
869.173, 0.0234985
869.236, 0.0234985
869.296, 0.0234985
869.358, 0.0234985
869.421, 0.0234985
869.485, 0.0234985
869.551, 0.0234985
869.619, 0.0234985
869.689, 0.0234985
869.76, 0.0234985
869.833, 0.0234985
869.908, 0.0234985
869.985, 0.0234985
870.064, 0.0234985
870.144, 0.0234985
870.204, 0.0234985
870.264, 0.0234985
870.326, 0.0234985
870.389, 0.0234985
870.449, 0.0234985
870.51, 0.0234985
870.574, 0.0234985
870.638, 0.0234985
870.698, 0.0234985
870.76, 0.0234985
870.82, 0.0234985
870.881, 0.0234985
870.941, 0.0234985
871.003, 0.0234985
871.066, 0.0234985
871.126, 0.0234985
871.186, 0.0234985
871.247, 0.0234985
871.307, 0.0234985
871.369, 0.0234985
871.432, 0.0234985
871.492, 0.0234985
871.553, 0.0234985
871.616, 0.0234985
871.676, 0.0234985
871.736, 0.0234985
871.798, 0.0234985
871.861, 0.0234985
871.921, 0.0234985
871.982, 0.0234985
872.045, 0.0234985
872.105, 0.0234985
872.167, 0.0234985
872.23, 0.0234985
872.294, 0.0234985
872.354, 0.0234985
872.416, 0.0234985
872.476, 0.0234985
872.537, 0.0234985
872.6, 0.0234985
872.665, 0.0234985
872.725, 0.0234985
872.787, 0.0234985
872.85, 0.0234985
872.91, 0.0234985
872.971, 0.0234985
873.031, 0.0234985
873.093, 0.0234985
873.153, 0.0234985
873.214, 0.0234985
873.277, 0.0234985
873.337, 0.0234985
873.399, 0.0234985
873.462, 0.0234985
873.522, 0.0234985
873.583, 0.0234985
873.646, 0.0234985
873.706, 0.0234985
873.768, 0.0234985
873.831, 0.0234985
873.891, 0.0234985
873.952, 0.0234985
874.015, 0.0234985
874.08, 0.0234985
874.14, 0.0234985
874.201, 0.0234985
874.264, 0.0234985
874.324, 0.0234985
874.386, 0.0234985
874.449, 0.0234985
874.509, 0.0234985
874.571, 0.0234985
874.631, 0.0234985
874.692, 0.0234985
874.752, 0.0234985
874.814, 0.0234985
874.874, 0.0234985
874.935, 0.0234985
874.998, 0.0234985
875.058, 0.0234985
875.118, 0.0234985
875.18, 0.0234985
875.243, 0.0234985
875.303, 0.0234985
875.364, 0.0234985
875.427, 0.0234985
875.492, 0.0234985
875.558, 0.0234985
875.626, 0.0234985
875.686, 0.0234985
875.747, 0.0234985
875.81, 0.0234985
875.87, 0.0234985
875.932, 0.0234985
875.995, 0.0234985
876.06, 0.0234985
876.126, 0.0234985
876.194, 0.0234985
876.263, 0.0234985
876.335, 0.0234985
876.408, 0.0234985
876.468, 0.0234985
876.529, 0.0234985
876.592, 0.0234985
876.657, 0.0234985
876.717, 0.0234985
876.778, 0.0234985
876.841, 0.0234985
876.901, 0.0234985
876.963, 0.0234985
877.026, 0.0234985
877.091, 0.0234985
877.157, 0.0234985
877.217, 0.023468
877.278, 0.023468
877.338, 0.023468
877.4, 0.023468
877.463, 0.023468
877.523, 0.023468
877.584, 0.023468
877.647, 0.023468
877.707, 0.023468
877.769, 0.023468
877.832, 0.023468
877.892, 0.023468
877.953, 0.023468
878.016, 0.023468
878.081, 0.023468
878.147, 0.023468
878.207, 0.023468
878.269, 0.023468
878.329, 0.023468
878.39, 0.023468
878.453, 0.023468
878.518, 0.023468
878.584, 0.023468
878.644, 0.023468
878.706, 0.023468
878.769, 0.023468
878.833, 0.023468
878.893, 0.023468
878.955, 0.023468
879.018, 0.023468
879.082, 0.023468
879.149, 0.023468
879.217, 0.023468
879.277, 0.023468
879.338, 0.023468
879.401, 0.023468
879.461, 0.023468
879.523, 0.023468
879.586, 0.023468
879.646, 0.023468
879.707, 0.023468
879.767, 0.023468
879.829, 0.023468
879.892, 0.023468
879.952, 0.023468
880.013, 0.023468
880.076, 0.023468
880.136, 0.023468
880.198, 0.023468
880.258, 0.023468
880.319, 0.023468
880.382, 0.023468
880.447, 0.023468
880.507, 0.023468
880.568, 0.023468
880.628, 0.023468
880.69, 0.023468
880.753, 0.023468
880.817, 0.023468
880.877, 0.023468
880.939, 0.023468
881.002, 0.023468
881.062, 0.023468
881.122, 0.023468
881.184, 0.023468
881.244, 0.023468
881.305, 0.023468
881.368, 0.023468
881.428, 0.023468
881.49, 0.023468
881.553, 0.023468
881.617, 0.023468
881.683, 0.023468
881.751, 0.023468
881.821, 0.023468
881.892, 0.023468
881.965, 0.023468
882.04, 0.023468
882.117, 0.023468
882.177, 0.023468
882.239, 0.023468
882.302, 0.023468
882.362, 0.023468
882.423, 0.023468
882.486, 0.023468
882.546, 0.023468
882.608, 0.023468
882.668, 0.023468
882.729, 0.023468
882.792, 0.023468
882.852, 0.023468
882.914, 0.023468
882.977, 0.023468
883.041, 0.023468
883.108, 0.023468
883.168, 0.023468
883.229, 0.023468
883.289, 0.023468
883.351, 0.023468
883.414, 0.023468
883.474, 0.023468
883.534, 0.023468
883.595, 0.023468
883.658, 0.023468
883.718, 0.023468
883.778, 0.023468
883.84, 0.023468
883.903, 0.023468
883.967, 0.023468
884.027, 0.023468
884.089, 0.023468
884.152, 0.023468
884.212, 0.023468
884.273, 0.023468
884.336, 0.023468
884.401, 0.023468
884.461, 0.023468
884.522, 0.023468
884.582, 0.023468
884.644, 0.023468
884.704, 0.023468
884.765, 0.023468
884.825, 0.023468
884.887, 0.023468
884.95, 0.023468
885.01, 0.023468
885.072, 0.023468
885.135, 0.023468
885.199, 0.023468
885.259, 0.023468
885.321, 0.023468
885.381, 0.023468
885.442, 0.023468
885.502, 0.023468
885.562, 0.023468
885.624, 0.023468
885.684, 0.023468
885.745, 0.023468
885.805, 0.023468
885.867, 0.023468
885.93, 0.023468
885.99, 0.023468
886.051, 0.023468
886.111, 0.023468
886.173, 0.023468
886.233, 0.023468
886.294, 0.023468
886.357, 0.023468
886.422, 0.023468
886.482, 0.023468
886.543, 0.023468
886.606, 0.023468
886.666, 0.023468
886.728, 0.023468
886.788, 0.023468
886.849, 0.023468
886.909, 0.023468
886.971, 0.023468
887.031, 0.023468
887.092, 0.023468
887.152, 0.023468
887.214, 0.023468
887.277, 0.023468
887.342, 0.023468
887.402, 0.023468
887.463, 0.023468
887.526, 0.023468
887.586, 0.023468
887.646, 0.023468
887.708, 0.023468
887.768, 0.023468
887.829, 0.023468
887.889, 0.023468
887.949, 0.023468
888.011, 0.023468
888.074, 0.023468
888.138, 0.023468
888.204, 0.023468
888.264, 0.023468
888.326, 0.023468
888.389, 0.023468
888.449, 0.023468
888.509, 0.023468
888.57, 0.023468
888.634, 0.023468
888.698, 0.023468
888.758, 0.023468
888.82, 0.023468
888.88, 0.023468
888.941, 0.023468
889.001, 0.023468
889.063, 0.023468
889.126, 0.023468
889.19, 0.023468
889.25, 0.023468
889.312, 0.023468
889.375, 0.023468
889.439, 0.023468
889.506, 0.023468
889.574, 0.023468
889.634, 0.023468
889.695, 0.023468
889.758, 0.023468
889.818, 0.023468
889.88, 0.023468
889.943, 0.023468
890.007, 0.023468
890.067, 0.023468
890.129, 0.023468
890.192, 0.023468
890.252, 0.023468
890.313, 0.023468
890.373, 0.023468
890.435, 0.023468
890.498, 0.023468
890.562, 0.023468
890.629, 0.023468
890.697, 0.023468
890.766, 0.023468
890.826, 0.023468
890.888, 0.023468
890.951, 0.023468
891.011, 0.023468
891.071, 0.023468
891.132, 0.023468
891.195, 0.023468
891.255, 0.023468
891.317, 0.023468
891.38, 0.023468
891.444, 0.023468
891.511, 0.023468
891.578, 0.023468
891.648, 0.023468
891.708, 0.023468
891.77, 0.023468
891.83, 0.023468
891.89, 0.023468
891.951, 0.023468
892.014, 0.023468
892.079, 0.023468
892.145, 0.023468
892.213, 0.023468
892.282, 0.023468
892.354, 0.023468
892.427, 0.023468
892.502, 0.023468
892.579, 0.023468
892.639, 0.023468
892.7, 0.023468
892.76, 0.023468
892.82, 0.023468
892.882, 0.023468
892.945, 0.023468
893.009, 0.023468
893.069, 0.023468
893.131, 0.023468
893.191, 0.023468
893.252, 0.023468
893.312, 0.023468
893.372, 0.023468
893.434, 0.023468
893.497, 0.023468
893.561, 0.023468
893.621, 0.023468
893.683, 0.023468
893.746, 0.023468
893.811, 0.023468
893.877, 0.023468
893.937, 0.023468
893.998, 0.023468
894.058, 0.023468
894.12, 0.023468
894.183, 0.023468
894.243, 0.023468
894.303, 0.023468
894.364, 0.023468
894.424, 0.023468
894.486, 0.023468
894.549, 0.023468
894.613, 0.023468
894.68, 0.023468
894.74, 0.023468
894.801, 0.023468
894.861, 0.023468
894.923, 0.023468
894.986, 0.023468
895.05, 0.023468
895.117, 0.023468
895.177, 0.023468
895.237, 0.023468
895.298, 0.023468
895.361, 0.023468
895.421, 0.023468
895.483, 0.023468
895.546, 0.023468
895.606, 0.023468
895.666, 0.023468
895.727, 0.023468
895.79, 0.023468
895.855, 0.023468
895.921, 0.023468
895.981, 0.023468
896.042, 0.023468
896.106, 0.023468
896.17, 0.023468
896.23, 0.023468
896.292, 0.023468
896.355, 0.023468
896.415, 0.023468
896.476, 0.023468
896.539, 0.023468
896.599, 0.023468
896.661, 0.023468
896.721, 0.023468
896.781, 0.023468
896.842, 0.023468
896.905, 0.023468
896.965, 0.023468
897.025, 0.023468
897.087, 0.023468
897.15, 0.023468
897.214, 0.023468
897.274, 0.023468
897.336, 0.023468
897.399, 0.023468
897.464, 0.023468
897.53, 0.023468
897.598, 0.023468
897.667, 0.023468
897.739, 0.023468
897.799, 0.023468
897.86, 0.023468
897.923, 0.023468
897.983, 0.023468
898.045, 0.023468
898.108, 0.023468
898.172, 0.023468
898.238, 0.023468
898.298, 0.023468
898.36, 0.023468
898.423, 0.023468
898.483, 0.023468
898.545, 0.023468
898.608, 0.023468
898.668, 0.023468
898.729, 0.023468
898.792, 0.023468
898.852, 0.023468
898.914, 0.023468
898.974, 0.023468
899.035, 0.023468
899.098, 0.023468
899.163, 0.023468
899.229, 0.023468
899.289, 0.023468
899.35, 0.023468
899.414, 0.023468
899.474, 0.023468
899.535, 0.023468
899.598, 0.023468
899.658, 0.023468
899.718, 0.023468
899.78, 0.023468
899.843, 0.023468
899.903, 0.023468
899.963, 0.023468
900.024, 0.023468
900.084, 0.023468
900.146, 0.023468
900.206, 0.023468
900.266, 0.023468
900.327, 0.023468
900.39, 0.023468
900.455, 0.023468
900.515, 0.023468
900.576, 0.023468
900.639, 0.023468
900.704, 0.023468
900.764, 0.023468
900.824, 0.023468
900.885, 0.023468
900.945, 0.023468
901.007, 0.023468
901.07, 0.023468
901.13, 0.023468
901.191, 0.023468
901.251, 0.023468
901.313, 0.023468
901.376, 0.023468
901.436, 0.023468
901.497, 0.023468
901.561, 0.023468
901.621, 0.023468
901.682, 0.023468
901.745, 0.023468
901.805, 0.023468
901.867, 0.023468
901.927, 0.023468
901.988, 0.023468
902.051, 0.023468
902.116, 0.023468
902.182, 0.023468
902.242, 0.023468
902.303, 0.023468
902.363, 0.023468
902.425, 0.023468
902.488, 0.023468
902.548, 0.023468
902.609, 0.023468
902.672, 0.023468
902.737, 0.023468
902.797, 0.023468
902.859, 0.023468
902.922, 0.023468
902.986, 0.023468
903.046, 0.023468
903.108, 0.023468
903.171, 0.023468
903.231, 0.023468
903.291, 0.023468
903.352, 0.023468
903.415, 0.023468
903.48, 0.023468
903.546, 0.023468
903.606, 0.023468
903.668, 0.023468
903.728, 0.023468
903.789, 0.023468
903.849, 0.023468
903.911, 0.023468
903.971, 0.023468
904.031, 0.023468
904.092, 0.023468
904.152, 0.023468
904.214, 0.023468
904.274, 0.023468
904.335, 0.023468
904.398, 0.023468
904.458, 0.023468
904.52, 0.023468
904.58, 0.023468
904.641, 0.023468
904.704, 0.023468
904.769, 0.023468
904.835, 0.023468
904.903, 0.023468
904.973, 0.023468
905.033, 0.023468
905.094, 0.023468
905.157, 0.023468
905.222, 0.023468
905.288, 0.023468
905.348, 0.023468
905.409, 0.023468
905.472, 0.023468
905.532, 0.023468
905.594, 0.023468
905.657, 0.023468
905.722, 0.023468
905.788, 0.023468
905.848, 0.023468
905.909, 0.023468
905.969, 0.023468
906.031, 0.023468
906.094, 0.023468
906.159, 0.023468
906.225, 0.023468
906.285, 0.023468
906.346, 0.023468
906.406, 0.023468
906.468, 0.023468
906.531, 0.023468
906.595, 0.023468
906.655, 0.023468
906.715, 0.023468
906.777, 0.023468
906.837, 0.023468
906.898, 0.023468
906.961, 0.023468
907.021, 0.023468
907.081, 0.023468
907.141, 0.023468
907.203, 0.023468
907.266, 0.023468
907.326, 0.023468
907.387, 0.023468
907.451, 0.023468
907.511, 0.023468
907.571, 0.023468
907.632, 0.023468
907.692, 0.023468
907.754, 0.023468
907.817, 0.023468
907.877, 0.023468
907.938, 0.023468
908.001, 0.023468
908.066, 0.023468
908.132, 0.023468
908.192, 0.023468
908.253, 0.023468
908.316, 0.023468
908.381, 0.023468
908.447, 0.023468
