0.06, 0.0237122
0.12, 0.0237427
0.1815, 0.0237427
0.244537, 0.0237427
0.309151, 0.0237427
0.37538, 0.0237427
0.443264, 0.0237427
0.512846, 0.0237427
0.584167, 0.0237427
0.657271, 0.0237427
0.732203, 0.0237427
0.809008, 0.0237427
0.887733, 0.0237427
0.968427, 0.0237427
1.05114, 0.0237427
1.13592, 0.0237427
1.22281, 0.0237427
1.31188, 0.0237427
1.40318, 0.0237427
1.49676, 0.0237427
1.59268, 0.0237427
1.691, 0.0237427
1.79177, 0.0237427
1.89507, 0.0237427
2.00094, 0.0237427
2.10947, 0.0237427
2.2207, 0.0237427
2.33472, 0.0237427
2.45159, 0.0237427
2.57138, 0.0237427
2.69416, 0.0237427
2.82002, 0.0237427
2.94902, 0.0237427
3.08124, 0.0237427
3.21677, 0.0237427
3.35569, 0.0237427
3.49808, 0.0237427
3.64404, 0.0237427
3.79364, 0.0237427
3.94698, 0.0237427
4.10415, 0.0237427
4.26526, 0.0237427
4.43039, 0.0237427
4.59965, 0.0237427
4.77314, 0.0237427
4.95097, 0.0237427
5.13324, 0.0237427
5.32007, 0.0237427
5.51157, 0.0237427
5.70786, 0.0237427
5.90906, 0.0237427
6.11529, 0.0237427
6.32667, 0.0237732
6.54334, 0.0237732
6.76542, 0.0237732
6.99306, 0.0237732
7.22638, 0.0237732
7.46554, 0.0237732
7.71068, 0.0237732
7.96195, 0.0237732
8.2195, 0.0237732
8.48348, 0.0237732
8.75407, 0.0237732
9.03142, 0.0237732
9.31571, 0.0237732
9.6071, 0.0237732
9.90578, 0.0237732
10.2119, 0.0237732
10.5257, 0.0237732
10.8474, 0.0237732
11.177, 0.0237732
11.515, 0.0237732
11.8613, 0.0237732
12.2164, 0.0237732
12.5803, 0.0237732
12.9533, 0.0237732
13.3356, 0.0237732
13.7275, 0.0237732
14.1292, 0.0237732
14.5409, 0.0237732
14.963, 0.0237732
15.3955, 0.0237732
15.8389, 0.0237732
16.2934, 0.0237732
16.7592, 0.0237732
17.2367, 0.0237732
17.7261, 0.0237732
18.2278, 0.0237732
18.742, 0.0237732
19.269, 0.0237732
19.8093, 0.0237732
20.363, 0.0237732
20.9306, 0.0237732
21.5123, 0.0237732
22.1086, 0.0237732
22.7198, 0.0237732
23.3463, 0.0237732
23.9885, 0.0237732
24.6467, 0.0237732
25.3214, 0.0237732
26.0129, 0.0237732
26.7217, 0.0237732
27.4483, 0.0237732
28.193, 0.0237732
28.9563, 0.0237732
29.7387, 0.0237732
30.5407, 0.0237732
31.3627, 0.0237732
32.2053, 0.0237732
33.0689, 0.0237732
33.9541, 0.0237732
34.8615, 0.0237732
35.7915, 0.0237732
36.7448, 0.0237732
37.7219, 0.0237732
38.7235, 0.0237732
39.7501, 0.0237732
40.8023, 0.0237732
41.8809, 0.0237732
42.9864, 0.0237732
44.1196, 0.0237732
45.281, 0.0237732
46.4716, 0.0237732
47.6919, 0.0237732
48.9427, 0.0237732
50.2247, 0.0237732
51.5388, 0.0237732
52.8858, 0.0237732
54.2665, 0.0237732
55.6816, 0.0237732
57.1322, 0.0237732
58.619, 0.0237732
60.1429, 0.0237732
61.705, 0.0237732
63.3061, 0.0237427
64.9473, 0.0237427
66.6295, 0.0237427
68.3537, 0.0237427
70.1211, 0.0237427
71.9326, 0.0237427
73.7894, 0.0237427
75.6926, 0.0237427
77.6434, 0.0237427
79.643, 0.0237427
79.703, 0.0237122
79.7645, 0.0237122
79.8276, 0.0237122
79.8922, 0.0237122
79.9584, 0.0237122
80.0263, 0.0237122
80.0959, 0.0237122
80.1672, 0.0237122
80.2403, 0.0237122
80.3152, 0.0237122
80.3752, 0.0237122
80.4367, 0.0237122
80.4998, 0.0237122
80.5644, 0.0237122
80.6306, 0.0237122
80.6985, 0.0237122
80.7681, 0.0237122
80.8281, 0.0237122
80.8896, 0.0237122
80.9526, 0.0237122
81.0172, 0.0237122
81.0835, 0.0237122
81.1435, 0.0237122
81.205, 0.0237122
81.268, 0.0237122
81.3326, 0.0237122
81.3988, 0.0237122
81.4667, 0.0237122
81.5267, 0.0237122
81.5882, 0.0237122
81.6513, 0.0237122
81.7113, 0.0237122
81.7728, 0.0237122
81.8358, 0.0237122
81.9004, 0.0237122
81.9666, 0.0237122
82.0345, 0.0237122
82.1041, 0.0237122
82.1754, 0.0237122
82.2485, 0.0237122
82.3235, 0.0237122
82.3835, 0.0237122
82.445, 0.0237122
82.508, 0.0237122
82.5726, 0.0237122
82.6388, 0.0237122
82.7067, 0.0237122
82.7763, 0.0237122
82.8476, 0.0237122
82.9207, 0.0237122
82.9957, 0.0237122
83.0725, 0.0237122
83.1512, 0.0237122
83.2112, 0.0237122
83.2727, 0.0237122
83.3357, 0.0237122
83.4004, 0.0237122
83.4666, 0.0237122
83.5345, 0.0237122
83.604, 0.0237122
83.6754, 0.0237122
83.7485, 0.0237122
83.8234, 0.0237122
83.9002, 0.0237122
83.9789, 0.0237122
84.0596, 0.0237122
84.1196, 0.0237122
84.1811, 0.0237122
84.2442, 0.0237122
84.3088, 0.0237122
84.375, 0.0237122
84.4429, 0.0237122
84.5125, 0.0237122
84.5838, 0.0237122
84.6569, 0.0237122
84.7318, 0.0237122
84.8086, 0.0237122
84.8874, 0.0237122
84.9681, 0.0237122
85.0508, 0.0237122
85.1355, 0.0237122
85.2224, 0.0237122
85.3115, 0.0237122
85.4028, 0.0237122
85.4964, 0.0237122
85.5923, 0.0237122
85.6906, 0.0237122
85.7914, 0.0237122
85.8947, 0.0237122
86.0006, 0.0237122
86.1091, 0.0237122
86.2203, 0.0237122
86.3343, 0.0237122
86.4512, 0.0237122
86.571, 0.0237122
86.6938, 0.0237122
86.8196, 0.0237122
86.9486, 0.0237122
87.0809, 0.0237122
87.2164, 0.0237122
87.3553, 0.0237122
87.4977, 0.0237122
87.6437, 0.0237122
87.7933, 0.0237122
87.9466, 0.0237122
88.1038, 0.0237122
88.2649, 0.0237122
88.43, 0.0237122
88.5993, 0.0237122
88.7728, 0.0237122
88.9506, 0.0237122
89.1329, 0.0237122
89.3197, 0.0237122
89.5112, 0.0237122
89.7075, 0.0237122
89.9087, 0.0237122
90.1149, 0.0237122
90.3263, 0.0237122
90.543, 0.0237122
90.765, 0.0237122
90.9927, 0.0237122
91.226, 0.0236816
91.4652, 0.0236816
91.7103, 0.0236816
91.9616, 0.0236816
92.2191, 0.0236816
92.4831, 0.0236816
92.7537, 0.0236816
93.031, 0.0236816
93.3153, 0.0236816
93.6067, 0.0236816
93.9054, 0.0236816
94.2115, 0.0236816
94.5253, 0.0236816
94.847, 0.0236816
95.1767, 0.0236816
95.5146, 0.0236816
95.861, 0.0236816
96.216, 0.0236816
96.5799, 0.0236816
96.9529, 0.0236816
97.3353, 0.0236816
97.7271, 0.0236816
98.1288, 0.0236816
98.5406, 0.0236816
98.9626, 0.0236816
99.3952, 0.0236816
99.8386, 0.0236816
100.293, 0.0236816
100.759, 0.0236816
101.236, 0.0236816
101.726, 0.0236816
102.227, 0.0236816
102.742, 0.0236816
103.269, 0.0236816
103.809, 0.0236816
104.363, 0.0236816
104.93, 0.0236816
105.512, 0.0236816
105.572, 0.0236511
105.633, 0.0236511
105.696, 0.0236511
105.761, 0.0236511
105.827, 0.0236511
105.895, 0.0236511
105.965, 0.0236511
106.036, 0.0236511
106.109, 0.0236511
106.184, 0.0236511
106.244, 0.0236511
106.306, 0.0236511
106.366, 0.0236511
106.427, 0.0236511
106.49, 0.0236511
106.555, 0.0236511
106.621, 0.0236511
106.681, 0.0236511
106.743, 0.0236511
106.803, 0.0236511
106.864, 0.0236511
106.927, 0.0236511
106.987, 0.0236511
107.049, 0.0236511
107.112, 0.0236511
107.172, 0.0236511
107.233, 0.0236511
107.296, 0.0236511
107.361, 0.0236511
107.427, 0.0236511
107.487, 0.0236511
107.548, 0.0236511
107.612, 0.0236511
107.676, 0.0236511
107.736, 0.0236511
107.798, 0.0236511
107.858, 0.0236511
107.919, 0.0236511
107.982, 0.0236511
108.042, 0.0236511
108.104, 0.0236511
108.167, 0.0236511
108.231, 0.0236511
108.298, 0.0236511
108.365, 0.0236511
108.425, 0.0236511
108.487, 0.0236511
108.547, 0.0236511
108.608, 0.0236511
108.668, 0.0236511
108.73, 0.0236511
108.793, 0.0236511
108.853, 0.0236511
108.914, 0.0236511
108.974, 0.0236511
109.036, 0.0236511
109.099, 0.0236511
109.164, 0.0236511
109.224, 0.0236511
109.285, 0.0236511
109.345, 0.0236511
109.407, 0.0236511
109.47, 0.0236511
109.53, 0.0236511
109.59, 0.0236511
109.651, 0.0236511
109.711, 0.0236511
109.773, 0.0236511
109.836, 0.0236511
109.9, 0.0236511
109.967, 0.0236511
110.034, 0.0236511
110.104, 0.0236511
110.175, 0.0236511
110.235, 0.0236511
110.297, 0.0236511
110.357, 0.0236511
110.418, 0.0236511
110.481, 0.0236511
110.541, 0.0236511
110.603, 0.0236511
110.666, 0.0236511
110.731, 0.0236511
110.791, 0.0236511
110.852, 0.0236511
110.912, 0.0236511
110.974, 0.0236511
111.037, 0.0236511
111.097, 0.0236511
111.158, 0.0236511
111.221, 0.0236511
111.286, 0.0236511
111.352, 0.0236511
111.412, 0.0236511
111.473, 0.0236511
111.536, 0.0236511
111.601, 0.0236511
111.667, 0.0236511
111.727, 0.0236511
111.789, 0.0236511
111.852, 0.0236511
111.912, 0.0236511
111.973, 0.0236511
112.036, 0.0236511
112.096, 0.0236511
112.158, 0.0236511
112.221, 0.0236511
112.286, 0.0236511
112.352, 0.0236511
112.42, 0.0236511
112.489, 0.0236511
112.561, 0.0236511
112.634, 0.0236511
112.709, 0.0236511
112.785, 0.0236511
112.864, 0.0236511
112.945, 0.0236511
113.028, 0.0236511
113.112, 0.0236511
113.199, 0.0236511
113.288, 0.0236511
113.348, 0.0236511
113.41, 0.0236511
113.473, 0.0236511
113.537, 0.0236511
113.604, 0.0236511
113.664, 0.0236511
113.725, 0.0236511
113.788, 0.0236511
113.853, 0.0236511
113.919, 0.0236511
113.987, 0.0236511
114.047, 0.0236511
114.108, 0.0236511
114.171, 0.0236511
114.231, 0.0236511
114.293, 0.0236511
114.356, 0.0236511
114.421, 0.0236511
114.487, 0.0236511
114.555, 0.0236511
114.624, 0.0236511
114.696, 0.0236511
114.769, 0.0236511
114.844, 0.0236511
114.92, 0.0236511
114.999, 0.0236511
115.08, 0.0236511
115.163, 0.0236511
115.247, 0.0236511
115.334, 0.0236511
115.423, 0.0236511
115.515, 0.0236511
115.608, 0.0236511
115.704, 0.0236511
115.802, 0.0236511
115.903, 0.0236511
116.007, 0.0236511
116.112, 0.0236511
116.221, 0.0236511
116.332, 0.0236511
116.446, 0.0236511
116.563, 0.0236511
116.683, 0.0236511
116.806, 0.0236511
116.931, 0.0236511
117.06, 0.0236511
117.193, 0.0236511
117.328, 0.0236511
117.467, 0.0236511
117.61, 0.0236511
117.67, 0.0236511
117.731, 0.0236511
117.791, 0.0236511
117.853, 0.0236511
117.913, 0.0236511
117.974, 0.0236511
118.037, 0.0236511
118.102, 0.0236511
118.162, 0.0236511
118.222, 0.0236511
118.283, 0.0236511
118.343, 0.0236511
118.405, 0.0236511
118.468, 0.0236511
118.532, 0.0236511
118.599, 0.0236511
118.666, 0.0236511
118.736, 0.0236511
118.796, 0.0236511
118.858, 0.0236511
118.921, 0.0236511
118.985, 0.0236511
119.051, 0.0236511
119.119, 0.0236511
119.189, 0.0236511
119.249, 0.0236511
119.31, 0.0236511
119.373, 0.0236511
119.438, 0.0236511
119.498, 0.0236511
119.56, 0.0236511
119.623, 0.0236511
119.687, 0.0236511
119.753, 0.0236511
119.821, 0.0236511
119.891, 0.0236511
119.962, 0.0236511
120.035, 0.0236511
120.095, 0.0236511
120.157, 0.0236511
120.217, 0.0236511
120.278, 0.0236511
120.341, 0.0236511
120.406, 0.0236511
120.466, 0.0236511
120.527, 0.0236511
120.59, 0.0236511
120.65, 0.0236511
120.71, 0.0236511
120.772, 0.0236511
120.832, 0.0236511
120.893, 0.0236511
120.957, 0.0236511
121.021, 0.0236511
121.087, 0.0236511
121.155, 0.0236511
121.225, 0.0236511
121.296, 0.0236511
121.356, 0.0236511
121.418, 0.0236511
121.481, 0.0236511
121.545, 0.0236511
121.605, 0.0236511
121.667, 0.0236511
121.73, 0.0236511
121.794, 0.0236511
121.861, 0.0236511
121.929, 0.0236511
121.998, 0.0236511
122.069, 0.0236511
122.143, 0.0236511
122.218, 0.0236511
122.278, 0.0236511
122.339, 0.0236511
122.399, 0.0236511
122.461, 0.0236511
122.521, 0.0236511
122.582, 0.0236511
122.645, 0.0236511
122.705, 0.0236511
122.767, 0.0236511
122.83, 0.0236511
122.894, 0.0236511
122.96, 0.0236511
123.028, 0.0236511
123.098, 0.0236511
123.169, 0.0236511
123.242, 0.0236511
123.317, 0.0236511
123.394, 0.0236511
123.473, 0.0236511
123.533, 0.0236511
123.594, 0.0236511
123.657, 0.0236511
123.722, 0.0236511
123.788, 0.0236511
123.856, 0.0236511
123.916, 0.0236511
123.978, 0.0236511
124.041, 0.0236511
124.105, 0.0236511
124.171, 0.0236511
124.231, 0.0236511
124.291, 0.0236511
124.353, 0.0236511
124.416, 0.0236511
124.476, 0.0236511
124.537, 0.0236511
124.597, 0.0236511
124.657, 0.0236511
124.719, 0.0236511
124.782, 0.0236511
124.847, 0.0236511
124.907, 0.0236511
124.968, 0.0236511
125.028, 0.0236511
125.09, 0.0236511
125.153, 0.0236511
125.217, 0.0236511
125.284, 0.0236511
125.351, 0.0236511
125.421, 0.0236511
125.481, 0.0236511
125.542, 0.0236511
125.606, 0.0236511
125.67, 0.0236511
125.736, 0.0236511
125.796, 0.0236511
125.858, 0.0236511
125.921, 0.0236511
125.981, 0.0236511
126.042, 0.0236511
126.105, 0.0236511
126.17, 0.0236511
126.23, 0.0236511
126.292, 0.0236511
126.352, 0.0236511
126.413, 0.0236511
126.476, 0.0236511
126.541, 0.0236511
126.607, 0.0236511
126.667, 0.0236511
126.728, 0.0236511
126.791, 0.0236511
126.856, 0.0236511
126.922, 0.0236511
126.99, 0.0236511
127.05, 0.0236511
127.112, 0.0236511
127.175, 0.0236511
127.235, 0.0236511
127.296, 0.0236511
127.356, 0.0236511
127.418, 0.0236511
127.478, 0.0236511
127.539, 0.0236511
127.602, 0.0236511
127.667, 0.0236511
127.733, 0.0236511
127.801, 0.0236511
127.861, 0.0236511
127.922, 0.0236511
127.982, 0.0236511
128.044, 0.0236511
128.107, 0.0236511
128.172, 0.0236511
128.238, 0.0236511
128.298, 0.0236511
128.359, 0.0236511
128.422, 0.0236511
128.482, 0.0236511
128.544, 0.0236511
128.604, 0.0236511
128.665, 0.0236511
128.728, 0.0236511
128.793, 0.0236511
128.853, 0.0236511
128.915, 0.0236511
128.975, 0.0236511
129.036, 0.0236511
129.096, 0.0236511
129.158, 0.0236511
129.221, 0.0236511
129.281, 0.0236511
129.342, 0.0236511
129.405, 0.0236511
129.465, 0.0236511
129.527, 0.0236511
129.59, 0.0236511
129.65, 0.0236511
129.711, 0.0236511
129.774, 0.0236511
129.834, 0.0236511
129.896, 0.0236511
129.959, 0.0236511
130.023, 0.0236511
130.09, 0.0236511
130.15, 0.0236511
130.211, 0.0236511
130.274, 0.0236511
130.339, 0.0236511
130.405, 0.0236511
130.473, 0.0236511
130.533, 0.0236511
130.594, 0.0236511
130.657, 0.0236511
130.717, 0.0236511
130.779, 0.0236511
130.839, 0.0236511
130.9, 0.0236511
130.963, 0.0236511
131.028, 0.0236511
131.094, 0.0236511
131.162, 0.0236511
131.232, 0.0236511
131.303, 0.0236511
131.376, 0.0236511
131.436, 0.0236511
131.498, 0.0236511
131.558, 0.0236511
131.619, 0.0236511
131.682, 0.0236511
131.742, 0.0236511
131.804, 0.0236511
131.867, 0.0236511
131.931, 0.0236511
131.998, 0.0236511
132.065, 0.0236511
132.125, 0.0236511
132.187, 0.0236511
132.247, 0.0236511
132.308, 0.0236511
132.371, 0.0236511
132.436, 0.0236511
132.496, 0.0236511
132.558, 0.0236511
132.621, 0.0236511
132.685, 0.0236511
132.751, 0.0236511
132.819, 0.0236511
132.889, 0.0236511
132.96, 0.0236511
133.033, 0.0236511
133.108, 0.0236511
133.168, 0.0236511
133.23, 0.0236511
133.293, 0.0236511
133.353, 0.0236511
133.414, 0.0236511
133.474, 0.0236511
133.536, 0.0236511
133.596, 0.0236511
133.657, 0.0236511
133.717, 0.0236511
133.779, 0.0236511
133.839, 0.0236511
133.9, 0.0236511
133.96, 0.0236511
134.022, 0.0236511
134.085, 0.0236511
134.145, 0.0236511
134.206, 0.0236511
134.266, 0.0236511
134.328, 0.0236511
134.391, 0.0236511
134.456, 0.0236511
134.516, 0.0236511
134.577, 0.0236511
134.64, 0.0236511
134.705, 0.0236511
134.771, 0.0236511
134.831, 0.0236511
134.892, 0.0236511
134.952, 0.0236511
135.014, 0.0236511
135.077, 0.0236511
135.142, 0.0236511
135.208, 0.0236511
135.276, 0.0236511
135.336, 0.0236511
135.397, 0.0236511
135.457, 0.0236511
135.519, 0.0236511
135.582, 0.0236511
135.646, 0.0236511
135.713, 0.0236511
135.78, 0.0236511
135.85, 0.0236511
135.91, 0.0236511
135.972, 0.0236511
136.032, 0.0236511
136.093, 0.0236511
136.156, 0.0236511
136.221, 0.0236511
136.287, 0.0236511
136.355, 0.0236511
136.424, 0.0236511
136.496, 0.0236511
136.556, 0.0236511
136.617, 0.0236511
136.677, 0.0236511
136.739, 0.0236511
136.799, 0.0236511
136.86, 0.0236511
136.923, 0.0236511
136.988, 0.0236511
137.054, 0.0236511
137.122, 0.0236511
137.192, 0.0236511
137.263, 0.0236511
137.323, 0.0236511
137.384, 0.0236511
137.444, 0.0236511
137.506, 0.0236511
137.569, 0.0236511
137.634, 0.0236511
137.7, 0.0236511
137.76, 0.0236511
137.821, 0.0236511
137.881, 0.0236511
137.943, 0.0236511
138.006, 0.0236511
138.066, 0.0236511
138.127, 0.0236511
138.19, 0.0236511
138.255, 0.0236511
138.321, 0.0236511
138.381, 0.0236511
138.443, 0.0236511
138.506, 0.0236511
138.57, 0.0236511
138.637, 0.0236511
138.704, 0.0236511
138.774, 0.0236511
138.845, 0.0236511
138.918, 0.0236511
138.993, 0.0236511
139.07, 0.0236511
139.149, 0.0236511
139.23, 0.0236511
139.312, 0.0236511
139.372, 0.0236511
139.434, 0.0236511
139.497, 0.0236511
139.561, 0.0236511
139.628, 0.0236511
139.688, 0.0236511
139.749, 0.0236511
139.812, 0.0236511
139.877, 0.0236511
139.943, 0.0236511
140.003, 0.0236511
140.065, 0.0236511
140.128, 0.0236511
140.188, 0.0236511
140.249, 0.0236511
140.312, 0.0236511
140.372, 0.0236511
140.432, 0.0236511
140.494, 0.0236511
140.554, 0.0236511
140.615, 0.0236511
140.678, 0.0236511
140.743, 0.0236511
140.809, 0.0236511
140.877, 0.0236511
140.946, 0.0236511
141.018, 0.0236511
141.091, 0.0236511
141.166, 0.0236511
141.226, 0.0236511
141.287, 0.0236511
141.35, 0.0236511
141.41, 0.0236511
141.472, 0.0236511
141.535, 0.0236511
141.6, 0.0236511
141.666, 0.0236511
141.734, 0.0236511
141.803, 0.0236511
141.863, 0.0236511
141.925, 0.0236511
141.988, 0.0236511
142.052, 0.0236511
142.112, 0.0236511
142.174, 0.0236511
142.237, 0.0236511
142.297, 0.0236511
142.358, 0.0236511
142.421, 0.0236511
142.481, 0.0236511
142.543, 0.0236511
142.606, 0.0236511
142.671, 0.0236511
142.737, 0.0236511
142.805, 0.0236511
142.874, 0.0236511
142.946, 0.0236511
143.006, 0.0236511
143.067, 0.0236511
143.13, 0.0236511
143.19, 0.0236511
143.252, 0.0236511
143.315, 0.0236511
143.379, 0.0236511
143.446, 0.0236511
143.506, 0.0236511
143.567, 0.0236511
143.63, 0.0236511
143.695, 0.0236511
143.755, 0.0236511
143.816, 0.0236511
143.879, 0.0236511
143.939, 0.0236511
144.001, 0.0236511
144.064, 0.0236511
144.124, 0.0236511
144.185, 0.0236511
144.245, 0.0236511
144.307, 0.0236511
144.367, 0.0236511
144.428, 0.0236511
144.491, 0.0236511
144.556, 0.0236511
144.622, 0.0236511
144.682, 0.0236511
144.744, 0.0236511
144.807, 0.0236511
144.871, 0.0236511
144.931, 0.0236511
144.993, 0.0236511
145.053, 0.0236511
145.114, 0.0236511
145.174, 0.0236511
145.236, 0.0236511
145.299, 0.0236511
145.363, 0.0236511
145.43, 0.0236511
145.498, 0.0236511
145.567, 0.0236511
145.638, 0.0236511
145.712, 0.0236511
145.786, 0.0236511
145.863, 0.0236511
145.942, 0.0236511
146.002, 0.0236511
146.064, 0.0236511
146.127, 0.0236511
146.191, 0.0236511
146.257, 0.0236511
146.317, 0.0236511
146.379, 0.0236511
146.442, 0.0236511
146.502, 0.0236511
146.563, 0.0236511
146.626, 0.0236511
146.691, 0.0236511
146.757, 0.0236511
146.825, 0.0236511
146.885, 0.0236511
146.947, 0.0236511
147.01, 0.0236511
147.07, 0.0236511
147.131, 0.0236511
147.194, 0.0236511
147.254, 0.0236511
147.316, 0.0236511
147.379, 0.0236511
147.439, 0.0236511
147.5, 0.0236511
147.56, 0.0236511
147.622, 0.0236511
147.685, 0.0236511
147.749, 0.0236511
147.816, 0.0236511
147.884, 0.0236511
147.944, 0.0236511
148.005, 0.0236511
148.068, 0.0236511
148.133, 0.0236511
148.193, 0.0236511
148.254, 0.0236511
148.314, 0.0236511
148.376, 0.0236511
148.439, 0.0236511
148.499, 0.0236511
148.56, 0.0236511
148.62, 0.0236511
148.682, 0.0236511
148.745, 0.0236511
148.809, 0.0236511
148.876, 0.0236511
148.944, 0.0236511
149.004, 0.0236511
149.065, 0.0236511
149.125, 0.0236511
149.187, 0.0236511
149.247, 0.0236511
149.308, 0.0236511
149.371, 0.0236511
149.436, 0.0236511
149.502, 0.0236511
149.57, 0.0236511
149.639, 0.0236511
149.711, 0.0236511
149.784, 0.0236511
149.859, 0.0236511
149.936, 0.0236511
149.996, 0.0236511
150.057, 0.0236511
150.12, 0.0236511
150.185, 0.0236511
150.251, 0.0236511
150.319, 0.0236511
150.379, 0.0236511
150.44, 0.0236511
150.503, 0.0236511
150.563, 0.0236511
150.625, 0.0236511
150.688, 0.0236511
150.752, 0.0236511
150.819, 0.0236511
150.887, 0.0236511
150.956, 0.0236511
151.028, 0.0236511
151.101, 0.0236511
151.176, 0.0236511
151.236, 0.0236511
151.297, 0.0236511
151.36, 0.0236511
151.42, 0.0236511
151.482, 0.0236511
151.545, 0.0236511
151.609, 0.0236511
151.675, 0.0236511
151.743, 0.0236511
151.813, 0.0236511
151.873, 0.0236511
151.934, 0.0236511
151.994, 0.0236511
152.056, 0.0236511
152.119, 0.0236511
152.184, 0.0236511
152.25, 0.0236511
152.31, 0.0236511
152.371, 0.0236511
152.434, 0.0236511
152.494, 0.0236511
152.556, 0.0236511
152.619, 0.0236511
152.679, 0.0236511
152.74, 0.0236511
152.8, 0.0236511
152.862, 0.0236511
152.925, 0.0236511
152.985, 0.0236511
153.046, 0.0236511
153.109, 0.0236511
153.174, 0.0236511
153.24, 0.0236511
153.3, 0.0236511
153.362, 0.0236511
153.425, 0.0236511
153.485, 0.0236511
153.546, 0.0236511
153.606, 0.0236511
153.668, 0.0236511
153.731, 0.0236511
153.795, 0.0236511
153.862, 0.0236511
153.93, 0.0236511
153.999, 0.0236511
154.07, 0.0236511
154.144, 0.0236511
154.219, 0.0236511
154.295, 0.0236511
154.374, 0.0236511
154.434, 0.0236511
154.496, 0.0236511
154.556, 0.0236511
154.617, 0.0236511
154.677, 0.0236511
154.739, 0.0236511
154.802, 0.0236511
154.862, 0.0236511
154.923, 0.0236511
154.983, 0.0236511
155.045, 0.0236511
155.105, 0.0236511
155.166, 0.0236511
155.226, 0.0236511
155.288, 0.0236511
155.351, 0.0236511
155.411, 0.0236511
155.472, 0.0236511
155.532, 0.0236511
155.594, 0.0236511
155.654, 0.0236511
155.715, 0.0236511
155.778, 0.0236511
155.838, 0.0236511
155.9, 0.0236511
155.963, 0.0236511
156.027, 0.0236511
156.094, 0.0236511
156.154, 0.0236511
156.215, 0.0236511
156.275, 0.0236511
156.337, 0.0236511
156.4, 0.0236511
156.464, 0.0236511
156.53, 0.0236511
156.59, 0.0236511
156.652, 0.0236511
156.712, 0.0236511
156.773, 0.0236511
156.836, 0.0236511
156.901, 0.0236511
156.967, 0.0236511
157.035, 0.0236511
157.105, 0.0236511
157.165, 0.0236511
157.226, 0.0236511
157.289, 0.0236511
157.349, 0.0236511
157.411, 0.0236511
157.474, 0.0236511
157.538, 0.0236511
157.605, 0.0236511
157.665, 0.0236511
157.725, 0.0236511
157.786, 0.0236511
157.849, 0.0236511
157.909, 0.0236511
157.971, 0.0236511
158.031, 0.0236511
158.092, 0.0236511
158.155, 0.0236511
158.215, 0.0236511
158.277, 0.0236511
158.34, 0.0236511
158.4, 0.0236511
158.461, 0.0236511
158.521, 0.0236511
158.583, 0.0236511
158.646, 0.0236511
158.71, 0.0236511
158.777, 0.0236511
158.837, 0.0236511
158.898, 0.0236511
158.961, 0.0236511
159.021, 0.0236511
159.083, 0.0236511
159.146, 0.0236511
159.206, 0.0236511
159.267, 0.0236511
159.33, 0.0236511
159.395, 0.0236511
159.461, 0.0236511
159.521, 0.0236511
159.583, 0.0236511
159.646, 0.0236511
159.71, 0.0236511
159.777, 0.0236511
159.844, 0.0236511
159.914, 0.0236511
159.985, 0.0236511
160.058, 0.0236511
160.133, 0.0236511
160.21, 0.0236511
160.289, 0.0236511
160.349, 0.0236511
160.41, 0.0236511
160.473, 0.0236511
160.538, 0.0236511
160.598, 0.0236511
160.66, 0.0236511
160.723, 0.0236511
160.787, 0.0236511
160.853, 0.0236511
160.921, 0.0236511
160.991, 0.0236511
161.051, 0.0236511
161.112, 0.0236511
161.175, 0.0236511
161.235, 0.0236511
161.297, 0.0236511
161.357, 0.0236511
161.418, 0.0236511
161.478, 0.0236511
161.54, 0.0236511
161.603, 0.0236511
161.668, 0.0236511
161.734, 0.0236511
161.802, 0.0236511
161.871, 0.0236511
161.943, 0.0236511
162.003, 0.0236511
162.064, 0.0236511
162.127, 0.0236511
162.192, 0.0236511
162.258, 0.0236511
162.318, 0.0236511
162.379, 0.0236511
162.442, 0.0236511
162.507, 0.0236511
162.567, 0.0236511
162.629, 0.0236511
162.689, 0.0236511
162.75, 0.0236511
162.813, 0.0236511
162.878, 0.0236511
162.944, 0.0236511
163.012, 0.0236511
163.072, 0.0236511
163.133, 0.0236511
163.193, 0.0236511
163.255, 0.0236511
163.318, 0.0236511
163.383, 0.0236511
163.443, 0.0236511
163.504, 0.0236511
163.567, 0.0236511
163.632, 0.0236511
163.692, 0.0236511
163.753, 0.0236511
163.816, 0.0236511
163.881, 0.0236511
163.947, 0.0236511
164.007, 0.0236511
164.069, 0.0236511
164.132, 0.0236511
164.192, 0.0236511
164.253, 0.0236511
164.316, 0.0236511
164.376, 0.0236511
164.438, 0.0236511
164.501, 0.0236511
164.561, 0.0236511
164.622, 0.0236511
164.685, 0.0236511
164.75, 0.0236511
164.816, 0.0236511
164.876, 0.0236511
164.938, 0.0236511
165.001, 0.0236511
165.065, 0.0236511
165.131, 0.0236511
165.191, 0.0236511
165.253, 0.0236511
165.316, 0.0236511
165.381, 0.0236511
165.447, 0.0236511
165.507, 0.0236511
165.568, 0.0236511
165.631, 0.0236511
165.691, 0.0236511
165.753, 0.0236511
165.816, 0.0236511
165.88, 0.0236511
165.947, 0.0236511
166.015, 0.0236511
166.075, 0.0236511
166.136, 0.0236511
166.196, 0.0236511
166.258, 0.0236511
166.321, 0.0236511
166.385, 0.0236511
166.451, 0.0236511
166.519, 0.0236511
166.579, 0.0236511
166.641, 0.0236511
166.701, 0.0236511
166.762, 0.0236511
166.825, 0.0236511
166.885, 0.0236511
166.945, 0.0236511
167.007, 0.0236511
167.067, 0.0236511
167.127, 0.0236511
167.188, 0.0236511
167.248, 0.0236511
167.31, 0.0236511
167.373, 0.0236511
167.433, 0.0236511
167.494, 0.0236511
167.557, 0.0236511
167.617, 0.0236511
167.679, 0.0236511
167.742, 0.0236511
167.802, 0.0236511
167.864, 0.0236511
167.927, 0.0236511
167.991, 0.0236511
168.057, 0.0236511
168.125, 0.0236511
168.195, 0.0236511
168.266, 0.0236511
168.339, 0.0236511
168.399, 0.0236511
168.461, 0.0236511
168.524, 0.0236511
168.584, 0.0236511
168.645, 0.0236511
168.708, 0.0236511
168.773, 0.0236511
168.833, 0.0236511
168.894, 0.0236511
168.958, 0.0236511
169.022, 0.0236511
169.088, 0.0236511
169.156, 0.0236511
169.226, 0.0236511
169.286, 0.0236511
169.347, 0.0236511
169.407, 0.0236511
169.469, 0.0236511
169.529, 0.0236511
169.59, 0.0236511
169.65, 0.0236511
169.712, 0.0236511
169.775, 0.0236511
169.835, 0.0236511
169.895, 0.0236511
169.956, 0.0236511
170.019, 0.0236511
170.079, 0.0236511
170.141, 0.0236511
170.201, 0.0236511
170.262, 0.0236511
170.322, 0.0236511
170.384, 0.0236511
170.447, 0.0236511
170.507, 0.0236511
170.568, 0.0236511
170.628, 0.0236511
170.69, 0.0236511
170.753, 0.0236511
170.813, 0.0236511
170.874, 0.0236511
170.938, 0.0236511
170.998, 0.0236511
171.059, 0.0236511
171.122, 0.0236511
171.182, 0.0236511
171.244, 0.0236511
171.304, 0.0236511
171.365, 0.0236511
171.425, 0.0236511
171.487, 0.0236511
171.547, 0.0236511
171.608, 0.0236511
171.668, 0.0236511
171.73, 0.0236511
171.79, 0.0236511
171.851, 0.0236511
171.914, 0.0236511
171.979, 0.0236511
172.045, 0.0236511
172.113, 0.0236511
172.173, 0.0236511
172.234, 0.0236511
172.297, 0.0236511
172.362, 0.0236511
172.428, 0.0236511
172.496, 0.0236511
172.556, 0.0236511
172.618, 0.0236511
172.681, 0.0236511
172.745, 0.0236511
172.811, 0.0236511
172.871, 0.0236511
172.933, 0.0236511
172.993, 0.0236511
173.054, 0.0236511
173.117, 0.0236511
173.182, 0.0236511
173.242, 0.0236511
173.304, 0.0236511
173.364, 0.0236511
173.425, 0.0236511
173.485, 0.0236511
173.547, 0.0236511
173.607, 0.0236511
173.668, 0.0236511
173.731, 0.0236511
173.791, 0.0236511
173.853, 0.0236511
173.916, 0.0236511
173.976, 0.0236511
174.037, 0.0236511
174.097, 0.0236511
174.159, 0.0236511
174.222, 0.0236511
174.286, 0.0236511
174.353, 0.0236511
174.42, 0.0236511
174.48, 0.0236511
174.542, 0.0236511
174.602, 0.0236511
174.663, 0.0236511
174.726, 0.0236511
174.786, 0.0236511
174.848, 0.0236511
174.911, 0.0236511
174.971, 0.0236511
175.033, 0.0236511
175.096, 0.0236511
175.156, 0.0236511
175.217, 0.0236511
175.28, 0.0236511
175.34, 0.0236511
175.402, 0.0236511
175.462, 0.0236511
175.522, 0.0236511
175.583, 0.0236511
175.646, 0.0236511
175.711, 0.0236511
175.777, 0.0236511
175.837, 0.0236511
175.898, 0.0236511
175.958, 0.0236511
176.02, 0.0236511
176.08, 0.0236511
176.141, 0.0236511
176.201, 0.0236511
176.263, 0.0236511
176.326, 0.0236511
176.391, 0.0236511
176.451, 0.0236511
176.512, 0.0236511
176.572, 0.0236511
176.634, 0.0236511
176.697, 0.0236511
176.761, 0.0236511
176.828, 0.0236511
176.888, 0.0236511
176.949, 0.0236511
177.012, 0.0236511
177.077, 0.0236511
177.143, 0.0236511
177.211, 0.0236511
177.271, 0.0236511
177.332, 0.0236511
177.395, 0.0236511
177.455, 0.0236511
177.517, 0.0236511
177.58, 0.0236511
177.644, 0.0236511
177.711, 0.0236511
177.771, 0.0236511
177.832, 0.0236511
177.895, 0.0236511
177.96, 0.0236511
178.026, 0.0236511
178.094, 0.0236511
178.154, 0.0236511
178.215, 0.0236511
178.278, 0.0236511
178.338, 0.0236511
178.4, 0.0236511
178.46, 0.0236511
178.521, 0.0236511
178.585, 0.0236511
178.645, 0.0236511
178.706, 0.0236511
178.766, 0.0236511
178.828, 0.0236511
178.891, 0.0236511
178.951, 0.0236511
179.012, 0.0236511
179.072, 0.0236511
179.134, 0.0236511
179.194, 0.0236511
179.255, 0.0236511
179.318, 0.0236511
179.383, 0.0236511
179.449, 0.0236511
179.509, 0.0236511
179.57, 0.0236511
179.63, 0.0236511
179.692, 0.0236511
179.755, 0.0236511
179.82, 0.0236511
179.88, 0.0236511
179.941, 0.0236511
180.001, 0.0236511
180.063, 0.0236511
180.123, 0.0236511
180.184, 0.0236511
180.247, 0.0236511
180.307, 0.0236511
180.369, 0.0236511
180.432, 0.0236511
180.496, 0.0236511
180.556, 0.0236511
180.618, 0.0236511
180.681, 0.0236511
180.745, 0.0236511
180.812, 0.0236511
180.872, 0.0236511
180.933, 0.0236511
180.996, 0.0236511
181.061, 0.0236511
181.127, 0.0236511
181.195, 0.0236511
181.255, 0.0236511
181.316, 0.0236511
181.376, 0.0236511
181.438, 0.0236511
181.501, 0.0236511
181.566, 0.0236511
181.626, 0.0236511
181.687, 0.0236511
181.747, 0.0236511
181.809, 0.0236511
181.869, 0.0236511
181.93, 0.0236511
181.99, 0.0236511
182.052, 0.0236511
182.115, 0.0236511
182.179, 0.0236511
182.245, 0.0236511
182.313, 0.0236511
182.373, 0.0236511
182.435, 0.0236511
182.498, 0.0236511
182.562, 0.0236511
182.629, 0.0236511
182.697, 0.0236511
182.757, 0.0236511
182.818, 0.0236511
182.878, 0.0236511
182.94, 0.0236511
183.003, 0.0236511
183.063, 0.0236511
183.124, 0.0236511
183.184, 0.0236511
183.246, 0.0236511
183.306, 0.0236511
183.367, 0.0236511
183.43, 0.0236511
183.495, 0.0236511
183.561, 0.0236511
183.629, 0.0236511
183.698, 0.0236511
183.77, 0.0236511
183.83, 0.0236511
183.891, 0.0236511
183.954, 0.0236511
184.019, 0.0236511
184.079, 0.0236511
184.14, 0.0236511
184.204, 0.0236511
184.268, 0.0236511
184.328, 0.0236511
184.39, 0.0236511
184.453, 0.0236511
184.517, 0.0236511
184.583, 0.0236511
184.643, 0.0236511
184.705, 0.0236511
184.768, 0.0236511
184.833, 0.0236511
184.899, 0.0236511
184.959, 0.0236511
185.02, 0.0236511
185.083, 0.0236511
185.148, 0.0236511
185.214, 0.0236511
185.274, 0.0236511
185.336, 0.0236511
185.396, 0.0236511
185.457, 0.0236511
185.52, 0.0236511
185.58, 0.0236511
185.64, 0.0236511
185.702, 0.0236511
185.762, 0.0236511
185.823, 0.0236511
185.883, 0.0236511
185.945, 0.0236511
186.005, 0.0236511
186.066, 0.0236511
186.129, 0.0236511
186.189, 0.0236511
186.251, 0.0236511
186.311, 0.0236511
186.372, 0.0236511
186.435, 0.0236511
186.495, 0.0236511
186.557, 0.0236511
186.62, 0.0236511
186.685, 0.0236511
186.751, 0.0236511
186.811, 0.0236511
186.872, 0.0236511
186.932, 0.0236511
186.992, 0.0236511
187.054, 0.0236511
187.117, 0.0236511
187.177, 0.0236511
187.238, 0.0236511
187.298, 0.0236511
187.36, 0.0236511
187.423, 0.0236511
187.487, 0.0236511
187.554, 0.0236511
187.622, 0.0236511
187.682, 0.0236511
187.743, 0.0236511
187.803, 0.0236511
187.865, 0.0236511
187.928, 0.0236511
187.992, 0.0236511
188.058, 0.0236511
188.126, 0.0236511
188.196, 0.0236511
188.267, 0.0236511
188.34, 0.0236511
188.415, 0.0236511
188.475, 0.0236511
188.537, 0.0236511
188.6, 0.0236511
188.664, 0.0236511
188.731, 0.0236511
188.799, 0.0236511
188.859, 0.0236511
188.92, 0.0236511
188.98, 0.0236511
189.042, 0.0236511
189.102, 0.0236511
189.163, 0.0236511
189.223, 0.0236511
189.285, 0.0236511
189.348, 0.0236511
189.408, 0.0236511
189.469, 0.0236511
189.529, 0.0236511
189.589, 0.0236511
189.651, 0.0236511
189.711, 0.0236511
189.772, 0.0236511
189.832, 0.0236511
189.894, 0.0236511
189.957, 0.0236511
190.021, 0.0236511
190.081, 0.0236511
190.143, 0.0236511
190.203, 0.0236511
190.264, 0.0236511
190.327, 0.0236511
190.387, 0.0236511
190.449, 0.0236511
190.512, 0.0236511
190.572, 0.0236511
190.633, 0.0236511
190.696, 0.0236511
190.761, 0.0236511
190.827, 0.0236511
190.887, 0.0236511
190.949, 0.0236511
191.009, 0.0236511
191.07, 0.0236511
191.13, 0.0236511
191.192, 0.0236511
191.252, 0.0236511
191.313, 0.0236511
191.373, 0.0236511
191.435, 0.0236511
191.498, 0.0236511
191.562, 0.0236511
191.622, 0.0236511
191.684, 0.0236511
191.747, 0.0236511
191.811, 0.0236511
191.878, 0.0236511
191.946, 0.0236511
192.006, 0.0236511
192.067, 0.0236511
192.127, 0.0236511
192.189, 0.0236511
192.252, 0.0236511
192.316, 0.0236511
192.376, 0.0236511
192.438, 0.0236511
192.498, 0.0236511
192.559, 0.0236511
192.622, 0.0236511
192.687, 0.0236511
192.753, 0.0236511
192.821, 0.0236511
192.891, 0.0236511
192.962, 0.0236511
193.022, 0.0236511
193.083, 0.0236511
193.143, 0.0236511
193.205, 0.0236511
193.268, 0.0236511
193.328, 0.0236511
193.389, 0.0236511
193.452, 0.0236511
193.517, 0.0236511
193.583, 0.0236511
193.643, 0.0236511
193.705, 0.0236511
193.768, 0.0236511
193.828, 0.0236511
193.889, 0.0236511
193.952, 0.0236511
194.012, 0.0236511
194.074, 0.0236511
194.137, 0.0236511
194.202, 0.0236511
194.262, 0.0236511
194.323, 0.0236511
194.386, 0.0236511
194.451, 0.0236511
194.517, 0.0236511
194.585, 0.0236511
194.654, 0.0236511
194.726, 0.0236511
194.799, 0.0236511
194.874, 0.0236511
194.951, 0.0236511
195.029, 0.0236511
195.11, 0.0236511
195.17, 0.0236511
195.231, 0.0236511
195.295, 0.0236511
195.359, 0.0236511
195.425, 0.0236511
195.493, 0.0236511
195.553, 0.0236511
195.615, 0.0236511
195.678, 0.0236511
195.742, 0.0236511
195.802, 0.0236511
195.864, 0.0236511
195.927, 0.0236511
195.987, 0.0236511
196.048, 0.0236511
196.111, 0.0236511
196.171, 0.0236511
196.233, 0.0236511
196.293, 0.0236511
196.354, 0.0236511
196.414, 0.0236511
196.476, 0.0236511
196.536, 0.0236511
196.597, 0.0236511
196.66, 0.0236511
196.725, 0.0236511
196.791, 0.0236511
196.859, 0.0236511
196.929, 0.0236511
196.989, 0.0236511
197.05, 0.0236511
197.11, 0.0236511
197.172, 0.0236511
197.235, 0.0236511
197.299, 0.0236511
197.366, 0.0236511
197.434, 0.0236511
197.503, 0.0236511
197.574, 0.0236511
197.634, 0.0236511
197.696, 0.0236511
197.756, 0.0236511
197.817, 0.0236511
197.877, 0.0236511
197.939, 0.0236511
197.999, 0.0236511
198.06, 0.0236511
198.12, 0.0236511
198.182, 0.0236511
198.245, 0.0236511
198.31, 0.0236511
198.37, 0.0236511
198.43, 0.0236511
198.491, 0.0236511
198.554, 0.0236511
198.619, 0.0236511
198.679, 0.0236511
198.74, 0.0236511
198.803, 0.0236511
198.863, 0.0236511
198.925, 0.0236511
198.985, 0.0236511
199.046, 0.0236511
199.109, 0.0236511
199.174, 0.0236511
199.24, 0.0236511
199.3, 0.0236511
199.362, 0.0236511
199.425, 0.0236511
199.489, 0.0236511
199.549, 0.0236511
199.611, 0.0236511
199.674, 0.0236511
199.734, 0.0236511
199.795, 0.0236511
199.858, 0.0236511
199.918, 0.0236511
199.98, 0.0236511
200.043, 0.0236511
200.103, 0.0236511
200.164, 0.0236511
200.224, 0.0236511
200.286, 0.0236511
200.349, 0.0236511
200.414, 0.0236511
200.474, 0.0236511
200.535, 0.0236511
200.598, 0.0236511
200.663, 0.0236511
200.729, 0.0236511
200.797, 0.0236511
200.866, 0.0236511
200.938, 0.0236511
200.998, 0.0236511
201.059, 0.0236511
201.122, 0.0236511
201.182, 0.0236511
201.244, 0.0236511
201.307, 0.0236511
201.371, 0.0236511
201.438, 0.0236511
201.498, 0.0236511
201.559, 0.0236511
201.622, 0.0236511
201.687, 0.0236511
201.747, 0.0236511
201.807, 0.0236511
201.868, 0.0236511
201.931, 0.0236511
201.996, 0.0236511
202.062, 0.0236511
202.13, 0.0236511
202.2, 0.0236511
202.271, 0.0236511
202.331, 0.0236511
202.393, 0.0236511
202.456, 0.0236511
202.52, 0.0236511
202.586, 0.0236511
202.646, 0.0236511
202.708, 0.0236511
202.768, 0.0236511
202.828, 0.0236511
202.889, 0.0236511
202.952, 0.0236511
203.017, 0.0236511
203.083, 0.0236511
203.143, 0.0236511
203.205, 0.0236511
203.268, 0.0236511
203.328, 0.0236511
203.389, 0.0236511
203.452, 0.0236511
203.517, 0.0236511
203.583, 0.0236511
203.643, 0.0236511
203.705, 0.0236511
203.768, 0.0236511
203.828, 0.0236511
203.889, 0.0236511
203.952, 0.0236511
204.012, 0.0236511
204.074, 0.0236511
204.137, 0.0236511
204.201, 0.0236511
204.268, 0.0236511
204.336, 0.0236511
204.396, 0.0236511
204.457, 0.0236511
204.517, 0.0236511
204.579, 0.0236511
204.642, 0.0236511
204.702, 0.0236511
204.763, 0.0236511
204.826, 0.0236511
204.886, 0.0236511
204.948, 0.0236511
205.011, 0.0236511
205.071, 0.0236511
205.132, 0.0236511
205.192, 0.0236511
205.254, 0.0236511
205.317, 0.0236511
205.381, 0.0236511
205.448, 0.0236511
205.508, 0.0236511
205.568, 0.0236511
205.629, 0.0236511
205.692, 0.0236511
205.757, 0.0236511
205.817, 0.0236511
205.878, 0.0236511
205.941, 0.0236511
206.006, 0.0236511
206.072, 0.0236511
206.132, 0.0236511
206.194, 0.0236511
206.257, 0.0236511
206.317, 0.0236511
206.378, 0.0236511
206.438, 0.0236511
206.5, 0.0236511
206.563, 0.0236511
206.623, 0.0236511
206.683, 0.0236511
206.744, 0.0236511
206.804, 0.0236511
206.864, 0.0236511
206.926, 0.0236511
206.989, 0.0236511
207.053, 0.0236511
207.119, 0.0236511
207.187, 0.0236511
207.257, 0.0236511
207.328, 0.0236511
207.401, 0.0236511
207.476, 0.0236511
207.536, 0.0236511
207.598, 0.0236511
207.661, 0.0236511
207.725, 0.0236511
207.792, 0.0236511
207.852, 0.0236511
207.913, 0.0236511
207.976, 0.0236511
208.041, 0.0236511
208.107, 0.0236511
208.167, 0.0236511
208.227, 0.0236511
208.289, 0.0236511
208.349, 0.0236511
208.41, 0.0236511
208.473, 0.0236511
208.538, 0.0236511
208.604, 0.0236511
208.672, 0.0236511
208.732, 0.0236511
208.793, 0.0236511
208.856, 0.0236511
208.921, 0.0236511
208.987, 0.0236511
209.055, 0.0236511
209.125, 0.0236511
209.185, 0.0236511
209.246, 0.0236511
209.309, 0.0236511
209.374, 0.0236511
209.434, 0.0236511
209.495, 0.0236511
209.558, 0.0236511
209.623, 0.0236511
209.683, 0.0236511
209.744, 0.0236511
209.808, 0.0236511
209.868, 0.0236511
209.929, 0.0236511
209.989, 0.0236511
210.051, 0.0236511
210.114, 0.0236511
210.178, 0.0236511
210.238, 0.0236511
210.3, 0.0236511
210.363, 0.0236511
210.427, 0.0236511
210.494, 0.0236511
210.554, 0.0236511
210.615, 0.0236511
210.675, 0.0236511
210.737, 0.0236511
210.8, 0.0236511
210.86, 0.0236511
210.921, 0.0236511
210.981, 0.0236511
211.041, 0.0236511
211.103, 0.0236511
211.166, 0.0236511
211.226, 0.0236511
211.287, 0.0236511
211.35, 0.0236511
211.415, 0.0236511
211.481, 0.0236511
211.549, 0.0236511
211.618, 0.0236511
211.69, 0.0236511
211.763, 0.0236511
211.823, 0.0236511
211.884, 0.0236511
211.944, 0.0236511
212.006, 0.0236511
212.066, 0.0236511
212.127, 0.0236511
212.187, 0.0236511
212.249, 0.0236511
212.312, 0.0236511
212.377, 0.0236511
212.437, 0.0236511
212.498, 0.0236511
212.558, 0.0236511
212.62, 0.0236511
212.683, 0.0236511
212.747, 0.0236511
212.807, 0.0236511
212.869, 0.0236511
212.932, 0.0236511
212.992, 0.0236511
213.053, 0.0236511
213.113, 0.0236511
213.173, 0.0236511
213.235, 0.0236511
213.298, 0.0236511
213.358, 0.0236511
213.419, 0.0236511
213.482, 0.0236511
213.542, 0.0236511
213.604, 0.0236511
213.664, 0.0236511
213.725, 0.0236511
213.785, 0.0236511
213.847, 0.0236511
213.91, 0.0236511
213.974, 0.0236511
214.034, 0.0236511
214.096, 0.0236511
214.156, 0.0236511
214.217, 0.0236511
214.277, 0.0236511
214.339, 0.0236511
214.399, 0.0236511
214.46, 0.0236511
214.52, 0.0236511
214.582, 0.0236511
214.645, 0.0236511
214.705, 0.0236511
214.767, 0.0236511
214.83, 0.0236511
214.89, 0.0236511
214.951, 0.0236511
215.014, 0.0236511
215.074, 0.0236511
215.136, 0.0236511
215.196, 0.0236511
215.256, 0.0236511
215.317, 0.0236511
215.38, 0.0236511
215.445, 0.0236511
215.511, 0.0236511
215.579, 0.0236511
215.639, 0.0236511
215.7, 0.0236511
215.763, 0.0236511
215.823, 0.0236511
215.885, 0.0236511
215.948, 0.0236511
216.013, 0.0236511
216.073, 0.0236511
216.134, 0.0236511
216.194, 0.0236511
216.256, 0.0236511
216.319, 0.0236511
216.383, 0.0236511
216.443, 0.0236511
216.505, 0.0236511
216.568, 0.0236511
216.632, 0.0236511
216.699, 0.0236511
216.766, 0.0236511
216.836, 0.0236511
216.907, 0.0236511
216.98, 0.0236511
217.04, 0.0236511
217.102, 0.0236511
217.162, 0.0236511
217.223, 0.0236511
217.283, 0.0236511
217.345, 0.0236511
217.405, 0.0236511
217.466, 0.0236511
217.526, 0.0236511
217.588, 0.0236511
217.651, 0.0236511
217.716, 0.0236511
217.782, 0.0236511
217.842, 0.0236511
217.903, 0.0236511
217.966, 0.0236511
218.026, 0.0236511
218.088, 0.0236511
218.151, 0.0236511
218.216, 0.0236511
218.282, 0.0236511
218.342, 0.0236511
218.403, 0.0236511
218.463, 0.0236511
218.525, 0.0236511
218.588, 0.0236511
218.652, 0.0236511
218.719, 0.0236511
218.779, 0.0236511
218.84, 0.0236511
218.9, 0.0236511
218.962, 0.0236511
219.025, 0.0236511
219.085, 0.0236511
219.146, 0.0236511
219.206, 0.0236511
219.268, 0.0236511
219.328, 0.0236511
219.389, 0.0236511
219.449, 0.0236511
219.511, 0.0236511
219.571, 0.0236511
219.632, 0.0236511
219.695, 0.0236511
219.76, 0.0236511
219.826, 0.0236511
219.886, 0.0236511
219.948, 0.0236511
220.011, 0.0236511
220.075, 0.0236511
220.135, 0.0236511
220.197, 0.0236511
220.26, 0.0236511
220.32, 0.0236511
220.381, 0.0236511
220.441, 0.0236511
220.503, 0.0236511
220.566, 0.0236511
220.63, 0.0236511
220.697, 0.0236511
220.765, 0.0236511
220.834, 0.0236511
220.905, 0.0236511
220.979, 0.0236511
221.039, 0.0236511
221.1, 0.0236511
221.16, 0.0236511
221.222, 0.0236511
221.285, 0.0236511
221.345, 0.0236511
221.406, 0.0236511
221.469, 0.0236511
221.534, 0.0236511
221.6, 0.0236511
221.668, 0.0236511
221.737, 0.0236511
221.797, 0.0236511
221.859, 0.0236511
221.919, 0.0236511
221.98, 0.0236511
222.043, 0.0236511
222.108, 0.0236511
222.174, 0.0236511
222.234, 0.0236511
222.296, 0.0236511
222.356, 0.0236511
222.417, 0.0236511
222.477, 0.0236511
222.539, 0.0236511
222.599, 0.0236511
222.66, 0.0236511
222.723, 0.0236511
222.783, 0.0236511
222.845, 0.0236511
222.908, 0.0236511
222.968, 0.0236511
223.029, 0.0236511
223.092, 0.0236511
223.157, 0.0236511
223.217, 0.0236511
223.279, 0.0236511
223.339, 0.0236511
223.4, 0.0236511
223.463, 0.0236511
223.528, 0.0236511
223.594, 0.0236511
223.654, 0.0236511
223.715, 0.0236511
223.778, 0.0236511
223.843, 0.0236511
223.903, 0.0236511
223.965, 0.0236511
224.025, 0.0236511
224.086, 0.0236511
224.146, 0.0236511
224.208, 0.0236511
224.271, 0.0236511
224.335, 0.0236511
224.401, 0.0236511
224.469, 0.0236511
224.539, 0.0236511
224.599, 0.0236511
224.66, 0.0236511
224.72, 0.0236511
224.782, 0.0236511
224.845, 0.0236511
224.91, 0.0236511
224.976, 0.0236511
225.036, 0.0236511
225.097, 0.0236511
225.16, 0.0236511
225.225, 0.0236511
225.291, 0.0236511
225.359, 0.0236511
225.429, 0.0236511
225.489, 0.0236511
225.55, 0.0236511
225.613, 0.0236511
225.678, 0.0236511
225.738, 0.0236511
225.799, 0.0236511
225.859, 0.0236511
225.921, 0.0236511
225.984, 0.0236511
226.048, 0.0236511
226.108, 0.0236511
226.17, 0.0236511
226.23, 0.0236511
226.291, 0.0236511
226.351, 0.0236511
226.413, 0.0236511
226.473, 0.0236511
226.534, 0.0236511
226.597, 0.0236511
226.657, 0.0236511
226.719, 0.0236511
226.782, 0.0236511
226.847, 0.0236511
226.913, 0.0236511
226.973, 0.0236511
227.034, 0.0236511
227.094, 0.0236511
227.156, 0.0236511
227.219, 0.0236511
227.283, 0.0236511
227.343, 0.0236511
227.405, 0.0236511
227.468, 0.0236511
227.533, 0.0236511
227.599, 0.0236511
227.667, 0.0236511
227.736, 0.0236511
227.808, 0.0236511
227.868, 0.0236511
227.929, 0.0236511
227.992, 0.0236511
228.052, 0.0236511
228.114, 0.0236511
228.177, 0.0236511
228.241, 0.0236511
228.308, 0.0236511
228.368, 0.0236511
228.429, 0.0236511
228.492, 0.0236511
228.557, 0.0236511
228.623, 0.0236511
228.683, 0.0236511
228.744, 0.0236511
228.807, 0.0236511
228.872, 0.0236511
228.938, 0.0236511
229.006, 0.0236511
229.076, 0.0236511
229.147, 0.0236511
229.22, 0.0236511
229.28, 0.0236511
229.342, 0.0236511
229.402, 0.0236511
229.463, 0.0236511
229.526, 0.0236511
229.591, 0.0236511
229.657, 0.0236511
229.725, 0.0236511
229.795, 0.0236511
229.855, 0.0236511
229.916, 0.0236511
229.979, 0.0236511
230.044, 0.0236511
230.11, 0.0236511
230.178, 0.0236511
230.247, 0.0236511
230.307, 0.0236511
230.369, 0.0236511
230.432, 0.0236511
230.492, 0.0236511
230.553, 0.0236511
230.613, 0.0236511
230.675, 0.0236511
230.735, 0.0236511
230.796, 0.0236511
230.859, 0.0236511
230.924, 0.0236511
230.99, 0.0236511
231.058, 0.0236511
231.118, 0.0236511
231.18, 0.0236511
231.243, 0.0236511
231.307, 0.0236511
231.374, 0.0236511
231.441, 0.0236511
231.511, 0.0236511
231.571, 0.0236511
231.631, 0.0236511
231.693, 0.0236511
231.753, 0.0236511
231.814, 0.0236511
231.877, 0.0236511
231.937, 0.0236511
231.999, 0.0236511
232.062, 0.0236511
232.122, 0.0236511
232.183, 0.0236511
232.246, 0.0236511
232.311, 0.0236511
232.377, 0.0236511
232.445, 0.0236511
232.514, 0.0236511
232.586, 0.0236511
232.659, 0.0236511
232.719, 0.0236511
232.78, 0.0236511
232.843, 0.0236511
232.903, 0.0236511
232.965, 0.0236511
233.028, 0.0236511
233.088, 0.0236511
233.149, 0.0236511
233.209, 0.0236511
233.271, 0.0236511
233.334, 0.0236511
233.399, 0.0236511
233.465, 0.0236511
233.525, 0.0236511
233.585, 0.0236511
233.646, 0.0236511
233.706, 0.0236511
233.766, 0.0236511
233.828, 0.0236511
233.891, 0.0236511
233.955, 0.0236511
234.015, 0.0236511
234.077, 0.0236511
234.14, 0.0236511
234.205, 0.0236511
234.271, 0.0236511
234.331, 0.0236511
234.392, 0.0236511
234.455, 0.0236511
234.52, 0.0236511
234.586, 0.0236511
234.646, 0.0236511
234.708, 0.0236511
234.768, 0.0236511
234.829, 0.0236511
234.889, 0.0236511
234.951, 0.0236511
235.014, 0.0236511
235.074, 0.0236511
235.135, 0.0236511
235.195, 0.0236511
235.257, 0.0236511
235.32, 0.0236511
235.38, 0.0236511
235.44, 0.0236511
235.501, 0.0236511
235.564, 0.0236511
235.624, 0.0236511
235.686, 0.0236511
235.746, 0.0236511
235.807, 0.0236511
235.87, 0.0236511
235.935, 0.0236511
236.001, 0.0236511
236.061, 0.0236511
236.123, 0.0236511
236.186, 0.0236511
236.25, 0.0236511
236.31, 0.0236511
236.372, 0.0236511
236.435, 0.0236511
236.5, 0.0236511
236.566, 0.0236511
236.626, 0.0236511
236.687, 0.0236511
236.75, 0.0236511
236.815, 0.0236511
236.875, 0.0236511
236.936, 0.0236511
236.996, 0.0236511
237.058, 0.0236511
237.121, 0.0236511
237.186, 0.0236511
237.252, 0.0236511
237.32, 0.0236511
237.389, 0.0236511
237.449, 0.0236511
237.511, 0.0236511
237.574, 0.0236511
237.638, 0.0236511
237.705, 0.0236511
237.765, 0.0236511
237.826, 0.0236511
237.889, 0.0236511
237.954, 0.0236511
238.02, 0.0236511
238.08, 0.0236511
238.142, 0.0236511
238.202, 0.0236511
238.263, 0.0236511
238.326, 0.0236511
238.386, 0.0236511
238.448, 0.0236511
238.511, 0.0236511
238.571, 0.0236511
238.632, 0.0236511
238.695, 0.0236511
238.76, 0.0236511
238.826, 0.0236511
238.894, 0.0236511
238.954, 0.0236511
239.015, 0.0236511
239.075, 0.0236511
239.135, 0.0236511
239.197, 0.0236511
239.257, 0.0236511
239.318, 0.0236511
239.381, 0.0236511
239.441, 0.0236511
239.503, 0.0236511
239.566, 0.0236511
239.626, 0.0236511
239.687, 0.0236511
239.75, 0.0236511
239.81, 0.0236511
239.872, 0.0236511
239.935, 0.0236511
240, 0.0236511
240.066, 0.0236511
240.126, 0.0236511
240.187, 0.0236511
240.25, 0.0236511
240.315, 0.0236511
240.381, 0.0236511
240.449, 0.0236511
240.509, 0.0236511
240.571, 0.0236511
240.634, 0.0236511
240.698, 0.0236511
240.765, 0.0236511
240.825, 0.0236511
240.886, 0.0236511
240.949, 0.0236511
241.009, 0.0236511
241.071, 0.0236511
241.131, 0.0236511
241.192, 0.0236511
241.255, 0.0236511
241.315, 0.0236511
241.377, 0.0236511
241.44, 0.0236511
241.5, 0.0236511
241.561, 0.0236511
241.621, 0.0236511
241.683, 0.0236511
241.746, 0.0236511
241.806, 0.0236511
241.867, 0.0236511
241.93, 0.0236511
241.995, 0.0236511
242.061, 0.0236511
242.129, 0.0236511
242.199, 0.0236511
242.27, 0.0236511
242.343, 0.0236511
242.418, 0.0236511
242.495, 0.0236511
242.555, 0.0236511
242.616, 0.0236511
242.679, 0.0236511
242.739, 0.0236511
242.801, 0.0236511
242.864, 0.0236511
242.924, 0.0236511
242.985, 0.0236511
243.045, 0.0236511
243.107, 0.0236511
243.17, 0.0236511
243.234, 0.0236511
243.301, 0.0236511
243.369, 0.0236511
243.429, 0.0236511
243.49, 0.0236511
243.55, 0.0236511
243.612, 0.0236511
243.675, 0.0236511
243.739, 0.0236511
243.805, 0.0236511
243.873, 0.0236511
243.943, 0.0236511
244.014, 0.0236511
244.074, 0.0236511
244.136, 0.0236511
244.196, 0.0236511
244.257, 0.0236511
244.32, 0.0236511
244.38, 0.0236511
244.442, 0.0236511
244.505, 0.0236511
244.569, 0.0236511
244.636, 0.0236511
244.703, 0.0236511
244.773, 0.0236511
244.844, 0.0236511
244.917, 0.0236511
244.992, 0.0236511
245.069, 0.0236511
245.148, 0.0236511
245.208, 0.0236511
245.269, 0.0236511
245.329, 0.0236511
245.391, 0.0236511
245.454, 0.0236511
245.519, 0.0236511
245.585, 0.0236511
245.653, 0.0236511
245.713, 0.0236511
245.774, 0.0236511
245.837, 0.0236511
245.897, 0.0236511
245.959, 0.0236511
246.019, 0.0236511
246.08, 0.0236511
246.143, 0.0236511
246.208, 0.0236511
246.268, 0.0236511
246.329, 0.0236511
246.392, 0.0236511
246.457, 0.0236511
246.523, 0.0236511
246.591, 0.0236511
246.651, 0.0236511
246.713, 0.0236511
246.776, 0.0236511
246.836, 0.0236511
246.897, 0.0236511
246.957, 0.0236511
247.019, 0.0236511
247.082, 0.0236511
247.146, 0.0236511
247.206, 0.0236511
247.268, 0.0236511
247.331, 0.0236511
247.391, 0.0236511
247.452, 0.0236511
247.512, 0.0236511
247.574, 0.0236511
247.637, 0.0236511
247.697, 0.0236511
247.757, 0.0236511
247.818, 0.0236511
247.881, 0.0236511
247.946, 0.0236511
248.012, 0.0236511
248.08, 0.0236511
248.14, 0.0236511
248.202, 0.0236511
248.262, 0.0236511
248.323, 0.0236511
248.386, 0.0236511
248.451, 0.0236511
248.517, 0.0236511
248.585, 0.0236511
248.645, 0.0236511
248.706, 0.0236511
248.766, 0.0236511
248.828, 0.0236511
248.888, 0.0236511
248.948, 0.0236511
249.008, 0.0236511
249.069, 0.0236511
249.132, 0.0236511
249.197, 0.0236511
249.263, 0.0236511
249.331, 0.0236511
249.401, 0.0236511
249.472, 0.0236511
249.545, 0.0236511
249.62, 0.0236511
249.68, 0.0236511
249.742, 0.0236511
249.805, 0.0236511
249.869, 0.0236511
249.936, 0.0236511
250.003, 0.0236511
250.073, 0.0236511
250.133, 0.0236511
250.195, 0.0236511
250.258, 0.0236511
250.322, 0.0236511
250.388, 0.0236511
250.456, 0.0236511
250.526, 0.0236511
250.597, 0.0236511
250.67, 0.0236511
250.73, 0.0236511
250.792, 0.0236511
250.852, 0.0236511
250.913, 0.0236511
250.973, 0.0236511
251.035, 0.0236511
251.098, 0.0236511
251.162, 0.0236511
251.222, 0.0236511
251.284, 0.0236511
251.347, 0.0236511
251.407, 0.0236511
251.468, 0.0236511
251.532, 0.0236511
251.592, 0.0236511
251.653, 0.0236511
251.713, 0.0236511
251.775, 0.0236511
251.835, 0.0236511
251.896, 0.0236511
251.959, 0.0236511
252.019, 0.0236511
252.081, 0.0236511
252.144, 0.0236511
252.204, 0.0236511
252.265, 0.0236511
252.328, 0.0236511
252.393, 0.0236511
252.459, 0.0236511
252.519, 0.0236511
252.58, 0.0236511
252.643, 0.0236511
252.703, 0.0236511
252.765, 0.0236511
252.828, 0.0236511
252.888, 0.0236511
252.95, 0.0236511
253.01, 0.0236511
253.07, 0.0236511
253.131, 0.0236511
253.191, 0.0236511
253.253, 0.0236511
253.313, 0.0236511
253.374, 0.0236511
253.437, 0.0236511
253.502, 0.0236511
253.562, 0.0236511
253.623, 0.0236511
253.683, 0.0236511
253.745, 0.0236511
253.808, 0.0236511
253.868, 0.0236511
253.929, 0.0236511
253.989, 0.0236511
254.049, 0.0236511
254.111, 0.0236511
254.171, 0.0236511
254.232, 0.0236511
254.295, 0.0236511
254.36, 0.0236511
254.426, 0.0236511
254.486, 0.0236511
254.548, 0.0236511
254.608, 0.0236511
254.669, 0.0236511
254.729, 0.0236511
254.791, 0.0236511
254.851, 0.0236511
254.912, 0.0236511
254.972, 0.0236511
255.034, 0.0236511
255.094, 0.0236511
255.155, 0.0236511
255.215, 0.0236511
255.275, 0.0236511
255.337, 0.0236511
255.4, 0.0236511
255.46, 0.0236511
255.521, 0.0236511
255.584, 0.0236511
255.644, 0.0236511
255.706, 0.0236511
255.769, 0.0236511
255.829, 0.0236511
255.89, 0.0236511
255.953, 0.0236511
256.018, 0.0236511
256.084, 0.0236511
256.144, 0.0236511
256.206, 0.0236511
256.269, 0.0236511
256.333, 0.0236511
256.393, 0.0236511
256.455, 0.0236511
256.515, 0.0236511
256.576, 0.0236511
256.636, 0.0236511
256.698, 0.0236511
256.758, 0.0236511
256.819, 0.0236511
256.882, 0.0236511
256.947, 0.0236511
257.013, 0.0236511
257.081, 0.0236511
257.151, 0.0236511
257.222, 0.0236511
257.295, 0.0236511
257.37, 0.0236511
257.447, 0.0236511
257.525, 0.0236511
257.585, 0.0236511
257.647, 0.0236511
257.707, 0.0236511
257.768, 0.0236511
257.828, 0.0236511
257.89, 0.0236511
257.95, 0.0236511
258.011, 0.0236511
258.071, 0.0236511
258.133, 0.0236511
258.196, 0.0236511
258.261, 0.0236511
258.321, 0.0236511
258.381, 0.0236511
258.442, 0.0236511
258.505, 0.0236511
258.565, 0.0236511
258.627, 0.0236511
258.687, 0.0236511
258.748, 0.0236511
258.808, 0.0236511
258.87, 0.0236511
258.93, 0.0236511
258.991, 0.0236511
259.054, 0.0236511
259.114, 0.0236511
259.176, 0.0236511
259.239, 0.0236511
259.303, 0.0236511
259.37, 0.0236511
259.437, 0.0236511
259.507, 0.0236511
259.578, 0.0236511
259.651, 0.0236511
259.726, 0.0236511
259.803, 0.0236511
259.863, 0.0236511
259.925, 0.0236511
259.985, 0.0236511
260.046, 0.0236511
260.109, 0.0236511
260.174, 0.0236511
260.24, 0.0236511
260.308, 0.0236511
260.378, 0.0236511
260.449, 0.0236511
260.509, 0.0236511
260.57, 0.0236511
260.63, 0.0236511
260.692, 0.0236511
260.755, 0.0236511
260.815, 0.0236511
260.876, 0.0236511
260.939, 0.0236511
261.004, 0.0236511
261.064, 0.0236511
261.126, 0.0236511
261.186, 0.0236511
261.247, 0.0236511
261.31, 0.0236511
261.375, 0.0236511
261.441, 0.0236511
261.501, 0.0236511
261.562, 0.0236511
261.625, 0.0236511
261.685, 0.0236511
261.747, 0.0236511
261.807, 0.0236511
261.868, 0.0236511
261.932, 0.0236511
261.996, 0.0236511
262.062, 0.0236511
262.13, 0.0236511
262.19, 0.0236511
262.252, 0.0236511
262.315, 0.0236511
262.375, 0.0236511
262.436, 0.0236511
262.499, 0.0236511
262.564, 0.0236511
262.63, 0.0236511
262.69, 0.0236511
262.752, 0.0236511
262.815, 0.0236511
262.879, 0.0236511
262.939, 0.0236511
263.001, 0.0236511
263.064, 0.0236511
263.128, 0.0236511
263.188, 0.0236511
263.25, 0.0236511
263.31, 0.0236511
263.371, 0.0236511
263.431, 0.0236511
263.493, 0.0236511
263.553, 0.0236511
263.613, 0.0236511
263.674, 0.0236511
263.734, 0.0236511
263.796, 0.0236511
263.856, 0.0236511
263.917, 0.0236511
263.981, 0.0236511
264.041, 0.0236511
264.102, 0.0236511
264.162, 0.0236511
264.224, 0.0236511
264.287, 0.0236511
264.347, 0.0236511
264.408, 0.0236511
264.468, 0.0236511
264.53, 0.0236511
264.593, 0.0236511
264.653, 0.0236511
264.714, 0.0236511
264.774, 0.0236511
264.836, 0.0236511
264.899, 0.0236511
264.963, 0.0236511
265.029, 0.0236511
265.089, 0.0236511
265.151, 0.0236511
265.211, 0.0236511
265.272, 0.0236511
265.332, 0.0236511
265.394, 0.0236511
265.457, 0.0236511
265.522, 0.0236511
265.588, 0.0236511
265.656, 0.0236511
265.725, 0.0236511
265.785, 0.0236511
265.847, 0.0236511
265.91, 0.0236511
265.974, 0.0236511
266.041, 0.0236511
266.101, 0.0236511
266.162, 0.0236511
266.225, 0.0236511
266.285, 0.0236511
266.347, 0.0236511
266.407, 0.0236511
266.468, 0.0236511
266.531, 0.0236511
266.596, 0.0236511
266.662, 0.0236511
266.73, 0.0236511
266.79, 0.0236511
266.851, 0.0236511
266.915, 0.0236511
266.979, 0.0236511
267.045, 0.0236511
267.113, 0.0236511
267.183, 0.0236511
267.243, 0.0236511
267.304, 0.0236511
267.364, 0.0236511
267.426, 0.0236511
267.489, 0.0236511
267.549, 0.0236511
267.609, 0.0236511
267.67, 0.0236511
267.73, 0.0236511
267.792, 0.0236511
267.852, 0.0236511
267.913, 0.0236511
267.976, 0.0236511
268.041, 0.0236511
268.107, 0.0236511
268.167, 0.0236511
268.227, 0.0236511
268.289, 0.0236511
268.352, 0.0236511
268.412, 0.0236511
268.473, 0.0236511
268.533, 0.0236511
268.595, 0.0236511
268.655, 0.0236511
268.716, 0.0236511
268.779, 0.0236511
268.839, 0.0236511
268.901, 0.0236511
268.961, 0.0236511
269.022, 0.0236511
269.085, 0.0236511
269.15, 0.0236511
269.21, 0.0236511
269.271, 0.0236511
269.331, 0.0236511
269.393, 0.0236511
269.456, 0.0236511
269.521, 0.0236511
269.587, 0.0236511
269.655, 0.0236511
269.724, 0.0236511
269.796, 0.0236511
269.869, 0.0236511
269.929, 0.0236511
269.99, 0.0236511
270.053, 0.0236511
270.113, 0.0236511
270.175, 0.0236511
270.238, 0.0236511
270.302, 0.0236511
270.362, 0.0236511
270.424, 0.0236511
270.487, 0.0236511
270.547, 0.0236511
270.608, 0.0236511
270.672, 0.0236511
270.732, 0.0236511
270.793, 0.0236511
270.856, 0.0236511
270.921, 0.0236511
270.987, 0.0236511
271.055, 0.0236511
271.124, 0.0236511
271.184, 0.0236511
271.246, 0.0236511
271.309, 0.0236511
271.369, 0.0236511
271.43, 0.0236511
271.493, 0.0236511
271.558, 0.0236511
271.618, 0.0236511
271.68, 0.0236511
271.74, 0.0236511
271.801, 0.0236511
271.861, 0.0236511
271.923, 0.0236511
271.986, 0.0236511
272.05, 0.0236511
272.116, 0.0236511
272.184, 0.0236511
272.254, 0.0236511
272.314, 0.0236511
272.375, 0.0236511
272.438, 0.0236511
272.503, 0.0236511
272.569, 0.0236511
272.637, 0.0236511
272.697, 0.0236511
272.759, 0.0236511
272.822, 0.0236511
272.886, 0.0236511
272.946, 0.0236511
273.008, 0.0236511
273.068, 0.0236511
273.129, 0.0236511
273.192, 0.0236511
273.257, 0.0236511
273.323, 0.0236511
273.391, 0.0236511
273.461, 0.0236511
273.532, 0.0236511
273.592, 0.0236511
273.653, 0.0236511
273.717, 0.0236511
273.777, 0.0236511
273.838, 0.0236511
273.901, 0.0236511
273.961, 0.0236511
274.023, 0.0236511
274.083, 0.0236511
274.144, 0.0236511
274.207, 0.0236511
274.267, 0.0236511
274.329, 0.0236511
274.392, 0.0236511
274.452, 0.0236511
274.513, 0.0236511
274.576, 0.0236511
274.636, 0.0236511
274.698, 0.0236511
274.758, 0.0236511
274.819, 0.0236511
274.882, 0.0236511
274.947, 0.0236511
275.007, 0.0236511
275.068, 0.0236511
275.131, 0.0236511
275.191, 0.0236511
275.251, 0.0236511
275.313, 0.0236511
275.373, 0.0236511
275.434, 0.0236511
275.497, 0.0236511
275.562, 0.0236511
275.628, 0.0236511
275.696, 0.0236511
275.756, 0.0236511
275.818, 0.0236511
275.881, 0.0236511
275.941, 0.0236511
276.002, 0.0236511
276.065, 0.0236511
276.13, 0.0236511
276.19, 0.0236511
276.251, 0.0236511
276.311, 0.0236511
276.373, 0.0236511
276.436, 0.0236511
276.5, 0.0236511
276.567, 0.0236511
276.635, 0.0236511
276.695, 0.0236511
276.756, 0.0236511
276.819, 0.0236511
276.884, 0.0236511
276.95, 0.0236511
277.01, 0.0236511
277.071, 0.0236511
277.131, 0.0236511
277.193, 0.0236511
277.256, 0.0236511
277.321, 0.0236511
277.387, 0.0236511
277.447, 0.0236511
277.508, 0.0236511
277.571, 0.0236511
277.636, 0.0236511
277.702, 0.0236511
277.77, 0.0236511
277.84, 0.0236511
277.9, 0.0236511
277.961, 0.0236511
278.024, 0.0236511
278.089, 0.0236511
278.155, 0.0236511
278.223, 0.0236511
278.283, 0.0236511
278.344, 0.0236511
278.407, 0.0236511
278.467, 0.0236511
278.529, 0.0236511
278.589, 0.0236511
278.65, 0.0236511
278.71, 0.0236511
278.772, 0.0236511
278.835, 0.0236511
278.9, 0.0236511
278.966, 0.0236511
279.034, 0.0236511
279.103, 0.0236511
279.175, 0.0236511
279.235, 0.0236511
279.296, 0.0236511
279.359, 0.0236511
279.424, 0.0236511
279.49, 0.0236511
279.558, 0.0236511
279.627, 0.0236511
279.687, 0.0236511
279.749, 0.0236511
279.809, 0.0236511
279.87, 0.0236511
279.93, 0.0236511
279.992, 0.0236511
280.055, 0.0236511
280.12, 0.0236511
280.186, 0.0236511
280.254, 0.0236511
280.314, 0.0236511
280.375, 0.0236511
280.435, 0.0236511
280.497, 0.0236511
280.56, 0.0236511
280.62, 0.0236511
280.681, 0.0236511
280.741, 0.0236511
280.803, 0.0236511
280.863, 0.0236511
280.923, 0.0236511
280.984, 0.0236511
281.044, 0.0236511
281.106, 0.0236511
281.166, 0.0236511
281.227, 0.0236511
281.29, 0.0236511
281.35, 0.0236511
281.412, 0.0236511
281.475, 0.0236511
281.535, 0.0236511
281.596, 0.0236511
281.659, 0.0236511
281.724, 0.0236511
281.79, 0.0236511
281.858, 0.0236511
281.918, 0.0236511
281.98, 0.0236511
282.04, 0.0236511
282.101, 0.0236511
282.164, 0.0236511
282.224, 0.0236511
282.286, 0.0236511
282.349, 0.0236511
282.409, 0.0236511
282.47, 0.0236511
282.533, 0.0236511
282.598, 0.0236511
282.658, 0.0236511
282.719, 0.0236511
282.779, 0.0236511
282.839, 0.0236511
282.901, 0.0236511
282.964, 0.0236511
283.024, 0.0236511
283.085, 0.0236511
283.148, 0.0236511
283.213, 0.0236511
283.273, 0.0236511
283.335, 0.0236511
283.398, 0.0236511
283.458, 0.0236511
283.519, 0.0236511
283.582, 0.0236511
283.642, 0.0236511
283.704, 0.0236511
283.767, 0.0236511
283.827, 0.0236511
283.888, 0.0236511
283.951, 0.0236511
284.016, 0.0236511
284.076, 0.0236511
284.137, 0.0236511
284.2, 0.0236511
284.26, 0.0236511
284.322, 0.0236511
284.385, 0.0236511
284.445, 0.0236511
284.506, 0.0236511
284.566, 0.0236511
284.628, 0.0236511
284.691, 0.0236511
284.751, 0.0236511
284.812, 0.0236511
284.875, 0.0236511
284.94, 0.0236511
285.006, 0.0236511
285.074, 0.0236511
285.134, 0.0236511
285.196, 0.0236511
285.259, 0.0236511
285.323, 0.0236511
285.39, 0.0236511
285.457, 0.0236511
285.517, 0.0236511
285.579, 0.0236511
285.642, 0.0236511
285.702, 0.0236511
285.763, 0.0236511
285.827, 0.0236511
285.887, 0.0236511
285.948, 0.0236511
286.008, 0.0236511
286.07, 0.0236511
286.13, 0.0236511
286.191, 0.0236511
286.251, 0.0236511
286.313, 0.0236511
286.376, 0.0236511
286.436, 0.0236511
286.497, 0.0236511
286.557, 0.0236511
286.619, 0.0236511
286.682, 0.0236511
286.746, 0.0236511
286.812, 0.0236511
286.88, 0.0236511
286.95, 0.0236511
287.021, 0.0236511
287.081, 0.0236511
287.143, 0.0236511
287.206, 0.0236511
287.266, 0.0236511
287.327, 0.0236511
287.39, 0.0236511
287.455, 0.0236511
287.515, 0.0236511
287.576, 0.0236511
287.636, 0.0236511
287.698, 0.0236511
287.761, 0.0236511
287.826, 0.0236511
287.886, 0.0236511
287.947, 0.0236511
288.01, 0.0236511
288.07, 0.0236511
288.132, 0.0236511
288.192, 0.0236511
288.253, 0.0236511
288.313, 0.0236511
288.375, 0.0236511
288.438, 0.0236511
288.502, 0.0236511
288.568, 0.0236511
288.636, 0.0236511
288.696, 0.0236511
288.758, 0.0236511
288.821, 0.0236511
288.886, 0.0236511
288.952, 0.0236511
289.02, 0.0236511
289.089, 0.0236511
289.161, 0.0236511
289.234, 0.0236511
289.309, 0.0236511
289.385, 0.0236511
289.464, 0.0236511
289.524, 0.0236511
289.586, 0.0236511
289.649, 0.0236511
289.713, 0.0236511
289.779, 0.0236511
289.839, 0.0236511
289.901, 0.0236511
289.964, 0.0236511
290.029, 0.0236511
290.089, 0.0236511
290.15, 0.0236511
290.213, 0.0236511
290.273, 0.0236511
290.335, 0.0236511
290.398, 0.0236511
290.462, 0.0236511
290.529, 0.0236511
290.596, 0.0236511
290.656, 0.0236511
290.718, 0.0236511
290.781, 0.0236511
290.846, 0.0236511
290.906, 0.0236511
290.967, 0.0236511
291.027, 0.0236511
291.089, 0.0236511
291.149, 0.0236511
291.21, 0.0236511
291.273, 0.0236511
291.333, 0.0236511
291.395, 0.0236511
291.455, 0.0236511
291.516, 0.0236511
291.576, 0.0236511
291.638, 0.0236511
291.701, 0.0236511
291.765, 0.0236511
291.831, 0.0236511
291.899, 0.0236511
291.959, 0.0236511
292.021, 0.0236511
292.084, 0.0236511
292.149, 0.0236511
292.215, 0.0236511
292.275, 0.0236511
292.336, 0.0236511
292.399, 0.0236511
292.459, 0.0236511
292.521, 0.0236511
292.581, 0.0236511
292.642, 0.0236511
292.702, 0.0236511
292.764, 0.0236511
292.827, 0.0236511
292.891, 0.0236511
292.958, 0.0236511
293.018, 0.0236511
293.079, 0.0236511
293.142, 0.0236511
293.207, 0.0236511
293.273, 0.0236511
293.341, 0.0236511
293.401, 0.0236511
293.462, 0.0236511
293.525, 0.0236511
293.59, 0.0236511
293.656, 0.0236511
293.716, 0.0236511
293.778, 0.0236511
293.841, 0.0236511
293.901, 0.0236511
293.962, 0.0236511
294.025, 0.0236511
294.085, 0.0236511
294.147, 0.0236511
294.21, 0.0236511
294.275, 0.0236511
294.335, 0.0236511
294.396, 0.0236511
294.459, 0.0236511
294.519, 0.0236511
294.581, 0.0236511
294.641, 0.0236511
294.702, 0.0236511
294.762, 0.0236511
294.824, 0.0236511
294.887, 0.0236511
294.951, 0.0236511
295.011, 0.0236511
295.073, 0.0236511
295.136, 0.0236511
295.2, 0.0236511
295.26, 0.0236511
295.322, 0.0236511
295.385, 0.0236511
295.445, 0.0236511
295.506, 0.0236511
295.569, 0.0236511
295.634, 0.0236511
295.7, 0.0236511
295.76, 0.0236511
295.822, 0.0236511
295.885, 0.0236511
295.945, 0.0236511
296.006, 0.0236511
296.069, 0.0236511
296.129, 0.0236511
296.191, 0.0236511
296.254, 0.0236511
296.319, 0.0236511
296.379, 0.0236511
296.44, 0.0236511
296.503, 0.0236511
296.563, 0.0236511
296.625, 0.0236511
296.688, 0.0236511
296.748, 0.0236511
296.809, 0.0236511
296.872, 0.0236511
296.937, 0.0236511
296.997, 0.0236511
297.058, 0.0236511
297.118, 0.0236511
297.18, 0.0236511
297.243, 0.0236511
297.303, 0.0236511
297.364, 0.0236511
297.427, 0.0236511
297.492, 0.0236511
297.558, 0.0236511
297.626, 0.0236511
297.696, 0.0236511
297.767, 0.0236511
297.84, 0.0236511
297.915, 0.0236511
297.992, 0.0236511
298.052, 0.0236511
298.113, 0.0236511
298.173, 0.0236511
298.233, 0.0236511
298.295, 0.0236511
298.358, 0.0236511
298.418, 0.0236511
298.479, 0.0236511
298.539, 0.0236511
298.601, 0.0236511
298.664, 0.0236511
298.724, 0.0236511
298.785, 0.0236511
298.848, 0.0236511
298.913, 0.0236511
298.973, 0.0236511
299.035, 0.0236511
299.098, 0.0236511
299.158, 0.0236511
299.219, 0.0236511
299.282, 0.0236511
299.342, 0.0236511
299.404, 0.0236511
299.467, 0.0236511
299.527, 0.0236511
299.588, 0.0236511
299.648, 0.0236511
299.71, 0.0236511
299.773, 0.0236511
299.833, 0.0236511
299.894, 0.0236511
299.957, 0.0236511
300.017, 0.0236511
300.079, 0.0236511
300.139, 0.0236511
300.2, 0.0236511
300.263, 0.0236511
300.323, 0.0236511
300.385, 0.0236511
300.445, 0.0236511
300.506, 0.0236511
300.566, 0.0236511
300.626, 0.0236511
300.688, 0.0236511
300.751, 0.0236511
300.811, 0.0236511
300.872, 0.0236511
300.935, 0.0236511
300.995, 0.0236511
301.057, 0.0236511
301.12, 0.0236511
301.184, 0.0236511
301.251, 0.0236511
301.319, 0.0236511
301.388, 0.0236511
301.459, 0.0236511
301.533, 0.0236511
301.608, 0.0236511
301.684, 0.0236511
301.763, 0.0236511
301.844, 0.0236511
301.926, 0.0236511
302.011, 0.0236511
302.071, 0.0236511
302.133, 0.0236511
302.196, 0.0236511
302.256, 0.0236511
302.317, 0.0236511
302.377, 0.0236511
302.439, 0.0236511
302.502, 0.0236511
302.566, 0.0236511
302.633, 0.0236511
302.701, 0.0236511
302.761, 0.0236511
302.822, 0.0236511
302.882, 0.0236511
302.944, 0.0236511
303.007, 0.0236511
303.067, 0.0236511
303.128, 0.0236511
303.191, 0.0236511
303.251, 0.0236511
303.313, 0.0236511
303.373, 0.0236511
303.433, 0.0236511
303.494, 0.0236511
303.554, 0.0236511
303.616, 0.0236511
303.676, 0.0236511
303.737, 0.0236511
303.8, 0.0236511
303.86, 0.0236511
303.922, 0.0236511
303.985, 0.0236511
304.049, 0.0236511
304.116, 0.0236511
304.183, 0.0236511
304.253, 0.0236511
304.313, 0.0236511
304.375, 0.0236511
304.438, 0.0236511
304.498, 0.0236511
304.559, 0.0236511
304.619, 0.0236511
304.681, 0.0236511
304.741, 0.0236511
304.802, 0.0236511
304.865, 0.0236511
304.925, 0.0236511
304.987, 0.0236511
305.047, 0.0236511
305.108, 0.0236511
305.171, 0.0236511
305.231, 0.0236511
305.293, 0.0236511
305.356, 0.0236511
305.416, 0.0236511
305.477, 0.0236511
305.54, 0.0236511
305.6, 0.0236511
305.662, 0.0236511
305.725, 0.0236511
305.785, 0.0236511
305.846, 0.0236511
305.909, 0.0236511
305.969, 0.0236511
306.031, 0.0236511
306.091, 0.0236511
306.152, 0.0236511
306.215, 0.0236511
306.28, 0.0236511
306.346, 0.0236511
306.414, 0.0236511
306.474, 0.0236511
306.536, 0.0236511
306.599, 0.0236511
306.659, 0.0236511
306.72, 0.0236511
306.783, 0.0236511
306.848, 0.0236511
306.914, 0.0236511
306.982, 0.0236511
307.042, 0.0236511
307.102, 0.0236511
307.163, 0.0236511
307.226, 0.0236511
307.291, 0.0236511
307.357, 0.0236511
307.425, 0.0236511
307.495, 0.0236511
307.555, 0.0236511
307.616, 0.0236511
307.679, 0.0236511
307.739, 0.0236511
307.801, 0.0236511
307.864, 0.0236511
307.924, 0.0236511
307.985, 0.0236511
308.048, 0.0236511
308.113, 0.0236511
308.179, 0.0236511
308.247, 0.0236511
308.317, 0.0236511
308.388, 0.0236511
308.461, 0.0236511
308.536, 0.0236511
308.613, 0.0236511
308.691, 0.0236511
308.772, 0.0236511
308.832, 0.0236511
308.892, 0.0236511
308.954, 0.0236511
309.014, 0.0236511
309.075, 0.0236511
309.138, 0.0236511
309.198, 0.0236511
309.26, 0.0236511
309.32, 0.0236511
309.381, 0.0236511
309.444, 0.0236511
309.504, 0.0236511
309.566, 0.0236511
309.629, 0.0236511
309.689, 0.0236511
309.75, 0.0236511
309.813, 0.0236511
309.873, 0.0236511
309.935, 0.0236511
309.998, 0.0236511
310.062, 0.0236511
310.129, 0.0236511
310.197, 0.0236511
310.266, 0.0236511
310.326, 0.0236511
310.388, 0.0236511
310.451, 0.0236511
310.511, 0.0236511
310.572, 0.0236511
310.632, 0.0236511
310.694, 0.0236511
310.757, 0.0236511
310.817, 0.0236511
310.878, 0.0236511
310.938, 0.0236511
311, 0.0236511
311.063, 0.0236511
311.123, 0.0236511
311.184, 0.0236511
311.247, 0.0236511
311.307, 0.0236511
311.369, 0.0236511
311.429, 0.0236511
311.49, 0.0236511
311.55, 0.0236511
311.612, 0.0236511
311.675, 0.0236511
311.735, 0.0236511
311.796, 0.0236511
311.856, 0.0236511
311.918, 0.0236511
311.981, 0.0236511
312.041, 0.0236511
312.102, 0.0236511
312.165, 0.0236511
312.23, 0.0236511
312.296, 0.0236511
312.356, 0.0236511
312.418, 0.0236511
312.478, 0.0236511
312.538, 0.0236511
312.599, 0.0236511
312.662, 0.0236511
312.722, 0.0236511
312.784, 0.0236511
312.847, 0.0236511
312.911, 0.0236511
312.978, 0.0236511
313.038, 0.0236511
313.099, 0.0236511
313.162, 0.0236511
313.222, 0.0236511
313.284, 0.0236511
313.344, 0.0236511
313.405, 0.0236511
313.468, 0.0236511
313.533, 0.0236511
313.599, 0.0236511
313.659, 0.0236511
313.721, 0.0236511
313.781, 0.0236511
313.842, 0.0236511
313.905, 0.0236511
313.965, 0.0236511
314.027, 0.0236511
314.09, 0.0236511
314.154, 0.0236511
314.221, 0.0236511
314.288, 0.0236511
314.358, 0.0236511
314.418, 0.0236511
314.479, 0.0236511
314.539, 0.0236511
314.601, 0.0236511
314.661, 0.0236511
314.722, 0.0236511
314.786, 0.0236511
314.85, 0.0236511
314.91, 0.0236511
314.972, 0.0236511
315.035, 0.0236511
315.095, 0.0236511
315.156, 0.0236511
315.219, 0.0236511
315.284, 0.0236511
315.35, 0.0236511
315.418, 0.0236511
315.478, 0.0236511
315.539, 0.0236511
315.599, 0.0236511
315.661, 0.0236511
315.721, 0.0236511
315.782, 0.0236511
315.845, 0.0236511
315.905, 0.0236511
315.967, 0.0236511
316.03, 0.0236511
316.095, 0.0236511
316.161, 0.0236511
316.221, 0.0236511
316.282, 0.0236511
316.342, 0.0236511
316.404, 0.0236511
316.467, 0.0236511
316.532, 0.0236511
316.598, 0.0236511
316.666, 0.0236511
316.735, 0.0236511
316.795, 0.0236511
316.857, 0.0236511
316.92, 0.0236511
316.98, 0.0236511
317.041, 0.0236511
317.104, 0.0236511
317.169, 0.0236511
317.229, 0.0236511
317.29, 0.0236511
317.353, 0.0236511
317.418, 0.0236511
317.478, 0.0236511
317.54, 0.0236511
317.603, 0.0236511
317.663, 0.0236511
317.724, 0.0236511
317.787, 0.0236511
317.847, 0.0236511
317.909, 0.0236511
317.972, 0.0236511
318.032, 0.0236511
318.093, 0.0236511
318.156, 0.0236511
318.221, 0.0236511
318.281, 0.0236511
318.342, 0.0236511
318.405, 0.0236511
318.465, 0.0236511
318.525, 0.0236511
318.587, 0.0236511
318.65, 0.0236511
318.715, 0.0236511
318.781, 0.0236511
318.849, 0.0236511
318.909, 0.0236511
318.97, 0.0236511
319.033, 0.0236511
319.093, 0.0236511
319.155, 0.0236511
319.218, 0.0236511
319.282, 0.0236511
319.342, 0.0236511
319.404, 0.0236511
319.467, 0.0236511
319.527, 0.0236511
319.588, 0.0236511
319.648, 0.0236511
319.71, 0.0236511
319.773, 0.0236511
319.837, 0.0236511
319.897, 0.0236511
319.959, 0.0236511
320.019, 0.0236511
320.08, 0.0236511
320.144, 0.0236511
320.204, 0.0236511
320.265, 0.0236511
320.328, 0.0236511
320.388, 0.0236511
320.45, 0.0236511
320.513, 0.0236511
320.577, 0.0236511
320.643, 0.0236511
320.711, 0.0236511
320.781, 0.0236511
320.852, 0.0236511
320.925, 0.0236511
320.985, 0.0236511
321.047, 0.0236511
321.11, 0.0236511
321.174, 0.0236511
321.234, 0.0236511
321.296, 0.0236511
321.359, 0.0236511
321.424, 0.0236511
321.49, 0.0236511
321.558, 0.0236511
321.618, 0.0236511
321.678, 0.0236511
321.739, 0.0236511
321.799, 0.0236511
321.861, 0.0236511
321.924, 0.0236511
321.984, 0.0236511
322.045, 0.0236511
322.108, 0.0236511
322.168, 0.0236511
322.23, 0.0236511
322.293, 0.0236511
322.357, 0.0236511
322.417, 0.0236511
322.479, 0.0236511
322.542, 0.0236511
322.607, 0.0236511
322.673, 0.0236511
322.733, 0.0236511
322.794, 0.0236511
322.857, 0.0236511
322.917, 0.0236511
322.979, 0.0236511
323.039, 0.0236511
323.1, 0.0236511
323.163, 0.0236511
323.228, 0.0236511
323.294, 0.0236511
323.354, 0.0236511
323.416, 0.0236511
323.479, 0.0236511
323.539, 0.0236511
323.6, 0.0236511
323.66, 0.0236511
323.722, 0.0236511
323.785, 0.0236511
323.845, 0.0236511
323.906, 0.0236511
323.966, 0.0236511
324.028, 0.0236511
324.091, 0.0236511
324.156, 0.0236511
324.222, 0.0236511
324.29, 0.0236511
324.359, 0.0236511
324.431, 0.0236511
324.504, 0.0236511
324.579, 0.0236511
324.655, 0.0236511
324.734, 0.0236511
324.815, 0.0236511
324.875, 0.0236511
324.936, 0.0236511
324.999, 0.0236511
325.059, 0.0236511
325.121, 0.0236511
325.184, 0.0236511
325.248, 0.0236511
325.315, 0.0236511
325.383, 0.0236511
325.452, 0.0236511
325.523, 0.0236511
325.597, 0.0236511
325.672, 0.0236511
325.748, 0.0236511
325.808, 0.0236511
325.87, 0.0236511
325.93, 0.0236511
325.991, 0.0236511
326.054, 0.0236511
326.119, 0.0236511
326.185, 0.0236511
326.253, 0.0236511
326.313, 0.0236511
326.375, 0.0236511
326.435, 0.0236511
326.496, 0.0236511
326.559, 0.0236511
326.619, 0.0236511
326.681, 0.0236511
326.744, 0.0236511
326.808, 0.0236511
326.875, 0.0236511
326.942, 0.0236511
327.012, 0.0236511
327.083, 0.0236511
327.156, 0.0236511
327.231, 0.0236511
327.308, 0.0236511
327.368, 0.0236511
327.43, 0.0236511
327.493, 0.0236511
327.557, 0.0236511
327.624, 0.0236511
327.684, 0.0236511
327.745, 0.0236511
327.808, 0.0236511
327.873, 0.0236511
327.933, 0.0236511
327.993, 0.0236511
328.054, 0.0236511
328.117, 0.0236511
328.182, 0.0236511
328.248, 0.0236511
328.308, 0.0236511
328.37, 0.0236511
328.433, 0.0236511
328.493, 0.0236511
328.554, 0.0236511
328.617, 0.0236511
328.682, 0.0236511
328.742, 0.0236511
328.803, 0.0236511
328.866, 0.0236511
328.931, 0.0236511
328.991, 0.0236511
329.051, 0.0236511
329.112, 0.0236511
329.172, 0.0236511
329.232, 0.0236511
329.294, 0.0236511
329.354, 0.0236511
329.415, 0.0236511
329.478, 0.0236511
329.543, 0.0236511
329.609, 0.0236511
329.669, 0.0236511
329.731, 0.0236511
329.791, 0.0236511
329.852, 0.0236511
329.912, 0.0236511
329.974, 0.0236511
330.037, 0.0236511
330.101, 0.0236511
330.168, 0.0236511
330.236, 0.0236511
330.305, 0.0236511
330.365, 0.0236511
330.427, 0.0236511
330.49, 0.0236511
330.554, 0.0236511
330.62, 0.0236511
330.688, 0.0236511
330.748, 0.0236511
330.81, 0.0236511
330.87, 0.0236511
330.931, 0.0236511
330.991, 0.0236511
331.053, 0.0236511
331.116, 0.0236511
331.181, 0.0236511
331.241, 0.0236511
331.302, 0.0236511
331.362, 0.0236511
331.424, 0.0236511
331.487, 0.0236511
331.551, 0.0236511
331.617, 0.0236511
331.685, 0.0236511
331.755, 0.0236511
331.826, 0.0236511
331.886, 0.0236511
331.948, 0.0236511
332.011, 0.0236511
332.075, 0.0236511
332.142, 0.0236511
332.209, 0.0236511
332.269, 0.0236511
332.331, 0.0236511
332.394, 0.0236511
332.459, 0.0236511
332.525, 0.0236511
332.593, 0.0236511
332.662, 0.0236511
332.734, 0.0236511
332.794, 0.0236511
332.854, 0.0236511
332.915, 0.0236511
332.978, 0.0236511
333.043, 0.0236511
333.103, 0.0236511
333.164, 0.0236511
333.227, 0.0236511
333.292, 0.0236511
333.352, 0.0236511
333.413, 0.0236511
333.473, 0.0236511
333.535, 0.0236511
333.595, 0.0236511
333.656, 0.0236511
333.716, 0.0236511
333.778, 0.0236511
333.841, 0.0236511
333.901, 0.0236511
333.962, 0.0236511
334.026, 0.0236511
334.086, 0.0236511
334.147, 0.0236511
334.21, 0.0236511
334.275, 0.0236511
334.335, 0.0236511
334.396, 0.0236511
334.456, 0.0236511
334.518, 0.0236511
334.578, 0.0236511
334.639, 0.0236511
334.699, 0.0236511
334.759, 0.0236511
334.819, 0.0236511
334.881, 0.0236511
334.944, 0.0236511
335.008, 0.0236511
335.075, 0.0236511
335.142, 0.0236511
335.202, 0.0236511
335.264, 0.0236511
335.324, 0.0236511
335.385, 0.0236511
335.445, 0.0236511
335.507, 0.0236511
335.57, 0.0236511
335.635, 0.0236511
335.701, 0.0236511
335.769, 0.0236511
335.838, 0.0236511
335.898, 0.0236511
335.96, 0.0236511
336.023, 0.0236511
336.087, 0.0236511
336.154, 0.0236511
336.222, 0.0236511
336.291, 0.0236511
336.362, 0.0236511
336.436, 0.0236511
336.51, 0.0236511
336.57, 0.0236511
336.632, 0.0236511
336.695, 0.0236511
336.755, 0.0236511
336.817, 0.0236511
336.88, 0.0236511
336.94, 0.0236511
337.001, 0.0236511
337.064, 0.0236511
337.129, 0.0236511
337.195, 0.0236511
337.263, 0.0236511
337.332, 0.0236511
337.404, 0.0236511
337.477, 0.0236511
337.552, 0.0236511
337.629, 0.0236511
337.707, 0.0236511
337.788, 0.0236511
337.871, 0.0236511
337.955, 0.0236511
338.042, 0.0236511
338.131, 0.0236511
338.223, 0.0236511
338.316, 0.0236511
338.412, 0.0236511
338.511, 0.0236511
338.611, 0.0236511
338.715, 0.0236511
338.82, 0.0236511
338.88, 0.0236511
338.942, 0.0236511
339.002, 0.0236511
339.063, 0.0236511
339.127, 0.0236511
339.191, 0.0236511
339.257, 0.0236511
339.325, 0.0236511
339.385, 0.0236511
339.447, 0.0236511
339.51, 0.0236511
339.574, 0.0236511
339.634, 0.0236511
339.696, 0.0236511
339.759, 0.0236511
339.819, 0.0236511
339.88, 0.0236511
339.943, 0.0236511
340.008, 0.0236511
340.068, 0.0236511
