0.0615, 0.0180359
0.123, 0.0180664
0.1845, 0.0180664
0.247537, 0.0180664
0.312151, 0.0180664
0.37838, 0.0180664
0.446264, 0.0180664
0.515846, 0.0180664
0.587167, 0.0180664
0.660271, 0.0180664
0.735203, 0.0180664
0.812008, 0.0180664
0.890733, 0.0180664
0.971427, 0.0180664
1.05414, 0.0180664
1.13892, 0.0180664
1.22581, 0.0180664
1.31488, 0.0180664
1.40618, 0.0180664
1.49976, 0.0180664
1.59568, 0.0180664
1.694, 0.0180359
1.79477, 0.0180359
1.89807, 0.0180359
2.00394, 0.0180359
2.06544, 0.0180359
2.12848, 0.0180359
2.19309, 0.0180359
2.25459, 0.0180359
2.31609, 0.0180359
2.37913, 0.0180359
2.44374, 0.0180359
2.50997, 0.0180359
2.57147, 0.0180359
2.63451, 0.0180359
2.69601, 0.0180359
2.75905, 0.0180359
2.82366, 0.0180359
2.88989, 0.0180359
2.95139, 0.0180359
3.01443, 0.0180359
3.07904, 0.0180359
3.14527, 0.0180359
3.21315, 0.0180359
3.27465, 0.0180359
3.33769, 0.0180359
3.40231, 0.0180359
3.46853, 0.0180359
3.53003, 0.0180359
3.59307, 0.0180359
3.65768, 0.0180359
3.72391, 0.0180359
3.7918, 0.0180359
3.8533, 0.0180359
3.91634, 0.0180359
3.98095, 0.0180359
4.04245, 0.0180359
4.10549, 0.0180359
4.16699, 0.0180359
4.23002, 0.0180359
4.29464, 0.0180359
4.36087, 0.0180359
4.42875, 0.0180359
4.49833, 0.0180359
4.56965, 0.0180359
4.64276, 0.0180359
4.71769, 0.0180359
4.79449, 0.0180359
4.85599, 0.0180359
4.91903, 0.0180359
4.98365, 0.0180359
5.04987, 0.0180359
5.11776, 0.0180359
5.18734, 0.0180359
5.25866, 0.0180359
5.33177, 0.0180359
5.4067, 0.0180359
5.4835, 0.0180359
5.56223, 0.0180359
5.64292, 0.0180359
5.70442, 0.0180359
5.76746, 0.0180359
5.82896, 0.0180359
5.892, 0.0180359
5.9535, 0.0180359
6.015, 0.0180359
6.07803, 0.0180359
6.13953, 0.0180359
6.20257, 0.0180359
6.26407, 0.0180359
6.32711, 0.0180359
6.39172, 0.0180359
6.45795, 0.0180359
6.52584, 0.0180359
6.58734, 0.0180359
6.65037, 0.0180359
6.71499, 0.0180359
6.77649, 0.0180359
6.83952, 0.0180359
6.90414, 0.0180359
6.97037, 0.0180359
7.03825, 0.0180359
7.10783, 0.0180359
7.17915, 0.0180359
7.24065, 0.0180359
7.30369, 0.0180359
7.36519, 0.0180359
7.42823, 0.0180359
7.49284, 0.0180359
7.55434, 0.0180359
7.61584, 0.0180359
7.67888, 0.0180359
7.74349, 0.0180359
7.80499, 0.0180359
7.86803, 0.0180359
7.92953, 0.0180359
7.99103, 0.0180359
8.05407, 0.0180359
8.11557, 0.0180359
8.17861, 0.0180359
8.24322, 0.0180359
8.30472, 0.0180359
8.36776, 0.0180359
8.43237, 0.0180359
8.4986, 0.0180359
8.56648, 0.0180359
8.62798, 0.0180359
8.68948, 0.0180359
8.75252, 0.0180359
8.81713, 0.0180359
8.88336, 0.0180359
8.95125, 0.0180359
9.01275, 0.0180359
9.07425, 0.0180359
9.13728, 0.0180359
9.19878, 0.0180359
9.26182, 0.0180359
9.32644, 0.0180359
9.39266, 0.0180359
9.46055, 0.0180359
9.52205, 0.0180359
9.58509, 0.0180359
9.6497, 0.0180359
9.7112, 0.0180359
9.77424, 0.0180359
9.83885, 0.0180359
9.90508, 0.0180359
9.97296, 0.0180359
10.0345, 0.0180359
10.0975, 0.0180359
10.1621, 0.0180359
10.2283, 0.0180359
10.2898, 0.0180359
10.3529, 0.0180359
10.4175, 0.0180359
10.4837, 0.0180359
10.5516, 0.0180359
10.6212, 0.0180359
10.6827, 0.0180359
10.7457, 0.0180359
10.8103, 0.0180359
10.8718, 0.0180359
10.9349, 0.0180359
10.9995, 0.0180359
11.0657, 0.0180359
11.1272, 0.0180359
11.1903, 0.0180359
11.2549, 0.0180359
11.3211, 0.0180359
11.389, 0.0180359
11.4505, 0.0180359
11.5135, 0.0180359
11.5781, 0.0180359
11.6444, 0.0180359
11.7059, 0.0180359
11.7689, 0.0180359
11.8335, 0.0180359
11.895, 0.0180359
11.9581, 0.0180359
12.0227, 0.0180359
12.0842, 0.0180359
12.1472, 0.0180359
12.2118, 0.0180359
12.2733, 0.0180359
12.3348, 0.0180359
12.3979, 0.0180359
12.4625, 0.0180359
12.524, 0.0180359
12.587, 0.0180359
12.6516, 0.0180359
12.7178, 0.0180359
12.7793, 0.0180054
12.8424, 0.0180054
12.9039, 0.0180054
12.9669, 0.0180054
13.0284, 0.0180054
13.0915, 0.0180054
13.153, 0.0180054
13.216, 0.0180054
13.2775, 0.0180054
13.339, 0.0180054
13.402, 0.0180054
13.4666, 0.0180054
13.5281, 0.0180054
13.5912, 0.0180054
13.6527, 0.0180054
13.7157, 0.0180054
13.7803, 0.0180054
13.8418, 0.0180054
13.9049, 0.0180054
13.9695, 0.0180054
14.0357, 0.0180054
14.0972, 0.0180054
14.1603, 0.0180054
14.2249, 0.0180054
14.2864, 0.0180054
14.3494, 0.0180054
14.414, 0.0180054
14.4802, 0.0180054
14.5417, 0.0180054
14.6048, 0.0180054
14.6694, 0.0180054
14.7356, 0.0180054
14.8035, 0.0180054
14.865, 0.0180054
14.928, 0.0180054
14.9927, 0.0180054
15.0589, 0.0180054
15.1204, 0.0180054
15.1834, 0.0180054
15.2449, 0.0180054
15.308, 0.0180054
15.3726, 0.0180054
15.4388, 0.0180054
15.5067, 0.0180054
15.5682, 0.0180054
15.6312, 0.0180054
15.6927, 0.0180054
15.7558, 0.0180054
15.8204, 0.0180054
15.8866, 0.0180054
15.9545, 0.0180054
16.016, 0.0180054
16.079, 0.0180054
16.1436, 0.0180054
16.2099, 0.0180054
16.2714, 0.0180054
16.3329, 0.0180054
16.3944, 0.0180054
16.4574, 0.0180054
16.5189, 0.0180054
16.5819, 0.0180054
16.6434, 0.0180054
16.7065, 0.0180054
16.7711, 0.0180054
16.8373, 0.0180054
16.8988, 0.0180054
16.9619, 0.0180054
17.0265, 0.0180054
17.0927, 0.0180054
17.1542, 0.0180054
17.2172, 0.0180054
17.2819, 0.0180054
17.3434, 0.0180054
17.4064, 0.0180054
17.4679, 0.0180054
17.5309, 0.0180054
17.5955, 0.0180054
17.6618, 0.0180054
17.7297, 0.0180054
17.7992, 0.0180054
17.8706, 0.0180054
17.9321, 0.0180054
17.9951, 0.0180054
18.0597, 0.0180054
18.1212, 0.0180054
18.1843, 0.0180054
18.2458, 0.0180054
18.3088, 0.0180054
18.3734, 0.0180054
18.4349, 0.0180054
18.4979, 0.0180054
18.5626, 0.0180054
18.6241, 0.0180054
18.6871, 0.0180054
18.7486, 0.0180054
18.8101, 0.0180054
18.8716, 0.0180054
18.9346, 0.0180054
18.9961, 0.0180054
19.0592, 0.0180054
19.1207, 0.0180054
19.1837, 0.0180054
19.2452, 0.0180054
19.3082, 0.0180054
19.3697, 0.0180054
19.4328, 0.0180054
19.4943, 0.0180054
19.5573, 0.0180054
19.6188, 0.0180054
19.6819, 0.0180054
19.7434, 0.0180054
19.8064, 0.0180054
19.871, 0.0180054
19.9372, 0.0180054
20.0051, 0.0180054
20.0747, 0.0180054
20.146, 0.0180054
20.2191, 0.0180054
20.2941, 0.0180054
20.3709, 0.0180054
20.4324, 0.0180054
20.4954, 0.0180054
20.5569, 0.0180054
20.6199, 0.0180054
20.6846, 0.0180054
20.7508, 0.0180054
20.8187, 0.0180054
20.8802, 0.0180054
20.9432, 0.0180054
21.0047, 0.0180054
21.0677, 0.0180054
21.1292, 0.0180054
21.1923, 0.0180054
21.2538, 0.0180054
21.3168, 0.0180054
21.3783, 0.0180054
21.4414, 0.0180054
21.5029, 0.0180054
21.5659, 0.0180054
21.6274, 0.0180054
21.6904, 0.0180054
21.755, 0.0180054
21.8213, 0.0180054
21.8892, 0.0180054
21.9587, 0.0180054
22.0202, 0.0180054
22.0833, 0.0180054
22.1448, 0.0180054
22.2078, 0.0180054
22.2724, 0.0180054
22.3339, 0.0180054
22.397, 0.0180054
22.4616, 0.0180054
22.5278, 0.0180054
22.5957, 0.0180054
22.6653, 0.0180054
22.7366, 0.0180054
22.8097, 0.0180054
22.8846, 0.0180054
22.9614, 0.0180054
23.0402, 0.0180054
23.1208, 0.0180054
23.2036, 0.0180054
23.2651, 0.0180054
23.3281, 0.0180054
23.3927, 0.0180054
23.4589, 0.0180054
23.5204, 0.0180054
23.5835, 0.0180054
23.645, 0.0180054
23.708, 0.0180054
23.7726, 0.0180054
23.8341, 0.0180054
23.8972, 0.0180054
23.9618, 0.0180054
24.0233, 0.0180054
24.0863, 0.0180054
24.1509, 0.0180054
24.2172, 0.0180054
24.2787, 0.0180054
24.3417, 0.0180054
24.4063, 0.0180054
24.4725, 0.0180054
24.5404, 0.0180054
24.61, 0.0180054
24.6813, 0.0180054
24.7428, 0.0180054
24.8059, 0.0180054
24.8674, 0.0180054
24.9304, 0.0180054
24.995, 0.0180054
25.0565, 0.0180054
25.1196, 0.0180054
25.1842, 0.0180054
25.2504, 0.0180054
25.3183, 0.0180054
25.3798, 0.0180054
25.4428, 0.0180054
25.5074, 0.0180054
25.5737, 0.0180054
25.6415, 0.0180054
25.703, 0.0180054
25.7661, 0.0180054
25.8307, 0.0180054
25.8969, 0.0180054
25.9648, 0.0180054
26.0344, 0.0180054
26.1057, 0.0180054
26.1672, 0.0180054
26.2302, 0.0180054
26.2949, 0.0180054
26.3564, 0.0180054
26.4194, 0.0180054
26.4809, 0.0180054
26.5439, 0.0180054
26.6085, 0.0180054
26.67, 0.0180054
26.7331, 0.0180054
26.7977, 0.0180054
26.8639, 0.0180054
26.9254, 0.0180054
26.9885, 0.0180054
27.0531, 0.0180054
27.1193, 0.0180054
27.1808, 0.0180054
27.2438, 0.0180054
27.3085, 0.0180054
27.37, 0.0180054
27.433, 0.0180054
27.4976, 0.0180054
27.5638, 0.0180054
27.6253, 0.0180054
27.6868, 0.0180054
27.7499, 0.0180054
27.8145, 0.0180054
27.8807, 0.0180054
27.9486, 0.0180054
28.0182, 0.0180054
28.0797, 0.0180054
28.1427, 0.0180054
28.2042, 0.0180054
28.2673, 0.0180054
28.3319, 0.0180054
28.3981, 0.0180054
28.466, 0.0180054
28.5275, 0.0180054
28.5905, 0.0180054
28.6551, 0.0180054
28.7214, 0.0180054
28.7893, 0.0180054
28.8588, 0.0180054
28.9203, 0.0180054
28.9834, 0.0180054
29.048, 0.0180054
29.1142, 0.0180054
29.1757, 0.0180054
29.2387, 0.0180054
29.3034, 0.0180054
29.3696, 0.0180054
29.4375, 0.0180054
29.5071, 0.0180054
29.5784, 0.0180054
29.6399, 0.0180054
29.7029, 0.0180054
29.7675, 0.0180054
29.829, 0.0180054
29.8921, 0.0180054
29.9536, 0.0180054
30.0166, 0.0180054
30.0781, 0.0180054
30.1411, 0.0180054
30.2058, 0.0180054
30.272, 0.0180054
30.3399, 0.0180054
30.4095, 0.0180054
30.471, 0.0180054
30.534, 0.0180054
30.5955, 0.0180054
30.6585, 0.0180054
30.72, 0.0180054
30.7831, 0.0180054
30.8446, 0.0180054
30.9076, 0.0180054
30.9722, 0.0180054
31.0384, 0.0180054
31.0999, 0.0180054
31.163, 0.0180054
31.2245, 0.0180054
31.2875, 0.0180054
31.349, 0.0180054
31.4121, 0.0180054
31.4767, 0.0180054
31.5429, 0.0180054
31.6044, 0.0180054
31.6674, 0.0180054
31.7289, 0.0180054
31.792, 0.0180054
31.8566, 0.0180054
31.9181, 0.0180054
31.9811, 0.0180054
32.0457, 0.0180054
32.112, 0.0180054
32.1735, 0.0180054
32.2365, 0.0180054
32.298, 0.0180054
32.361, 0.0180054
32.4257, 0.0180054
32.4872, 0.0180054
32.5502, 0.0180054
32.6117, 0.0180054
32.6747, 0.0180054
32.7362, 0.0180054
32.7993, 0.0180054
32.8639, 0.0180054
32.9301, 0.0180054
32.9916, 0.0180054
33.0546, 0.0180054
33.1193, 0.0180054
33.1808, 0.0180054
33.2438, 0.0180054
33.3084, 0.0180054
33.3699, 0.0180054
33.4329, 0.0180054
33.4976, 0.0180054
33.5638, 0.0180054
33.6317, 0.0180054
33.7013, 0.0180054
33.7726, 0.0180054
33.8341, 0.0180054
33.8971, 0.0180054
33.9586, 0.0180054
34.0217, 0.0180054
34.0863, 0.0180054
34.1478, 0.0180054
34.2108, 0.0180054
34.2754, 0.0180054
34.3416, 0.0180054
34.4031, 0.0180054
34.4646, 0.0180054
34.5277, 0.0180054
34.5923, 0.0180054
34.6585, 0.0180054
34.7264, 0.0180054
34.7879, 0.0180054
34.8509, 0.0180054
34.9156, 0.0180054
34.9818, 0.0180054
35.0497, 0.0180054
35.1112, 0.0180054
35.1727, 0.0180054
35.2357, 0.0180054
35.3003, 0.0180054
35.3666, 0.0180054
35.4344, 0.0180054
35.504, 0.0180054
35.5655, 0.0180054
35.6286, 0.0180054
35.6901, 0.0180054
35.7531, 0.0180054
35.8177, 0.0180054
35.8792, 0.0180054
35.9422, 0.0180054
36.0069, 0.0180054
36.0684, 0.0180054
36.1314, 0.0180054
36.1929, 0.0180054
36.2559, 0.0180054
36.3174, 0.0180054
36.3805, 0.0180054
36.4451, 0.0180054
36.5113, 0.0180054
36.5728, 0.0180054
36.6359, 0.0180054
36.6974, 0.0180054
36.7604, 0.0180054
36.825, 0.0180054
36.8912, 0.0180054
36.9527, 0.0180054
37.0158, 0.0180054
37.0773, 0.0180054
37.1403, 0.0180054
37.2049, 0.0180054
37.2711, 0.0180054
37.3326, 0.0180054
37.3941, 0.0180054
37.4572, 0.0180054
37.5218, 0.0180054
37.5833, 0.0180054
37.6463, 0.0180054
37.711, 0.0180054
37.7772, 0.0180054
37.8387, 0.0180054
37.9017, 0.0180054
37.9663, 0.0180054
38.0326, 0.0180054
38.0941, 0.0180054
38.1571, 0.0180054
38.2186, 0.0180054
38.2816, 0.0180054
38.3462, 0.0180054
38.4125, 0.0180054
38.4804, 0.0180054
38.5499, 0.0180054
38.6114, 0.0180054
38.6729, 0.0180054
38.736, 0.0180054
38.8006, 0.0180054
38.8621, 0.0180054
38.9251, 0.0180054
38.9897, 0.0180054
39.056, 0.0180054
39.1175, 0.0180054
39.1805, 0.0180054
39.2451, 0.0180054
39.3066, 0.0180054
39.3681, 0.0180054
39.4312, 0.0180054
39.4927, 0.0180054
39.5557, 0.0180054
39.6172, 0.0180054
39.6802, 0.0180054
39.7449, 0.0180054
39.8064, 0.0180054
39.8679, 0.0180054
39.9309, 0.0180054
39.9955, 0.0180054
40.0617, 0.0180054
40.1296, 0.0180054
40.1992, 0.0180054
40.2607, 0.0180054
40.3222, 0.0180054
40.3852, 0.0180054
40.4467, 0.0180054
40.5098, 0.0180054
40.5744, 0.0180054
40.6359, 0.0180054
40.6989, 0.0180054
40.7635, 0.0180054
40.8298, 0.0180054
40.8976, 0.0180054
40.9672, 0.0180054
41.0287, 0.0180054
41.0918, 0.0180054
41.1564, 0.0180054
41.2226, 0.0180054
41.2841, 0.0180054
41.3471, 0.0180054
41.4118, 0.0180054
41.478, 0.0180054
41.5395, 0.0180054
41.6025, 0.0180054
41.6671, 0.0180054
41.7286, 0.0180054
41.7917, 0.0180054
41.8563, 0.0180054
41.9225, 0.0180054
41.9904, 0.0180054
42.0519, 0.0180054
42.1149, 0.0180054
42.1796, 0.0180054
42.2458, 0.0180054
42.3137, 0.0180054
42.3752, 0.0180054
42.4382, 0.0180054
42.5028, 0.0180054
42.569, 0.0180054
42.6305, 0.0180054
42.6936, 0.0180054
42.7582, 0.0180054
42.8244, 0.0180054
42.8859, 0.0180054
42.949, 0.0180054
43.0136, 0.0180054
43.0798, 0.0180054
43.1413, 0.0180054
43.2043, 0.0180054
43.269, 0.0180054
43.3305, 0.0180054
43.3935, 0.0180054
43.4581, 0.0180054
43.5243, 0.0180054
43.5922, 0.0180054
43.6618, 0.0180054
43.7233, 0.0180054
43.7863, 0.0180054
43.851, 0.0180054
43.9172, 0.0180054
43.9851, 0.0180054
44.0547, 0.0180054
44.1162, 0.0180054
44.1792, 0.0180054
44.2407, 0.0180054
44.3022, 0.0180054
44.3652, 0.0180054
44.4267, 0.0180054
44.4898, 0.0180054
44.5544, 0.0180054
44.6206, 0.0180054
44.6885, 0.0180054
44.7581, 0.0180054
44.8196, 0.0180054
44.8826, 0.0180054
44.9441, 0.0180054
45.0056, 0.0180054
45.0686, 0.0180054
45.1333, 0.0180054
45.1995, 0.0180054
45.261, 0.0180054
45.324, 0.0180054
45.3855, 0.0180054
45.4486, 0.0180054
45.5101, 0.0180054
45.5716, 0.0180054
45.6346, 0.0180054
45.6961, 0.0180054
45.7591, 0.0180054
45.8238, 0.0180054
45.8853, 0.0180054
45.9483, 0.0180054
46.0129, 0.0180054
46.0791, 0.0180054
46.1406, 0.0180054
46.2037, 0.0180054
46.2683, 0.0180054
46.3298, 0.0180054
46.3928, 0.0180054
46.4574, 0.0180054
46.5189, 0.0180054
46.582, 0.0180054
46.6435, 0.0180054
46.7065, 0.0180054
46.768, 0.0180054
46.831, 0.0180054
46.8957, 0.0180054
46.9572, 0.0180054
47.0202, 0.0180054
47.0817, 0.0180054
47.1447, 0.0180054
47.2093, 0.0180054
47.2756, 0.0180054
47.3371, 0.0180054
47.4001, 0.0180054
47.4647, 0.0180054
47.531, 0.0180054
47.5925, 0.0180054
47.6555, 0.0180054
47.717, 0.0180054
47.78, 0.0180054
47.8415, 0.0180054
47.9046, 0.0180054
47.9661, 0.0180054
48.0291, 0.0180054
48.0937, 0.0180054
48.1599, 0.0180054
48.2278, 0.0180054
48.2893, 0.0180054
48.3524, 0.0180054
48.417, 0.0180054
48.4832, 0.0180054
48.5511, 0.0180054
48.6126, 0.0180054
48.6756, 0.0180054
48.7402, 0.0180054
48.8065, 0.0180054
48.868, 0.0180054
48.931, 0.0180054
48.9925, 0.0180054
49.0556, 0.0180054
49.1171, 0.0180054
49.1801, 0.0180054
49.2447, 0.0180054
49.3109, 0.0180054
49.3724, 0.0180054
49.4355, 0.0180054
49.5001, 0.0180054
49.5616, 0.0180054
49.6246, 0.0180054
49.6861, 0.0180054
49.7492, 0.0180054
49.8138, 0.0180054
49.88, 0.0180054
49.9479, 0.0180054
50.0175, 0.0180054
50.0888, 0.0180054
50.1619, 0.0180054
50.2368, 0.0180054
50.3136, 0.0180054
50.3924, 0.0180054
50.473, 0.0180054
50.5558, 0.0180054
50.6173, 0.0180054
50.6803, 0.0180054
50.7449, 0.0180054
50.8111, 0.0180054
50.8726, 0.0180054
50.9357, 0.0180054
50.9972, 0.0180054
51.0602, 0.0180054
51.1217, 0.0180054
51.1847, 0.0180054
51.2462, 0.0180054
51.3077, 0.0180054
51.3692, 0.0180054
51.4323, 0.0180054
51.4969, 0.0180054
51.5631, 0.0180054
51.631, 0.0180054
51.7006, 0.0180054
51.7719, 0.0180054
51.845, 0.0180054
51.92, 0.0180054
51.9968, 0.0180054
52.0583, 0.0180054
52.1213, 0.0180054
52.1828, 0.0180054
52.2443, 0.0180054
52.3073, 0.0180054
52.3719, 0.0180054
52.4382, 0.0180054
52.4997, 0.0180054
52.5627, 0.0180054
52.6242, 0.0180054
52.6873, 0.0180054
52.7519, 0.0180054
52.8181, 0.0180054
52.886, 0.0180054
52.9556, 0.0180054
53.0269, 0.0180054
53.0884, 0.0180054
53.1514, 0.0180054
53.216, 0.0180054
53.2823, 0.0180054
53.3501, 0.0180054
53.4197, 0.0180054
53.4812, 0.0180054
53.5443, 0.0180054
53.6089, 0.0180054
53.6751, 0.0180054
53.743, 0.0180054
53.8045, 0.0180054
53.8675, 0.0180054
53.929, 0.0180054
53.9921, 0.0180054
54.0567, 0.0180054
54.1229, 0.0180054
54.1844, 0.0180054
54.2474, 0.0180054
54.3121, 0.0180054
54.3783, 0.0180054
54.4398, 0.0180054
54.5013, 0.0180054
54.5643, 0.0180054
54.6258, 0.0180054
54.6889, 0.0180054
54.7535, 0.0180054
54.8197, 0.0180054
54.8876, 0.0180054
54.9572, 0.0180054
55.0285, 0.0180054
55.1016, 0.0180054
55.1765, 0.0180054
55.238, 0.0180054
55.2995, 0.0180054
55.361, 0.0180054
55.4241, 0.0180054
55.4887, 0.0180054
55.5549, 0.0180054
55.6164, 0.0180054
55.6794, 0.0180054
55.7441, 0.0180054
55.8103, 0.0180054
55.8718, 0.0180054
55.9348, 0.0180054
55.9963, 0.0180054
56.0594, 0.0180054
56.124, 0.0180054
56.1902, 0.0180054
56.2517, 0.0180054
56.3147, 0.0180054
56.3794, 0.0180054
56.4409, 0.0180054
56.5039, 0.0180054
56.5685, 0.0180054
56.6347, 0.0180054
56.6962, 0.0180054
56.7593, 0.0180054
56.8208, 0.0180054
56.8838, 0.0180054
56.9484, 0.0180054
57.0099, 0.0180054
57.073, 0.0180054
57.1376, 0.0180054
57.2038, 0.0180054
57.2653, 0.0180054
57.3283, 0.0180054
57.3898, 0.0180054
57.4513, 0.0180054
57.5128, 0.0180054
57.5759, 0.0180054
57.6405, 0.0180054
57.7067, 0.0180054
57.7746, 0.0180054
57.8442, 0.0180054
57.9155, 0.0180054
57.9886, 0.0180054
58.0501, 0.0180054
58.1131, 0.0180054
58.1746, 0.0180054
58.2377, 0.0180054
58.2992, 0.0180054
58.3622, 0.0180054
58.4268, 0.0180054
58.4931, 0.0180054
58.5546, 0.0180054
58.6176, 0.0180054
58.6791, 0.0180054
58.7421, 0.0180054
58.8036, 0.0180054
58.8667, 0.0180054
58.9282, 0.0180054
58.9912, 0.0180054
59.0527, 0.0180054
59.1158, 0.0180054
59.1773, 0.0180054
59.2403, 0.0180054
59.3018, 0.0180054
59.3648, 0.0180054
59.4294, 0.0180054
59.4957, 0.0180054
59.5572, 0.0180054
59.6202, 0.0180054
59.6848, 0.0180054
59.7511, 0.0180054
59.8126, 0.0180054
59.8756, 0.0180054
59.9402, 0.0180054
60.0064, 0.0180054
60.0743, 0.0180054
60.1358, 0.0180054
60.1989, 0.0180054
60.2604, 0.0180054
60.3234, 0.0180054
60.388, 0.0180054
60.4542, 0.0180054
60.5221, 0.0180054
60.5917, 0.0180054
60.663, 0.0180054
60.7361, 0.0180054
60.7976, 0.0180054
60.8607, 0.0180054
60.9253, 0.0180054
60.9868, 0.0180054
61.0498, 0.0180054
61.1144, 0.0180054
61.1807, 0.0180054
61.2422, 0.0180054
61.3052, 0.0180054
61.3698, 0.0180054
61.4313, 0.0180054
61.4943, 0.0180054
61.559, 0.0180054
61.6252, 0.0180054
61.6867, 0.0180054
61.7497, 0.0180054
61.8143, 0.0180054
61.8806, 0.0180054
61.9421, 0.0180054
62.0051, 0.0180054
62.0697, 0.0180054
62.1359, 0.0180054
62.1974, 0.0180054
62.2605, 0.0180054
62.3251, 0.0180054
62.3913, 0.0180054
62.4528, 0.0180054
62.5159, 0.0180054
62.5805, 0.0180054
62.6467, 0.0180054
62.7082, 0.0180054
62.7712, 0.0180054
62.8327, 0.0180054
62.8958, 0.0180054
62.9604, 0.0180054
63.0219, 0.0180054
63.0849, 0.0180054
63.1495, 0.0180054
63.2158, 0.0180054
63.2837, 0.0180054
63.3452, 0.0180054
63.4082, 0.0180054
63.4728, 0.0180054
63.5343, 0.0180054
63.5973, 0.0180054
63.662, 0.0180054
63.7282, 0.0180054
63.7897, 0.0180054
63.8527, 0.0180054
63.9173, 0.0180054
63.9836, 0.0180054
64.0451, 0.0180054
64.1081, 0.0180054
64.1696, 0.0180054
64.2326, 0.0180054
64.2941, 0.0180054
64.3572, 0.0180054
64.4218, 0.0180054
64.488, 0.0180054
64.5495, 0.0180054
64.6126, 0.0180054
64.6772, 0.0180054
64.7434, 0.0180054
64.8049, 0.0180054
64.8679, 0.0180054
64.9326, 0.0180054
64.9941, 0.0180054
65.0556, 0.0180054
65.1186, 0.0180054
65.1801, 0.0180054
65.2431, 0.0180054
65.3077, 0.0180054
65.374, 0.0180054
65.4419, 0.0180054
65.5114, 0.0180054
65.5828, 0.0180054
65.6559, 0.0180054
65.7308, 0.0180054
65.7923, 0.0180054
65.8553, 0.0180054
65.9168, 0.0180054
65.9799, 0.0180054
66.0445, 0.0180054
66.1107, 0.0180054
66.1722, 0.0180054
66.2352, 0.0180054
66.2999, 0.0180054
66.3661, 0.0180054
66.434, 0.0180054
66.5036, 0.0180054
66.5651, 0.0180054
66.6281, 0.0180054
66.6896, 0.0180054
66.7526, 0.0180054
66.8172, 0.0180054
66.8835, 0.0180054
66.9514, 0.0180054
67.0209, 0.0180054
67.0824, 0.0180054
67.1455, 0.0180054
67.2101, 0.0180054
67.2716, 0.0180054
67.3346, 0.0180054
67.3992, 0.0180054
67.4655, 0.0180054
67.5334, 0.0180054
67.5949, 0.0180054
67.6564, 0.0180054
67.7194, 0.0180054
67.7809, 0.0180054
67.8439, 0.0180054
67.9085, 0.0180054
67.9748, 0.0180054
68.0427, 0.0180054
68.1122, 0.0180054
68.1737, 0.0180054
68.2368, 0.0180054
68.3014, 0.0180054
68.3676, 0.0180054
68.4355, 0.0180054
68.5051, 0.0180054
68.5666, 0.0180054
68.6296, 0.0180054
68.6911, 0.0180054
68.7542, 0.0180054
68.8188, 0.0180054
68.885, 0.0180054
68.9529, 0.0180054
69.0225, 0.0180054
69.084, 0.0180054
69.147, 0.0180054
69.2116, 0.0180054
69.2778, 0.0180054
69.3393, 0.0180054
69.4024, 0.0180054
69.4639, 0.0180054
69.5254, 0.0180054
69.5884, 0.0180054
69.653, 0.0180054
69.7193, 0.0180054
69.7871, 0.0180054
69.8567, 0.0180054
69.928, 0.0180054
70.0012, 0.0180054
70.0761, 0.0180054
70.1376, 0.0180054
70.2006, 0.0180054
70.2652, 0.0180054
70.3267, 0.0180054
70.3882, 0.0180054
70.4513, 0.0180054
70.5159, 0.0180054
70.5774, 0.0180054
70.6389, 0.0180054
70.7019, 0.0180054
70.7665, 0.0180054
70.8328, 0.0180054
70.8943, 0.0180054
70.9573, 0.0180054
71.0219, 0.0180054
71.0881, 0.0180054
71.156, 0.0180054
71.2175, 0.0180054
71.2806, 0.0180054
71.3452, 0.0180054
71.4114, 0.0180054
71.4729, 0.0180054
71.5359, 0.0180054
71.6006, 0.0180054
71.6621, 0.0180054
71.7236, 0.0180054
71.7866, 0.0180054
71.8512, 0.0180054
71.9127, 0.0180054
71.9758, 0.0180054
72.0404, 0.0180054
72.1066, 0.0180054
72.1745, 0.0180054
72.236, 0.0180054
72.299, 0.0180054
72.3605, 0.0180054
72.422, 0.0180054
72.4851, 0.0180054
72.5497, 0.0180054
72.6112, 0.0180054
72.6742, 0.0180054
72.7357, 0.0180054
72.7987, 0.0180054
72.8634, 0.0180054
72.9249, 0.0180054
72.9879, 0.0180054
73.0525, 0.0180054
73.114, 0.0180054
73.177, 0.0180054
73.2417, 0.0180054
73.3079, 0.0180054
73.3694, 0.0180054
73.4324, 0.0180054
73.497, 0.0180054
73.5633, 0.0180054
73.6311, 0.0180054
73.6926, 0.0180054
73.7557, 0.0180054
73.8172, 0.0180054
73.8802, 0.0180054
73.9448, 0.0180054
74.0111, 0.0180054
74.079, 0.0180054
74.1485, 0.0180054
74.21, 0.0180054
74.2715, 0.0180054
74.3346, 0.0180054
74.3992, 0.0180054
74.4654, 0.0180054
74.5333, 0.0180054
74.5948, 0.0180054
74.6563, 0.0180054
74.7193, 0.0180054
74.7808, 0.0180054
74.8439, 0.0180054
74.9085, 0.0180054
74.9747, 0.0180054
75.0362, 0.0180054
75.0993, 0.0180054
75.1639, 0.0180054
75.2301, 0.0180054
75.2916, 0.0180054
75.3546, 0.0180054
75.4161, 0.0180054
75.4792, 0.0180054
75.5407, 0.0180054
75.6037, 0.0180054
75.6652, 0.0180054
75.7282, 0.0180054
75.7929, 0.0180054
75.8544, 0.0180054
75.9174, 0.0180054
75.982, 0.0180054
76.0482, 0.0180054
76.1097, 0.0180054
76.1728, 0.0180054
76.2374, 0.0180054
76.3036, 0.0180054
76.3651, 0.0180054
76.4282, 0.0180054
76.4897, 0.0180054
76.5527, 0.0180054
76.6173, 0.0180054
76.6835, 0.0180054
76.7514, 0.0180054
76.8129, 0.0180054
76.876, 0.0180054
76.9375, 0.0180054
77.0005, 0.0180054
77.0651, 0.0180054
77.1266, 0.0180054
77.1896, 0.0180054
77.2543, 0.0180054
77.3158, 0.0180054
77.3773, 0.0180054
77.4403, 0.0180054
77.5018, 0.0180054
77.5633, 0.0180054
77.6263, 0.0180054
77.6878, 0.0180054
77.7509, 0.0180054
77.8155, 0.0180054
77.877, 0.0180054
77.94, 0.0180054
78.0046, 0.0180054
78.0709, 0.0180054
78.1324, 0.0180054
78.1954, 0.0180054
78.26, 0.0180054
78.3262, 0.0180054
78.3941, 0.0180054
78.4637, 0.0180054
78.5252, 0.0180054
78.5882, 0.0180054
78.6529, 0.0180054
78.7144, 0.0180054
78.7774, 0.0180054
78.842, 0.0180054
78.9035, 0.0180054
78.965, 0.0180054
79.028, 0.0180054
79.0895, 0.0180054
79.1526, 0.0180054
79.2141, 0.0180054
79.2771, 0.0180054
79.3417, 0.0180054
79.4032, 0.0180054
79.4663, 0.0180054
79.5309, 0.0180054
79.5971, 0.0180054
79.6586, 0.0180054
79.7217, 0.0180054
79.7832, 0.0180054
79.8462, 0.0180054
79.9108, 0.0180054
79.9723, 0.0180054
80.0353, 0.0180054
80.1, 0.0180054
80.1662, 0.0180054
80.2341, 0.0180054
80.2956, 0.0180054
80.3586, 0.0180054
80.4232, 0.0180054
80.4894, 0.0180054
80.5509, 0.0180054
80.614, 0.0180054
80.6786, 0.0180054
80.7448, 0.0180054
80.8063, 0.0180054
80.8694, 0.0180054
80.934, 0.0180054
80.9955, 0.0180054
81.0585, 0.0180054
81.1231, 0.0180054
81.1894, 0.0180054
81.2572, 0.0180054
81.3268, 0.0180054
81.3981, 0.0180054
81.4713, 0.0180054
81.5462, 0.0180054
81.623, 0.0180054
81.7017, 0.0180054
81.7632, 0.0180054
81.8263, 0.0180054
81.8878, 0.0180054
81.9508, 0.0180054
82.0154, 0.0180054
82.0816, 0.0180054
82.1495, 0.0180054
82.2191, 0.0180054
82.2904, 0.0180054
82.3635, 0.0180054
82.4385, 0.0180054
82.5, 0.0180054
82.563, 0.0180054
82.6276, 0.0180054
82.6938, 0.0180054
82.7553, 0.0180054
82.8184, 0.0180054
82.883, 0.0180054
82.9492, 0.0180054
83.0107, 0.0180054
83.0737, 0.0180054
83.1352, 0.0180054
83.1983, 0.0180054
83.2629, 0.0180054
83.3244, 0.0180054
83.3874, 0.0180054
83.4521, 0.0180054
83.5136, 0.0180054
83.5766, 0.0180054
83.6381, 0.0180054
83.7011, 0.0180054
83.7626, 0.0180054
83.8257, 0.0180054
83.8903, 0.0180054
83.9518, 0.0180054
84.0148, 0.0180054
84.0794, 0.0180054
84.1409, 0.0180054
84.204, 0.0180054
84.2655, 0.0180054
84.3285, 0.0180054
84.3931, 0.0180054
84.4546, 0.0180054
84.5177, 0.0180054
84.5823, 0.0180054
84.6485, 0.0180054
84.71, 0.0180054
84.773, 0.0180054
84.8376, 0.0180054
84.9039, 0.0180054
84.9654, 0.0180054
85.0284, 0.0180054
85.0899, 0.0180054
85.153, 0.0180054
85.2176, 0.0180054
85.2791, 0.0180054
85.3421, 0.0180054
85.4036, 0.0180054
85.4666, 0.0180054
85.5281, 0.0180054
85.5912, 0.0180054
85.6527, 0.0180054
85.7157, 0.0180054
85.7772, 0.0180054
85.8403, 0.0180054
85.9049, 0.0180054
85.9711, 0.0180054
86.0326, 0.0180054
86.0956, 0.0180054
86.1602, 0.0180054
86.2217, 0.0180054
86.2848, 0.0180054
86.3494, 0.0180054
86.4109, 0.0180054
86.4739, 0.0180054
86.5385, 0.0180054
86.6048, 0.0180054
86.6727, 0.0180054
86.7422, 0.0180054
86.8136, 0.0180054
86.8751, 0.0180054
86.9381, 0.0180054
87.0027, 0.0180054
87.0689, 0.0180054
87.1368, 0.0180054
87.1983, 0.0180054
87.2614, 0.0180054
87.326, 0.0180054
87.3922, 0.0180054
87.4537, 0.0180054
87.5167, 0.0180054
87.5782, 0.0180054
87.6413, 0.0180054
87.7059, 0.0180054
87.7674, 0.0180054
87.8304, 0.0180054
87.895, 0.0180054
87.9565, 0.0180054
88.0196, 0.0180054
88.0842, 0.0180054
88.1504, 0.0180054
88.2119, 0.0180054
88.275, 0.0180054
88.3365, 0.0180054
88.3995, 0.0180054
88.4641, 0.0180054
88.5303, 0.0180054
88.5982, 0.0180054
88.6597, 0.0180054
88.7228, 0.0180054
88.7874, 0.0180054
88.8536, 0.0180054
88.9151, 0.0180054
88.9781, 0.0180054
89.0428, 0.0180054
89.109, 0.0180054
89.1705, 0.0180054
89.2335, 0.0180054
89.2981, 0.0180054
89.3644, 0.0180054
89.4259, 0.0180054
89.4889, 0.0180054
89.5504, 0.0180054
89.6134, 0.0180054
89.6781, 0.0180054
89.7443, 0.0180054
89.8058, 0.0180054
89.8688, 0.0180054
89.9303, 0.0180054
89.9934, 0.0180054
90.058, 0.0180054
90.1242, 0.0180054
90.1921, 0.0180054
90.2617, 0.0180054
90.3232, 0.0180054
90.3862, 0.0180054
90.4508, 0.0180054
90.5123, 0.0180054
90.5754, 0.0180054
90.6369, 0.0180054
90.6999, 0.0180054
90.7614, 0.0180054
90.8244, 0.0180054
90.889, 0.0180054
90.9553, 0.0180054
91.0168, 0.0180054
91.0798, 0.0180054
91.1444, 0.0180054
91.2059, 0.0180054
91.2674, 0.0180054
91.3305, 0.0180054
91.3951, 0.0180054
91.4613, 0.0180054
91.5292, 0.0180054
91.5907, 0.0180054
91.6537, 0.0180054
91.7183, 0.0180054
91.7798, 0.0180054
91.8413, 0.0180054
91.9044, 0.0180054
91.969, 0.0180054
92.0352, 0.0180054
92.0967, 0.0180054
92.1598, 0.0180054
92.2213, 0.0180054
92.2843, 0.0180054
92.3458, 0.0180054
92.4073, 0.0180054
92.4703, 0.0180054
92.5349, 0.0180054
92.6012, 0.0180054
92.6691, 0.0180054
92.7386, 0.0180054
92.81, 0.0180054
92.8831, 0.0180054
92.958, 0.0180054
93.0348, 0.0180054
93.1135, 0.0180054
93.1942, 0.0180054
93.2769, 0.0180054
93.3384, 0.0180054
93.4015, 0.0180054
93.4661, 0.0180054
93.5323, 0.0180054
93.6002, 0.0180054
93.6698, 0.0180054
93.7313, 0.0180054
93.7943, 0.0180054
93.8558, 0.0180054
93.9173, 0.0180054
93.9804, 0.0180054
94.0419, 0.0180054
94.1049, 0.0180054
94.1664, 0.0180054
94.2294, 0.0180054
94.294, 0.0180054
94.3555, 0.0180054
94.417, 0.0180054
94.4801, 0.0180054
94.5447, 0.0180054
94.6109, 0.0180054
94.6788, 0.0180054
94.7484, 0.0180054
94.8197, 0.0180054
94.8928, 0.0180054
94.9677, 0.0180054
95.0445, 0.0180054
95.106, 0.0180054
95.1691, 0.0180054
95.2337, 0.0180054
95.2952, 0.0180054
95.3582, 0.0180054
95.4197, 0.0180054
95.4828, 0.0180054
95.5474, 0.0180054
95.6136, 0.0180054
95.6751, 0.0180054
95.7382, 0.0180054
95.7997, 0.0180054
95.8627, 0.0180054
95.9273, 0.0180054
95.9935, 0.0180054
96.055, 0.0180054
96.1181, 0.0180054
96.1827, 0.0180054
96.2442, 0.0180054
96.3057, 0.0180054
96.3687, 0.0180054
96.4333, 0.0180054
96.4996, 0.0180054
96.5674, 0.0180054
96.637, 0.0180054
96.7084, 0.0180054
96.7815, 0.0180054
96.8564, 0.0180054
96.9332, 0.0180054
96.9947, 0.0180054
97.0577, 0.0180054
97.1223, 0.0180054
97.1886, 0.0180054
97.2501, 0.0180054
97.3131, 0.0180054
97.3777, 0.0180054
97.4392, 0.0180054
97.5023, 0.0180054
97.5669, 0.0180054
97.6284, 0.0180054
97.6899, 0.0180054
97.7529, 0.0180054
97.8175, 0.0180054
97.879, 0.0180054
97.9421, 0.0180054
98.0067, 0.0180054
98.0729, 0.0180054
98.1344, 0.0180054
98.1974, 0.0180054
98.2621, 0.0180054
98.3236, 0.0180054
98.3866, 0.0180054
98.4481, 0.0180054
98.5111, 0.0180054
98.5757, 0.0180054
98.6372, 0.0180054
98.7003, 0.0180054
98.7618, 0.0180054
98.8248, 0.0180054
98.8894, 0.0180054
98.9557, 0.0180054
99.0235, 0.0180054
99.085, 0.0180054
99.1481, 0.0180054
99.2127, 0.0180054
99.2742, 0.0180054
99.3372, 0.0180054
99.4018, 0.0180054
99.4633, 0.0180054
99.5264, 0.0180054
99.5879, 0.0180054
99.6494, 0.0180054
99.7124, 0.0180054
99.777, 0.0180054
99.8433, 0.0180054
99.9111, 0.0180054
99.9807, 0.0180054
100.042, 0.0180054
100.105, 0.0180054
100.17, 0.0180054
100.231, 0.0180054
100.294, 0.0180054
100.356, 0.0180054
100.419, 0.0180054
100.484, 0.0180054
100.55, 0.0180054
100.618, 0.0180054
100.679, 0.0180054
100.742, 0.0180054
100.807, 0.0180054
100.873, 0.0180054
100.935, 0.0180054
100.998, 0.0180054
101.059, 0.0180054
101.122, 0.0180054
101.187, 0.0180054
101.253, 0.0180054
101.321, 0.0180054
101.39, 0.0180054
101.452, 0.0180054
101.515, 0.0180054
101.58, 0.0180054
101.641, 0.0180054
101.704, 0.0180054
101.769, 0.0180054
101.835, 0.0180054
101.896, 0.0180054
101.96, 0.0180054
102.024, 0.0180054
102.09, 0.0180054
102.158, 0.0179749
102.22, 0.0179749
102.283, 0.0179749
102.347, 0.0179749
102.409, 0.0179749
102.472, 0.0179749
102.537, 0.0179749
102.603, 0.0179749
102.664, 0.0179749
102.727, 0.0179749
102.792, 0.0179749
102.858, 0.0179749
102.926, 0.0179749
102.996, 0.0179749
103.067, 0.0179749
103.14, 0.0179749
103.215, 0.0179749
103.276, 0.0179749
103.34, 0.0179749
103.401, 0.0179749
103.464, 0.0179749
103.529, 0.0179749
103.595, 0.0179749
103.663, 0.0179749
103.724, 0.0179749
103.787, 0.0179749
103.849, 0.0179749
103.912, 0.0179749
103.976, 0.0179749
104.043, 0.0179749
104.104, 0.0179749
104.167, 0.0179749
104.229, 0.0179749
104.292, 0.0179749
104.356, 0.0179749
104.423, 0.0179749
104.49, 0.0179749
104.56, 0.0179749
104.631, 0.0179749
104.705, 0.0179749
104.779, 0.0179749
104.856, 0.0179749
104.918, 0.0179749
104.981, 0.0179749
105.045, 0.0179749
105.112, 0.0179749
105.18, 0.0179749
105.249, 0.0179749
105.32, 0.0179749
105.394, 0.0179749
105.455, 0.0179749
105.518, 0.0179749
105.583, 0.0179749
105.649, 0.0179749
105.717, 0.0179749
105.778, 0.0179749
105.841, 0.0179749
105.906, 0.0179749
105.972, 0.0179749
106.034, 0.0179749
106.097, 0.0179749
106.158, 0.0179749
106.221, 0.0179749
106.286, 0.0179749
106.347, 0.0179749
106.41, 0.0179749
106.475, 0.0179749
106.541, 0.0179749
106.603, 0.0179749
106.666, 0.0179749
106.73, 0.0179749
106.797, 0.0179749
106.864, 0.0179749
106.926, 0.0179749
106.989, 0.0179749
107.051, 0.0179749
107.114, 0.0179749
107.178, 0.0179749
107.244, 0.0179749
107.312, 0.0179749
107.374, 0.0179749
107.437, 0.0179749
107.501, 0.0179749
107.568, 0.0179749
107.629, 0.0179749
107.692, 0.0179749
107.757, 0.0179749
107.823, 0.0179749
107.885, 0.0179749
107.948, 0.0179749
108.012, 0.0179749
108.074, 0.0179749
108.137, 0.0179749
108.201, 0.0179749
108.268, 0.0179749
108.335, 0.0179749
108.405, 0.0179749
108.467, 0.0179749
108.53, 0.0179749
108.594, 0.0179749
108.656, 0.0179749
108.719, 0.0179749
108.783, 0.0179749
108.85, 0.0179749
108.917, 0.0179749
108.987, 0.0179749
109.049, 0.0179749
109.112, 0.0179749
109.176, 0.0179749
109.242, 0.0179749
109.31, 0.0179749
109.372, 0.0179749
109.435, 0.0179749
109.499, 0.0179749
109.566, 0.0179749
109.634, 0.0179749
109.703, 0.0179749
109.774, 0.0179749
109.848, 0.0179749
109.923, 0.0179749
109.999, 0.0179749
110.078, 0.0179749
110.159, 0.0179749
110.241, 0.0179749
110.303, 0.0179749
110.366, 0.0179749
110.431, 0.0179749
110.497, 0.0179749
110.565, 0.0179749
110.634, 0.0179749
110.706, 0.0179749
110.779, 0.0179749
110.854, 0.0179749
110.93, 0.0179749
111.009, 0.0179749
111.09, 0.0179749
111.151, 0.0179749
111.214, 0.0179749
111.279, 0.0179749
111.341, 0.0179749
111.404, 0.0179749
111.468, 0.0179749
111.53, 0.0179749
111.593, 0.0179749
111.657, 0.0179749
111.719, 0.0179749
111.782, 0.0179749
111.843, 0.0179749
111.906, 0.0179749
111.971, 0.0179749
112.037, 0.0179749
112.099, 0.0179749
112.162, 0.0179749
112.223, 0.0179749
112.286, 0.0179749
112.351, 0.0179749
112.417, 0.0179749
112.479, 0.0179749
112.542, 0.0179749
112.603, 0.0179749
112.666, 0.0179749
112.728, 0.0179749
112.791, 0.0179749
112.852, 0.0179749
112.915, 0.0179749
112.98, 0.0179749
113.046, 0.0179749
113.108, 0.0179749
113.169, 0.0179749
113.232, 0.0179749
113.297, 0.0179749
113.363, 0.0179749
113.431, 0.0179749
113.492, 0.0179749
113.555, 0.0179749
113.62, 0.0179749
113.686, 0.0179749
113.748, 0.0179749
113.811, 0.0179749
113.872, 0.0179749
113.935, 0.0179749
113.997, 0.0179749
114.06, 0.0179749
114.121, 0.0179749
114.184, 0.0179749
114.249, 0.0179749
114.315, 0.0179749
114.383, 0.0179749
114.445, 0.0179749
114.508, 0.0179749
114.572, 0.0179749
114.634, 0.0179749
114.697, 0.0179749
114.761, 0.0179749
114.823, 0.0179749
114.886, 0.0179749
114.951, 0.0179749
115.017, 0.0179749
115.078, 0.0179749
115.141, 0.0179749
115.206, 0.0179749
115.272, 0.0179749
115.334, 0.0179749
115.397, 0.0179749
115.461, 0.0179749
115.528, 0.0179749
115.589, 0.0179749
115.652, 0.0179749
115.717, 0.0179749
115.783, 0.0179749
115.851, 0.0179749
115.92, 0.0179749
115.992, 0.0179749
116.065, 0.0179749
116.126, 0.0179749
116.189, 0.0179749
116.251, 0.0179749
116.312, 0.0179749
116.374, 0.0179749
116.437, 0.0179749
116.502, 0.0179749
116.563, 0.0179749
116.625, 0.0179749
116.688, 0.0179749
116.752, 0.0179749
116.814, 0.0179749
116.877, 0.0179749
116.941, 0.0179749
117.008, 0.0179749
117.075, 0.0179749
117.145, 0.0179749
117.207, 0.0179749
117.27, 0.0179749
117.334, 0.0179749
117.4, 0.0179749
117.468, 0.0179749
117.53, 0.0179749
117.593, 0.0179749
117.657, 0.0179749
117.724, 0.0179749
117.792, 0.0179749
117.861, 0.0179749
117.923, 0.0179749
117.986, 0.0179749
118.047, 0.0179749
118.109, 0.0179749
118.172, 0.0179749
118.236, 0.0179749
118.303, 0.0179749
118.37, 0.0179749
118.44, 0.0179749
118.511, 0.0179749
118.584, 0.0179749
118.646, 0.0179749
118.709, 0.0179749
118.771, 0.0179749
118.834, 0.0179749
118.898, 0.0179749
118.964, 0.0179749
119.032, 0.0179749
119.094, 0.0179749
119.157, 0.0179749
119.221, 0.0179749
119.288, 0.0179749
119.356, 0.0179749
119.417, 0.0179749
119.48, 0.0179749
119.542, 0.0179749
119.605, 0.0179749
119.666, 0.0179749
119.729, 0.0179749
119.791, 0.0179749
119.854, 0.0179749
119.918, 0.0179749
119.985, 0.0179749
120.052, 0.0179749
120.122, 0.0179749
120.193, 0.0179749
120.266, 0.0179749
120.341, 0.0179749
120.403, 0.0179749
120.466, 0.0179749
120.531, 0.0179749
120.592, 0.0179749
120.655, 0.0179749
120.72, 0.0179749
120.781, 0.0179749
120.844, 0.0179749
120.909, 0.0179749
120.975, 0.0179749
121.037, 0.0179749
121.1, 0.0179749
121.164, 0.0179749
121.226, 0.0179749
121.287, 0.0179749
121.35, 0.0179749
121.415, 0.0179749
121.476, 0.0179749
121.539, 0.0179749
121.604, 0.0179749
121.666, 0.0179749
121.727, 0.0179749
121.79, 0.0179749
121.855, 0.0179749
121.916, 0.0179749
121.978, 0.0179749
122.041, 0.0179749
122.102, 0.0179749
122.165, 0.0179749
122.227, 0.0179749
122.29, 0.0179749
122.354, 0.0179749
122.421, 0.0179749
122.482, 0.0179749
122.545, 0.0179749
122.607, 0.0179749
122.67, 0.0179749
122.734, 0.0179749
122.796, 0.0179749
122.859, 0.0179749
122.92, 0.0179749
122.983, 0.0179749
123.048, 0.0179749
123.114, 0.0179749
123.182, 0.0179749
123.244, 0.0179749
123.305, 0.0179749
123.368, 0.0179749
123.433, 0.0179749
123.499, 0.0179749
123.56, 0.0179749
123.624, 0.0179749
123.688, 0.0179749
123.75, 0.0179749
123.813, 0.0179749
123.877, 0.0179749
123.944, 0.0179749
124.005, 0.0179749
124.068, 0.0179749
124.13, 0.0179749
124.193, 0.0179749
124.257, 0.0179749
124.319, 0.0179749
124.382, 0.0179749
124.446, 0.0179749
124.513, 0.0179749
124.58, 0.0179749
124.65, 0.0179749
124.721, 0.0179749
124.794, 0.0179749
124.869, 0.0179749
124.946, 0.0179749
125.025, 0.0179749
125.086, 0.0179749
125.149, 0.0179749
125.214, 0.0179749
125.28, 0.0179749
125.342, 0.0179749
125.405, 0.0179749
125.469, 0.0179749
125.536, 0.0179749
125.604, 0.0179749
125.673, 0.0179749
125.735, 0.0179749
125.798, 0.0179749
125.862, 0.0179749
125.929, 0.0179749
125.99, 0.0179749
126.053, 0.0179749
126.118, 0.0179749
126.184, 0.0179749
126.252, 0.0179749
126.313, 0.0179749
126.376, 0.0179749
126.438, 0.0179749
126.501, 0.0179749
126.565, 0.0179749
126.627, 0.0179749
126.69, 0.0179749
126.755, 0.0179749
126.821, 0.0179749
126.882, 0.0179749
126.945, 0.0179749
127.01, 0.0179749
127.072, 0.0179749
127.135, 0.0179749
127.199, 0.0179749
127.261, 0.0179749
127.322, 0.0179749
127.385, 0.0179749
127.45, 0.0179749
127.516, 0.0179749
127.578, 0.0179749
127.641, 0.0179749
127.705, 0.0179749
127.771, 0.0179749
127.833, 0.0179749
127.896, 0.0179749
127.961, 0.0179749
128.027, 0.0179749
128.088, 0.0179749
128.151, 0.0179749
128.216, 0.0179749
128.277, 0.0179749
128.34, 0.0179749
128.405, 0.0179749
128.471, 0.0179749
128.533, 0.0179749
128.596, 0.0179749
128.66, 0.0179749
128.727, 0.0179749
128.795, 0.0179749
128.864, 0.0179749
128.926, 0.0179749
128.989, 0.0179749
129.05, 0.0179749
129.113, 0.0179749
129.178, 0.0179749
129.239, 0.0179749
129.302, 0.0179749
129.364, 0.0179749
129.427, 0.0179749
129.492, 0.0179749
129.558, 0.0179749
129.619, 0.0179749
129.682, 0.0179749
129.744, 0.0179749
129.807, 0.0179749
129.868, 0.0179749
129.931, 0.0179749
129.993, 0.0179749
130.056, 0.0179749
130.121, 0.0179749
130.182, 0.0179749
130.245, 0.0179749
130.307, 0.0179749
130.37, 0.0179749
130.434, 0.0179749
130.496, 0.0179749
130.559, 0.0179749
130.62, 0.0179749
130.683, 0.0179749
130.745, 0.0179749
130.808, 0.0179749
130.872, 0.0179749
130.939, 0.0179749
131, 0.0179749
131.063, 0.0179749
131.125, 0.0179749
131.188, 0.0179749
131.249, 0.0179749
131.312, 0.0179749
131.374, 0.0179749
131.437, 0.0179749
131.498, 0.0179749
131.561, 0.0179749
131.626, 0.0179749
131.692, 0.0179749
131.754, 0.0179749
131.817, 0.0179749
131.878, 0.0179749
131.941, 0.0179749
132.006, 0.0179749
132.072, 0.0179749
132.14, 0.0179749
132.21, 0.0179749
132.271, 0.0179749
132.334, 0.0179749
132.396, 0.0179749
132.459, 0.0179749
132.52, 0.0179749
132.583, 0.0179749
132.645, 0.0179749
132.708, 0.0179749
132.772, 0.0179749
132.834, 0.0179749
132.897, 0.0179749
132.962, 0.0179749
133.028, 0.0179749
133.096, 0.0179749
133.157, 0.0179749
133.22, 0.0179749
133.282, 0.0179749
133.345, 0.0179749
133.409, 0.0179749
133.476, 0.0179749
133.543, 0.0179749
133.605, 0.0179749
133.666, 0.0179749
133.729, 0.0179749
133.791, 0.0179749
133.854, 0.0179749
133.919, 0.0179749
133.985, 0.0179749
134.046, 0.0179749
134.108, 0.0179749
134.171, 0.0179749
134.236, 0.0179749
134.297, 0.0179749
134.36, 0.0179749
134.425, 0.0179749
134.491, 0.0179749
134.552, 0.0179749
134.615, 0.0179749
134.677, 0.0179749
134.74, 0.0179749
134.801, 0.0179749
134.864, 0.0179749
134.926, 0.0179749
134.989, 0.0179749
135.054, 0.0179749
135.12, 0.0179749
135.188, 0.0179749
135.249, 0.0179749
135.312, 0.0179749
135.377, 0.0179749
135.438, 0.0179749
135.501, 0.0179749
135.566, 0.0179749
135.632, 0.0179749
135.7, 0.0179749
135.762, 0.0179749
135.825, 0.0179749
135.889, 0.0179749
135.956, 0.0179749
136.017, 0.0179749
136.08, 0.0179749
136.145, 0.0179749
136.206, 0.0179749
136.269, 0.0179749
136.334, 0.0179749
136.4, 0.0179749
136.468, 0.0179749
136.538, 0.0179749
136.609, 0.0179749
136.67, 0.0179749
136.733, 0.0179749
136.798, 0.0179749
136.864, 0.0179749
136.926, 0.0179749
136.989, 0.0179749
137.05, 0.0179749
137.113, 0.0179749
137.175, 0.0179749
137.238, 0.0179749
137.302, 0.0179749
137.364, 0.0179749
137.427, 0.0179749
137.492, 0.0179749
137.558, 0.0179749
137.626, 0.0179749
137.695, 0.0179749
137.757, 0.0179749
137.82, 0.0179749
137.881, 0.0179749
137.944, 0.0179749
138.009, 0.0179749
138.075, 0.0179749
138.143, 0.0179749
138.213, 0.0179749
138.284, 0.0179749
138.357, 0.0179749
138.432, 0.0179749
138.494, 0.0179749
138.557, 0.0179749
138.618, 0.0179749
138.681, 0.0179749
138.743, 0.0179749
138.806, 0.0179749
138.867, 0.0179749
138.93, 0.0179749
138.992, 0.0179749
139.055, 0.0179749
139.119, 0.0179749
139.186, 0.0179749
139.253, 0.0179749
139.323, 0.0179749
139.385, 0.0179749
139.448, 0.0179749
139.512, 0.0179749
139.578, 0.0179749
139.646, 0.0179749
139.716, 0.0179749
139.777, 0.0179749
139.84, 0.0179749
139.902, 0.0179749
139.965, 0.0179749
140.03, 0.0179749
140.091, 0.0179749
140.154, 0.0179749
140.216, 0.0179749
140.279, 0.0179749
140.34, 0.0179749
140.403, 0.0179749
140.468, 0.0179749
140.534, 0.0179749
140.602, 0.0179749
140.663, 0.0179749
140.725, 0.0179749
140.788, 0.0179749
140.849, 0.0179749
140.913, 0.0179749
140.977, 0.0179749
141.043, 0.0179749
141.105, 0.0179749
141.168, 0.0179749
141.233, 0.0179749
141.294, 0.0179749
141.357, 0.0179749
141.422, 0.0179749
141.483, 0.0179749
141.546, 0.0179749
141.608, 0.0179749
141.671, 0.0179749
141.735, 0.0179749
141.802, 0.0179749
141.869, 0.0179749
141.939, 0.0179749
142.01, 0.0179749
142.072, 0.0179749
142.135, 0.0179749
142.2, 0.0179749
142.261, 0.0179749
142.324, 0.0179749
142.389, 0.0179749
142.455, 0.0179749
142.523, 0.0179749
142.592, 0.0179749
142.664, 0.0179749
142.737, 0.0179749
142.812, 0.0179749
142.889, 0.0179749
142.967, 0.0179749
143.029, 0.0179749
143.092, 0.0179749
143.156, 0.0179749
143.223, 0.0179749
143.284, 0.0179749
143.347, 0.0179749
143.412, 0.0179749
143.473, 0.0179749
143.535, 0.0179749
143.598, 0.0179749
143.659, 0.0179749
143.722, 0.0179749
143.787, 0.0179749
143.853, 0.0179749
143.915, 0.0179749
143.978, 0.0179749
144.042, 0.0179749
144.109, 0.0179749
144.17, 0.0179749
144.233, 0.0179749
144.295, 0.0179749
144.358, 0.0179749
144.422, 0.0179749
144.484, 0.0179749
144.547, 0.0179749
144.611, 0.0179749
144.673, 0.0179749
144.736, 0.0179749
144.801, 0.0179749
144.867, 0.0179749
144.935, 0.0179749
145.004, 0.0179749
145.076, 0.0179749
145.137, 0.0179749
145.199, 0.0179749
145.262, 0.0179749
145.323, 0.0179749
145.386, 0.0179749
145.451, 0.0179749
145.517, 0.0179749
145.585, 0.0179749
145.654, 0.0179749
145.726, 0.0179749
145.787, 0.0179749
145.85, 0.0179749
145.915, 0.0179749
145.976, 0.0179749
146.039, 0.0179749
146.101, 0.0179749
146.164, 0.0179749
146.226, 0.0179749
146.289, 0.0179749
146.353, 0.0179749
146.419, 0.0179749
146.481, 0.0179749
146.544, 0.0179749
146.605, 0.0179749
146.668, 0.0179749
146.733, 0.0179749
146.799, 0.0179749
146.867, 0.0179749
146.929, 0.0179749
146.992, 0.0179749
147.056, 0.0179749
147.123, 0.0179749
147.184, 0.0179749
147.247, 0.0179749
147.312, 0.0179749
147.378, 0.0179749
147.439, 0.0179749
147.501, 0.0179749
147.564, 0.0179749
147.629, 0.0179749
147.69, 0.0179749
147.752, 0.0179749
147.815, 0.0179749
147.876, 0.0179749
147.939, 0.0179749
148.004, 0.0179749
148.07, 0.0179749
148.138, 0.0179749
148.207, 0.0179749
148.269, 0.0179749
148.332, 0.0179749
148.397, 0.0179749
148.463, 0.0179749
148.524, 0.0179749
148.587, 0.0179749
148.649, 0.0179749
148.712, 0.0179749
148.773, 0.0179749
148.836, 0.0179749
148.898, 0.0179749
148.961, 0.0179749
149.026, 0.0179749
149.087, 0.0179749
149.15, 0.0179749
149.215, 0.0179749
149.281, 0.0179749
149.343, 0.0179749
149.404, 0.0179749
149.467, 0.0179749
149.532, 0.0179749
149.598, 0.0179749
149.666, 0.0179749
149.727, 0.0179749
149.79, 0.0179749
149.855, 0.0179749
149.916, 0.0179749
149.979, 0.0179749
150.044, 0.0179749
150.11, 0.0179749
150.178, 0.0179749
150.24, 0.0179749
150.303, 0.0179749
150.367, 0.0179749
150.429, 0.0179749
150.492, 0.0179749
150.553, 0.0179749
150.616, 0.0179749
150.678, 0.0179749
150.741, 0.0179749
150.806, 0.0179443
150.872, 0.0179443
150.933, 0.0179443
150.996, 0.0179443
151.061, 0.0179443
151.127, 0.0179443
151.195, 0.0179443
151.265, 0.0179443
151.326, 0.0179443
151.389, 0.0179443
151.451, 0.0179443
151.514, 0.0179443
151.575, 0.0179443
151.638, 0.0179443
151.7, 0.0179443
151.763, 0.0179443
151.827, 0.0179443
151.894, 0.0179443
151.962, 0.0179443
152.031, 0.0179443
152.102, 0.0179443
152.176, 0.0179443
152.237, 0.0179443
152.3, 0.0179443
152.362, 0.0179443
152.425, 0.0179443
152.489, 0.0179443
152.555, 0.0179443
152.617, 0.0179443
152.678, 0.0179443
152.741, 0.0179443
152.806, 0.0179443
152.872, 0.0179443
152.94, 0.0179443
153.002, 0.0179443
153.065, 0.0179443
153.129, 0.0179443
153.196, 0.0179443
153.263, 0.0179443
153.333, 0.0179443
153.395, 0.0179443
153.456, 0.0179443
153.519, 0.0179443
153.581, 0.0179443
153.642, 0.0179443
153.705, 0.0179443
153.77, 0.0179443
153.831, 0.0179443
153.894, 0.0179443
153.959, 0.0179443
154.025, 0.0179443
154.087, 0.0179443
154.148, 0.0179443
154.211, 0.0179443
154.276, 0.0179443
154.342, 0.0179443
154.403, 0.0179443
154.467, 0.0179443
154.531, 0.0179443
154.597, 0.0179443
154.659, 0.0179443
154.722, 0.0179443
154.787, 0.0179443
154.853, 0.0179443
154.921, 0.0179443
154.99, 0.0179443
155.062, 0.0179443
155.123, 0.0179443
155.186, 0.0179443
155.251, 0.0179443
155.317, 0.0179443
155.378, 0.0179443
155.441, 0.0179443
155.503, 0.0179443
155.566, 0.0179443
155.631, 0.0179443
155.697, 0.0179443
155.758, 0.0179443
155.821, 0.0179443
155.883, 0.0179443
155.946, 0.0179443
156.011, 0.0179443
156.072, 0.0179443
156.135, 0.0179443
156.197, 0.0179443
156.26, 0.0179443
156.324, 0.0179443
156.39, 0.0179443
156.452, 0.0179443
156.515, 0.0179443
156.58, 0.0179443
156.646, 0.0179443
156.714, 0.0179443
156.783, 0.0179443
156.845, 0.0179443
156.908, 0.0179443
156.972, 0.0179443
157.034, 0.0179443
157.097, 0.0179443
157.162, 0.0179443
157.223, 0.0179443
157.286, 0.0179443
157.348, 0.0179443
157.411, 0.0179443
157.475, 0.0179443
157.542, 0.0179443
157.609, 0.0179443
157.679, 0.0179443
157.75, 0.0179443
157.823, 0.0179443
157.885, 0.0179443
157.946, 0.0179443
158.009, 0.0179443
158.071, 0.0179443
158.134, 0.0179443
158.199, 0.0179443
158.26, 0.0179443
158.323, 0.0179443
158.388, 0.0179443
158.454, 0.0179443
158.522, 0.0179443
158.583, 0.0179443
158.646, 0.0179443
158.711, 0.0179443
158.773, 0.0179443
158.836, 0.0179443
158.9, 0.0179443
158.962, 0.0179443
159.025, 0.0179443
159.089, 0.0179443
159.156, 0.0179443
159.223, 0.0179443
159.293, 0.0179443
159.364, 0.0179443
159.437, 0.0179443
159.499, 0.0179443
159.562, 0.0179443
159.627, 0.0179443
159.693, 0.0179443
159.761, 0.0179443
159.822, 0.0179443
159.885, 0.0179443
159.947, 0.0179443
160.01, 0.0179443
160.074, 0.0179443
160.141, 0.0179443
160.208, 0.0179443
160.278, 0.0179443
160.349, 0.0179443
160.411, 0.0179443
160.474, 0.0179443
160.539, 0.0179443
160.6, 0.0179443
160.663, 0.0179443
160.725, 0.0179443
160.786, 0.0179443
160.849, 0.0179443
160.914, 0.0179443
160.975, 0.0179443
161.038, 0.0179443
161.1, 0.0179443
161.163, 0.0179443
161.227, 0.0179443
161.289, 0.0179443
161.352, 0.0179443
161.413, 0.0179443
161.476, 0.0179443
161.538, 0.0179443
161.601, 0.0179443
161.666, 0.0179443
161.732, 0.0179443
161.793, 0.0179443
161.856, 0.0179443
161.918, 0.0179443
161.981, 0.0179443
162.046, 0.0179443
162.112, 0.0179443
162.18, 0.0179443
162.241, 0.0179443
162.303, 0.0179443
162.366, 0.0179443
162.427, 0.0179443
162.49, 0.0179443
162.552, 0.0179443
162.615, 0.0179443
162.679, 0.0179443
162.746, 0.0179443
162.814, 0.0179443
162.875, 0.0179443
162.938, 0.0179443
163, 0.0179443
163.061, 0.0179443
163.124, 0.0179443
163.189, 0.0179443
163.255, 0.0179443
163.323, 0.0179443
163.384, 0.0179443
163.446, 0.0179443
163.509, 0.0179443
163.573, 0.0179443
163.64, 0.0179443
163.701, 0.0179443
163.764, 0.0179443
163.826, 0.0179443
163.889, 0.0179443
163.953, 0.0179443
164.02, 0.0179443
164.081, 0.0179443
164.144, 0.0179443
164.209, 0.0179443
164.27, 0.0179443
164.333, 0.0179443
164.395, 0.0179443
164.458, 0.0179443
164.522, 0.0179138
164.584, 0.0179138
164.647, 0.0179138
164.708, 0.0179138
164.772, 0.0179138
164.833, 0.0179138
164.896, 0.0179138
164.961, 0.0179138
165.027, 0.0179138
165.088, 0.0179138
165.151, 0.0179138
165.216, 0.0179138
165.278, 0.0179138
165.339, 0.0179138
165.402, 0.0179138
165.467, 0.0179138
165.528, 0.0179138
165.591, 0.0179138
165.656, 0.0179138
165.722, 0.0179138
165.79, 0.0179138
165.86, 0.0179138
165.921, 0.0179138
165.984, 0.0179138
166.049, 0.0179138
166.115, 0.0179138
166.176, 0.0179138
166.239, 0.0179138
166.301, 0.0179138
166.364, 0.0179138
166.429, 0.0179138
166.495, 0.0179138
166.556, 0.0179138
166.619, 0.0179138
166.684, 0.0179138
166.75, 0.0179138
166.818, 0.0179138
166.888, 0.0179138
166.949, 0.0179138
167.012, 0.0179138
167.074, 0.0179138
167.135, 0.0179138
167.198, 0.0179138
167.26, 0.0179138
167.323, 0.0179138
167.387, 0.0179138
167.454, 0.0179138
167.515, 0.0179138
167.578, 0.0179138
167.643, 0.0179138
167.709, 0.0179138
167.771, 0.0179138
167.834, 0.0179138
167.898, 0.0179138
167.96, 0.0179138
168.023, 0.0179138
168.087, 0.0179138
168.154, 0.0179138
168.215, 0.0179138
168.278, 0.0179138
168.34, 0.0179138
168.403, 0.0179138
168.467, 0.0179138
168.533, 0.0179138
168.595, 0.0179138
168.658, 0.0179138
168.723, 0.0179138
168.789, 0.0179138
168.85, 0.0179138
168.913, 0.0179138
168.978, 0.0179138
169.044, 0.0179138
169.106, 0.0179138
169.169, 0.0179138
169.23, 0.0179138
169.293, 0.0179138
169.358, 0.0179138
169.424, 0.0179138
169.492, 0.0179138
169.554, 0.0179138
169.615, 0.0179138
169.678, 0.0179138
169.74, 0.0179138
169.803, 0.0179138
169.867, 0.0179138
169.929, 0.0179138
169.992, 0.0179138
170.056, 0.0179138
170.118, 0.0179138
170.181, 0.0179138
170.242, 0.0179138
170.305, 0.0179138
170.367, 0.0179138
170.43, 0.0179138
170.495, 0.0179138
170.561, 0.0179138
170.629, 0.0179138
170.698, 0.0179138
170.76, 0.0179138
170.823, 0.0179138
170.887, 0.0179138
170.954, 0.0179138
171.022, 0.0179138
171.091, 0.0179138
171.162, 0.0179138
171.224, 0.0179138
171.287, 0.0179138
171.352, 0.0179138
171.418, 0.0179138
171.486, 0.0179138
171.547, 0.0179138
171.61, 0.0179138
171.672, 0.0179138
171.735, 0.0179138
171.799, 0.0179138
171.861, 0.0179138
171.922, 0.0179138
171.985, 0.0179138
172.05, 0.0179138
172.112, 0.0179138
172.175, 0.0179138
172.239, 0.0179138
172.301, 0.0179138
172.364, 0.0179138
172.428, 0.0179138
172.49, 0.0179138
172.553, 0.0179138
172.618, 0.0179138
172.679, 0.0179138
172.741, 0.0179138
172.804, 0.0179138
172.865, 0.0179138
172.928, 0.0179138
172.993, 0.0179138
173.054, 0.0179138
173.117, 0.0179138
173.182, 0.0179138
173.243, 0.0179138
173.306, 0.0179138
173.371, 0.0179138
173.437, 0.0179138
173.499, 0.0179138
173.562, 0.0179138
173.623, 0.0179138
173.686, 0.0179138
173.751, 0.0179138
173.817, 0.0179138
173.879, 0.0179138
173.942, 0.0179138
174.003, 0.0179138
174.066, 0.0179138
174.131, 0.0179138
174.197, 0.0179138
174.265, 0.0179138
174.326, 0.0179138
174.39, 0.0179138
174.454, 0.0179138
174.52, 0.0179138
174.588, 0.0179138
174.658, 0.0179138
174.729, 0.0179138
174.802, 0.0179138
174.864, 0.0179138
174.927, 0.0179138
174.991, 0.0179138
175.053, 0.0179138
175.116, 0.0179138
175.181, 0.0179138
175.247, 0.0179138
175.308, 0.0179138
175.371, 0.0179138
175.436, 0.0179138
175.502, 0.0179138
175.57, 0.0179138
175.64, 0.0179138
175.701, 0.0179138
175.764, 0.0179138
175.829, 0.0179138
175.895, 0.0179138
175.956, 0.0179138
176.02, 0.0179138
176.084, 0.0179138
176.15, 0.0179138
176.218, 0.0179138
176.288, 0.0179138
176.359, 0.0179138
176.432, 0.0179138
176.507, 0.0179138
176.584, 0.0179138
176.663, 0.0179138
176.743, 0.0179138
176.826, 0.0179138
176.911, 0.0179138
176.972, 0.0179138
177.035, 0.0179138
177.097, 0.0179138
177.16, 0.0179138
177.225, 0.0179138
177.291, 0.0179138
177.359, 0.0179138
177.428, 0.0179138
177.49, 0.0179138
177.553, 0.0179138
177.617, 0.0179138
177.684, 0.0179138
177.745, 0.0179138
177.808, 0.0179138
177.873, 0.0179138
177.934, 0.0179138
177.997, 0.0179138
178.062, 0.0179138
178.123, 0.0179138
178.185, 0.0179138
178.248, 0.0179138
178.313, 0.0179138
178.374, 0.0179138
178.437, 0.0179138
178.499, 0.0179138
178.562, 0.0179138
178.626, 0.0179138
178.693, 0.0179138
178.76, 0.0179138
178.822, 0.0179138
178.885, 0.0179138
178.95, 0.0179138
179.016, 0.0179138
179.084, 0.0179138
179.153, 0.0179138
179.225, 0.0179138
179.286, 0.0179138
179.349, 0.0179138
179.414, 0.0179138
179.48, 0.0179138
179.548, 0.0179138
179.609, 0.0179138
179.672, 0.0179138
179.737, 0.0179138
179.803, 0.0179138
179.865, 0.0179138
179.928, 0.0179138
179.992, 0.0179138
180.059, 0.0179138
180.12, 0.0179138
180.183, 0.0179138
180.248, 0.0179138
180.309, 0.0179138
180.372, 0.0179138
180.434, 0.0179138
180.497, 0.0179138
180.561, 0.0179138
180.623, 0.0179138
180.686, 0.0179138
180.751, 0.0179138
180.817, 0.0179138
180.885, 0.0179138
180.954, 0.0179138
181.016, 0.0179138
181.079, 0.0179138
181.143, 0.0179138
181.21, 0.0179138
181.271, 0.0179138
181.334, 0.0179138
181.396, 0.0179138
181.459, 0.0179138
181.523, 0.0179138
181.59, 0.0179138
181.651, 0.0179138
181.714, 0.0179138
181.779, 0.0179138
181.845, 0.0179138
181.913, 0.0179138
181.982, 0.0179138
182.054, 0.0179138
182.127, 0.0179138
182.202, 0.0179138
182.263, 0.0179138
182.326, 0.0179138
182.391, 0.0179138
182.452, 0.0179138
182.515, 0.0179138
182.58, 0.0179138
182.642, 0.0179138
182.705, 0.0179138
182.769, 0.0179138
182.831, 0.0179138
182.894, 0.0179138
182.958, 0.0179138
183.025, 0.0179138
183.093, 0.0179138
183.162, 0.0179138
183.233, 0.0179138
183.307, 0.0179138
183.381, 0.0179138
183.443, 0.0179138
183.506, 0.0179138
183.571, 0.0179138
183.637, 0.0179138
183.705, 0.0179138
183.774, 0.0179138
183.846, 0.0179138
183.907, 0.0179138
183.97, 0.0179138
184.035, 0.0179138
184.101, 0.0179138
184.163, 0.0179138
184.226, 0.0179138
184.29, 0.0179138
184.352, 0.0179138
184.415, 0.0179138
184.479, 0.0179138
184.546, 0.0179138
184.613, 0.0179138
184.683, 0.0179138
184.754, 0.0179138
184.827, 0.0179138
184.902, 0.0179138
184.979, 0.0179138
185.058, 0.0179138
185.119, 0.0179138
185.182, 0.0179138
185.247, 0.0179138
185.313, 0.0179138
185.375, 0.0179138
185.436, 0.0179138
185.499, 0.0179138
185.561, 0.0179138
185.624, 0.0179138
185.688, 0.0179138
185.755, 0.0179138
185.816, 0.0179138
185.879, 0.0179138
185.944, 0.0179138
186.01, 0.0179138
186.072, 0.0179138
186.135, 0.0179138
186.199, 0.0179138
186.265, 0.0179138
186.327, 0.0179138
186.39, 0.0179138
186.455, 0.0179138
186.521, 0.0179138
186.582, 0.0179138
186.645, 0.0179138
186.707, 0.0179138
186.77, 0.0179138
186.835, 0.0179138
186.901, 0.0179138
186.969, 0.0179138
187.038, 0.0179138
187.11, 0.0179138
187.183, 0.0179138
187.244, 0.0179138
187.307, 0.0179138
187.369, 0.0179138
187.432, 0.0179138
187.493, 0.0179138
187.556, 0.0179138
187.621, 0.0179138
187.687, 0.0179138
187.755, 0.0179138
187.825, 0.0179138
187.896, 0.0179138
187.969, 0.0179138
188.044, 0.0179138
188.105, 0.0179138
188.168, 0.0179138
188.233, 0.0179138
188.299, 0.0179138
188.367, 0.0179138
188.437, 0.0179138
188.498, 0.0179138
188.561, 0.0179138
188.623, 0.0179138
188.686, 0.0179138
188.747, 0.0179138
188.81, 0.0179138
188.875, 0.0179138
188.941, 0.0179138
189.009, 0.0179138
189.079, 0.0179138
189.15, 0.0179138
189.223, 0.0179138
189.298, 0.0179138
189.36, 0.0179138
189.423, 0.0179138
189.484, 0.0179138
189.547, 0.0179138
189.609, 0.0179138
189.672, 0.0179138
189.736, 0.0179138
189.798, 0.0179138
189.861, 0.0179138
189.922, 0.0179138
189.985, 0.0179138
190.05, 0.0179138
190.116, 0.0179138
190.184, 0.0179138
190.246, 0.0179138
190.309, 0.0179138
190.373, 0.0179138
190.439, 0.0179138
190.501, 0.0179138
190.564, 0.0179138
190.625, 0.0179138
190.689, 0.0179138
190.753, 0.0179138
190.819, 0.0179138
190.887, 0.0179138
190.957, 0.0179138
191.018, 0.0179138
191.081, 0.0179138
191.143, 0.0179138
191.206, 0.0179138
191.271, 0.0179138
191.337, 0.0179138
191.405, 0.0179138
191.466, 0.0179138
191.529, 0.0179138
191.594, 0.0179138
191.655, 0.0179138
191.718, 0.0179138
191.78, 0.0179138
191.843, 0.0179138
191.904, 0.0179138
191.967, 0.0179138
192.029, 0.0179138
192.092, 0.0179138
192.157, 0.0179138
192.218, 0.0179138
192.281, 0.0179138
192.346, 0.0179138
192.412, 0.0179138
192.473, 0.0179138
192.536, 0.0179138
192.598, 0.0179138
192.661, 0.0179138
192.722, 0.0179138
192.786, 0.0179138
192.85, 0.0179138
192.916, 0.0179138
192.984, 0.0179138
193.046, 0.0179138
193.109, 0.0179138
193.173, 0.0179138
193.235, 0.0179138
193.298, 0.0179138
193.363, 0.0179138
193.424, 0.0179138
193.487, 0.0179138
193.549, 0.0179138
193.61, 0.0179138
193.673, 0.0179138
193.735, 0.0179138
193.798, 0.0179138
193.862, 0.0179138
193.929, 0.0179138
193.99, 0.0179138
194.053, 0.0179138
194.118, 0.0179138
194.184, 0.0179138
194.245, 0.0179138
194.308, 0.0179138
194.37, 0.0179138
194.433, 0.0179138
194.498, 0.0179138
194.559, 0.0179138
194.621, 0.0179138
194.682, 0.0179138
194.745, 0.0179138
194.81, 0.0179138
194.871, 0.0179138
194.934, 0.0179138
194.999, 0.0179138
195.06, 0.0179138
195.123, 0.0179138
195.188, 0.0179138
195.25, 0.0179138
195.311, 0.0179138
195.374, 0.0179138
195.439, 0.0179138
195.5, 0.0179138
195.563, 0.0179138
195.628, 0.0179138
195.694, 0.0179138
195.756, 0.0179138
195.819, 0.0179138
195.88, 0.0179138
195.943, 0.0179138
196.008, 0.0179138
196.074, 0.0179138
196.135, 0.0179138
196.199, 0.0179138
196.263, 0.0179138
196.329, 0.0179138
196.397, 0.0179138
196.467, 0.0179138
196.538, 0.0179138
196.6, 0.0179138
196.663, 0.0179138
196.727, 0.0179138
196.794, 0.0179138
196.855, 0.0179138
196.918, 0.0179138
196.98, 0.0179138
197.043, 0.0179138
197.104, 0.0179138
197.167, 0.0179138
197.229, 0.0179138
197.292, 0.0179138
197.353, 0.0179138
197.416, 0.0179138
197.478, 0.0179138
197.541, 0.0179138
197.605, 0.0179138
197.672, 0.0179138
197.733, 0.0179138
197.796, 0.0179138
197.858, 0.0179138
197.921, 0.0179138
197.982, 0.0179138
198.045, 0.0179138
198.11, 0.0179138
198.176, 0.0179138
198.238, 0.0179138
198.301, 0.0179138
198.362, 0.0179138
198.425, 0.0179138
198.487, 0.0179138
198.55, 0.0179138
198.611, 0.0179138
198.674, 0.0179138
198.739, 0.0179138
198.805, 0.0179138
198.873, 0.0179138
198.934, 0.0179138
198.997, 0.0179138
199.059, 0.0179138
199.122, 0.0179138
199.187, 0.0179138
199.248, 0.0179138
199.311, 0.0179138
199.376, 0.0179138
199.442, 0.0179138
199.504, 0.0179138
199.567, 0.0179138
199.628, 0.0179138
199.691, 0.0179138
199.753, 0.0179138
199.816, 0.0179138
199.88, 0.0179138
199.942, 0.0179138
200.005, 0.0179138
200.069, 0.0179138
200.136, 0.0179138
200.197, 0.0179138
200.26, 0.0179138
200.325, 0.0179138
200.391, 0.0179138
200.459, 0.0179138
200.52, 0.0179138
200.583, 0.0179138
200.645, 0.0179138
200.706, 0.0179138
200.769, 0.0179138
200.834, 0.0179138
200.9, 0.0179138
200.962, 0.0179138
201.025, 0.0179138
201.089, 0.0179138
201.156, 0.0179138
201.217, 0.0179138
201.28, 0.0179138
201.342, 0.0179138
201.405, 0.0179138
201.466, 0.0179138
201.528, 0.0179138
201.591, 0.0179138
201.652, 0.0179138
201.715, 0.0179138
201.777, 0.0179138
201.84, 0.0179138
201.901, 0.0179138
201.964, 0.0179138
202.029, 0.0179138
202.091, 0.0179138
202.154, 0.0179138
202.215, 0.0179138
202.278, 0.0179138
202.343, 0.0179138
202.409, 0.0179138
202.477, 0.0179138
202.546, 0.0179138
202.618, 0.0179138
202.691, 0.0179138
202.752, 0.0179138
202.815, 0.0179138
202.877, 0.0179138
202.94, 0.0179138
203.001, 0.0179138
203.064, 0.0179138
203.129, 0.0179138
203.195, 0.0179138
203.263, 0.0179138
203.325, 0.0179138
203.388, 0.0179138
203.449, 0.0179138
203.512, 0.0179138
203.574, 0.0179138
203.637, 0.0179138
203.698, 0.0179138
203.761, 0.0179138
203.823, 0.0179138
203.886, 0.0179138
203.947, 0.0179138
204.01, 0.0179138
204.075, 0.0179138
204.141, 0.0179138
204.203, 0.0179138
204.264, 0.0179138
204.327, 0.0179138
204.392, 0.0179138
204.458, 0.0179138
204.526, 0.0179138
204.596, 0.0179138
204.657, 0.0179138
204.72, 0.0179138
204.782, 0.0179138
204.845, 0.0179138
204.909, 0.0179138
204.975, 0.0179138
205.037, 0.0179138
205.1, 0.0179138
205.165, 0.0179138
205.231, 0.0179138
205.292, 0.0179138
205.355, 0.0179138
205.42, 0.0179138
205.486, 0.0179138
205.548, 0.0179138
205.611, 0.0179138
205.672, 0.0179138
205.735, 0.0179138
205.8, 0.0179138
205.866, 0.0179138
205.934, 0.0179138
206.004, 0.0179138
206.075, 0.0179138
206.148, 0.0179138
206.223, 0.0179138
206.3, 0.0179138
206.379, 0.0179138
206.459, 0.0179138
206.521, 0.0179138
206.584, 0.0179138
206.648, 0.0179138
206.715, 0.0179138
206.782, 0.0179138
206.852, 0.0179138
206.923, 0.0179138
206.985, 0.0179138
207.048, 0.0179138
207.113, 0.0179138
207.179, 0.0179138
207.247, 0.0179138
207.316, 0.0179138
207.378, 0.0179138
207.441, 0.0179138
207.505, 0.0179138
207.572, 0.0179138
207.639, 0.0179138
207.701, 0.0179138
207.764, 0.0179138
207.826, 0.0179138
207.889, 0.0179138
207.95, 0.0179138
208.013, 0.0179138
208.078, 0.0179138
208.139, 0.0179138
208.202, 0.0179138
208.264, 0.0179138
208.327, 0.0179138
208.391, 0.0179138
208.453, 0.0179138
208.516, 0.0179138
208.577, 0.0179138
208.64, 0.0179138
208.702, 0.0179138
208.765, 0.0179138
208.827, 0.0179138
208.89, 0.0179138
208.954, 0.0179138
209.02, 0.0179138
209.082, 0.0179138
209.145, 0.0179138
209.206, 0.0179138
209.269, 0.0179138
209.331, 0.0179138
209.394, 0.0179138
209.456, 0.0179138
209.519, 0.0179138
209.583, 0.0179138
209.649, 0.0179138
209.711, 0.0179138
209.774, 0.0179138
209.839, 0.0179138
209.9, 0.0179138
209.963, 0.0179138
210.028, 0.0179138
210.089, 0.0179138
210.151, 0.0179138
210.214, 0.0179138
210.275, 0.0179138
210.338, 0.0179138
210.4, 0.0179138
210.463, 0.0179138
210.527, 0.0179138
210.594, 0.0179138
210.655, 0.0179138
210.718, 0.0179138
210.78, 0.0179138
210.843, 0.0179138
210.907, 0.0179138
210.969, 0.0179138
211.03, 0.0179138
211.093, 0.0179138
211.155, 0.0179138
211.218, 0.0179138
211.279, 0.0179138
211.342, 0.0179138
211.407, 0.0179138
211.473, 0.0179138
211.541, 0.0179138
211.603, 0.0179138
211.666, 0.0179138
211.727, 0.0179138
211.79, 0.0179138
211.852, 0.0179138
211.915, 0.0179138
211.976, 0.0179138
212.039, 0.0179138
212.101, 0.0179138
212.164, 0.0179138
212.225, 0.0179138
212.288, 0.0179138
212.35, 0.0179138
212.413, 0.0179138
212.474, 0.0179138
212.537, 0.0179138
212.599, 0.0179138
212.662, 0.0179138
212.724, 0.0179138
212.787, 0.0179138
212.851, 0.0179138
212.917, 0.0179138
212.985, 0.0179138
213.055, 0.0179138
213.116, 0.0179138
213.179, 0.0179138
213.244, 0.0179138
213.31, 0.0179138
213.372, 0.0179138
213.435, 0.0179138
213.496, 0.0179138
213.559, 0.0179138
213.624, 0.0179138
213.69, 0.0179138
213.758, 0.0179138
213.82, 0.0179138
213.883, 0.0179138
213.947, 0.0179138
214.009, 0.0179138
214.072, 0.0179138
214.136, 0.0179138
214.203, 0.0179138
214.264, 0.0179138
214.327, 0.0179138
214.389, 0.0179138
214.452, 0.0179138
214.516, 0.0179138
214.578, 0.0179138
214.641, 0.0179138
214.705, 0.0179138
214.772, 0.0179138
214.833, 0.0179138
214.896, 0.0179138
214.961, 0.0179138
215.022, 0.0179138
215.085, 0.0179138
215.15, 0.0179138
215.216, 0.0179138
215.284, 0.0179138
215.354, 0.0179138
215.415, 0.0179138
215.478, 0.0179138
215.543, 0.0179138
215.609, 0.0179138
215.677, 0.0179138
215.746, 0.0179138
215.818, 0.0179138
215.879, 0.0179138
215.942, 0.0179138
216.004, 0.0179138
216.065, 0.0179138
216.128, 0.0179138
216.19, 0.0179138
216.253, 0.0179138
216.314, 0.0179138
216.377, 0.0179138
216.439, 0.0179138
216.502, 0.0179138
216.563, 0.0179138
216.627, 0.0179138
216.691, 0.0179138
216.753, 0.0179138
216.816, 0.0179138
216.88, 0.0179138
216.942, 0.0179138
217.005, 0.0179138
217.069, 0.0179138
217.131, 0.0179138
217.194, 0.0179138
217.259, 0.0179138
217.325, 0.0179138
217.393, 0.0179138
217.462, 0.0179138
217.534, 0.0179138
217.595, 0.0179138
217.658, 0.0179138
217.723, 0.0179138
217.784, 0.0179138
217.846, 0.0179138
217.909, 0.0179138
217.97, 0.0179138
218.033, 0.0179138
218.095, 0.0179138
218.158, 0.0179138
218.222, 0.0179138
218.289, 0.0179138
218.35, 0.0179138
218.413, 0.0179138
218.478, 0.0179138
218.544, 0.0179138
218.606, 0.0179138
218.669, 0.0179138
218.733, 0.0179138
218.795, 0.0179138
218.858, 0.0179138
218.922, 0.0179138
218.984, 0.0179138
219.047, 0.0179138
219.108, 0.0179138
219.17, 0.0179138
219.233, 0.0179138
219.298, 0.0179138
219.359, 0.0179138
219.422, 0.0179138
219.487, 0.0179138
219.553, 0.0179138
219.621, 0.0179138
219.69, 0.0179138
219.762, 0.0179138
219.835, 0.0179138
219.896, 0.0179138
219.959, 0.0179138
220.021, 0.0179138
220.084, 0.0179138
220.145, 0.0179138
220.208, 0.0179138
220.273, 0.0179138
220.339, 0.0179138
220.401, 0.0179138
220.464, 0.0179138
220.525, 0.0179138
220.588, 0.0179138
220.65, 0.0179138
220.713, 0.0179138
220.774, 0.0179138
220.837, 0.0179138
220.899, 0.0179138
220.962, 0.0179138
221.027, 0.0179138
221.093, 0.0179138
221.154, 0.0179138
221.217, 0.0179138
221.282, 0.0179138
221.343, 0.0179138
221.407, 0.0179138
221.471, 0.0179138
221.533, 0.0179138
221.596, 0.0179138
221.66, 0.0179138
221.727, 0.0179138
221.794, 0.0179138
221.864, 0.0179138
221.935, 0.0179138
221.997, 0.0179138
222.06, 0.0179138
222.124, 0.0179138
222.191, 0.0179138
222.252, 0.0179138
222.315, 0.0179138
222.38, 0.0179138
222.441, 0.0179138
222.503, 0.0179138
222.566, 0.0179138
222.63, 0.0179138
222.692, 0.0179138
222.755, 0.0179138
222.817, 0.0179138
222.88, 0.0179138
222.944, 0.0179138
223.01, 0.0179138
223.072, 0.0179138
223.135, 0.0179138
223.196, 0.0179138
223.259, 0.0179138
223.321, 0.0179138
223.384, 0.0179138
223.449, 0.0179138
223.51, 0.0179138
223.573, 0.0179138
223.638, 0.0179138
223.704, 0.0179138
223.772, 0.0179138
223.833, 0.0179138
223.896, 0.0179138
223.961, 0.0179138
224.027, 0.0179138
224.089, 0.0179138
224.152, 0.0179138
224.213, 0.0179138
224.276, 0.0179138
224.338, 0.0179138
224.401, 0.0179138
224.462, 0.0179138
224.525, 0.0179138
224.587, 0.0179138
224.65, 0.0179138
224.711, 0.0179138
224.774, 0.0179138
224.839, 0.0179138
224.905, 0.0179138
224.973, 0.0179138
225.043, 0.0179138
225.114, 0.0179138
225.187, 0.0179138
225.262, 0.0179138
225.339, 0.0179138
225.418, 0.0179138
225.498, 0.0179138
225.581, 0.0179138
225.666, 0.0179138
225.753, 0.0179138
225.842, 0.0179138
225.903, 0.0179138
225.966, 0.0179138
226.028, 0.0179138
226.091, 0.0179138
226.152, 0.0179138
226.215, 0.0179138
226.277, 0.0179138
226.34, 0.0179138
226.401, 0.0179138
226.465, 0.0179138
226.526, 0.0179138
226.589, 0.0179138
226.654, 0.0179138
226.715, 0.0179138
226.778, 0.0179138
226.843, 0.0179138
226.904, 0.0179138
226.967, 0.0179138
227.029, 0.0179138
227.092, 0.0179138
227.153, 0.0179138
227.216, 0.0179138
227.278, 0.0179138
227.339, 0.0179138
227.402, 0.0179138
227.467, 0.0179138
227.529, 0.0179138
227.592, 0.0179138
227.656, 0.0179138
227.718, 0.0179138
227.781, 0.0179138
227.842, 0.0179138
227.905, 0.0179138
227.97, 0.0179138
228.031, 0.0179138
228.094, 0.0179138
228.159, 0.0179138
228.225, 0.0179138
228.287, 0.0179138
228.35, 0.0179138
228.411, 0.0179138
228.474, 0.0179138
228.536, 0.0179138
228.599, 0.0179138
228.664, 0.0179138
228.73, 0.0179138
228.798, 0.0179138
228.859, 0.0179138
228.922, 0.0179138
228.984, 0.0179138
229.047, 0.0179138
229.111, 0.0179138
229.178, 0.0179138
229.239, 0.0179138
229.302, 0.0179138
229.367, 0.0179138
229.433, 0.0179138
229.501, 0.0179138
229.57, 0.0179138
229.642, 0.0179138
229.715, 0.0179138
229.776, 0.0179138
229.838, 0.0179138
229.901, 0.0179138
229.962, 0.0179138
230.025, 0.0179138
230.087, 0.0179138
230.15, 0.0179138
230.215, 0.0179138
230.281, 0.0179138
230.349, 0.0179138
230.41, 0.0179138
230.473, 0.0179138
230.538, 0.0179138
230.604, 0.0179138
230.672, 0.0179138
230.742, 0.0179138
230.813, 0.0179138
230.886, 0.0179138
230.961, 0.0179138
231.022, 0.0179138
231.085, 0.0179138
231.147, 0.0179138
231.21, 0.0179138
231.271, 0.0179138
231.334, 0.0179138
231.396, 0.0179138
231.459, 0.0179138
231.524, 0.0179138
231.59, 0.0179138
231.651, 0.0179138
231.714, 0.0179138
231.779, 0.0179138
231.845, 0.0179138
231.913, 0.0179138
231.975, 0.0179138
232.038, 0.0179138
232.099, 0.0179138
232.162, 0.0179138
232.227, 0.0179138
232.293, 0.0179138
232.361, 0.0179138
232.431, 0.0179138
232.502, 0.0179138
232.575, 0.0179138
232.636, 0.0179138
232.698, 0.0179138
232.761, 0.0179138
232.826, 0.0179138
232.892, 0.0179138
232.96, 0.0179138
233.029, 0.0179138
233.101, 0.0179138
233.174, 0.0179138
233.235, 0.0179138
233.298, 0.0179138
233.36, 0.0179138
233.421, 0.0179138
233.484, 0.0179138
233.546, 0.0179138
233.609, 0.0179138
233.673, 0.0179138
233.735, 0.0179138
233.798, 0.0179138
233.859, 0.0179138
233.923, 0.0179138
233.987, 0.0179138
234.053, 0.0179138
234.121, 0.0179138
234.191, 0.0179138
234.262, 0.0179138
234.335, 0.0179138
234.41, 0.0179138
234.487, 0.0179138
234.566, 0.0179138
234.646, 0.0179138
234.708, 0.0179138
234.771, 0.0179138
234.836, 0.0179138
234.897, 0.0179138
234.96, 0.0179138
235.022, 0.0179138
235.085, 0.0179138
235.149, 0.0179138
235.211, 0.0179138
235.272, 0.0179138
235.335, 0.0179138
235.4, 0.0179138
235.461, 0.0179138
235.524, 0.0179138
235.586, 0.0179138
235.649, 0.0179138
235.714, 0.0179138
235.775, 0.0179138
235.838, 0.0179138
235.903, 0.0179138
235.964, 0.0179138
236.027, 0.0179138
236.089, 0.0179138
236.152, 0.0179138
236.216, 0.0179138
236.278, 0.0179138
236.341, 0.0179138
236.406, 0.0179138
236.472, 0.0179138
236.54, 0.0179138
236.601, 0.0178833
236.664, 0.0178833
236.729, 0.0178833
236.79, 0.0178833
236.853, 0.0178833
236.918, 0.0178833
236.984, 0.0178833
237.052, 0.0178833
237.114, 0.0178833
237.175, 0.0178833
237.237, 0.0178833
237.3, 0.0178833
237.364, 0.0178833
237.426, 0.0178833
237.489, 0.0178833
237.553, 0.0178833
237.62, 0.0178833
237.681, 0.0178833
237.744, 0.0178833
237.809, 0.0178833
237.875, 0.0178833
237.937, 0.0178833
238, 0.0178833
238.064, 0.0178833
238.126, 0.0178833
238.189, 0.0178833
238.25, 0.0178833
238.313, 0.0178833
238.378, 0.0178833
238.444, 0.0178833
238.512, 0.0178833
238.582, 0.0178833
238.653, 0.0178833
238.714, 0.0178833
238.777, 0.0178833
238.842, 0.0178833
238.908, 0.0178833
238.97, 0.0178833
239.033, 0.0178833
239.097, 0.0178833
239.164, 0.0178833
239.232, 0.0178833
239.293, 0.0178833
239.356, 0.0178833
239.421, 0.0178833
239.487, 0.0178833
239.555, 0.0178833
239.616, 0.0178833
239.679, 0.0178833
239.744, 0.0178833
239.81, 0.0178833
239.872, 0.0178833
239.935, 0.0178833
239.999, 0.0178833
240.061, 0.0178833
240.124, 0.0178833
240.185, 0.0178833
240.248, 0.0178833
240.31, 0.0178833
240.373, 0.0178833
240.438, 0.0178833
240.504, 0.0178833
240.572, 0.0178833
240.641, 0.0178833
240.703, 0.0178833
240.766, 0.0178833
240.827, 0.0178833
240.89, 0.0178833
240.955, 0.0178833
241.016, 0.0178833
241.079, 0.0178833
241.144, 0.0178833
241.206, 0.0178833
241.269, 0.0178833
241.333, 0.0178833
241.395, 0.0178833
241.458, 0.0178833
241.522, 0.0178833
241.589, 0.0178833
241.65, 0.0178833
241.713, 0.0178833
241.778, 0.0178833
241.844, 0.0178833
241.905, 0.0178833
241.969, 0.0178833
242.033, 0.0178833
242.095, 0.0178833
242.158, 0.0178833
242.222, 0.0178833
242.289, 0.0178833
242.356, 0.0178833
242.426, 0.0178833
242.487, 0.0178833
242.551, 0.0178833
242.615, 0.0178833
242.681, 0.0178833
242.749, 0.0178833
242.811, 0.0178833
242.874, 0.0178833
242.938, 0.0178833
243, 0.0178833
243.063, 0.0178833
243.128, 0.0178833
243.194, 0.0178833
243.262, 0.0178833
243.323, 0.0178833
243.386, 0.0178833
243.448, 0.0178833
243.511, 0.0178833
243.572, 0.0178833
243.635, 0.0178833
243.7, 0.0178833
243.761, 0.0178833
243.824, 0.0178833
243.889, 0.0178833
243.955, 0.0178833
244.023, 0.0178833
244.093, 0.0178833
244.154, 0.0178833
244.217, 0.0178833
244.279, 0.0178833
244.342, 0.0178833
244.406, 0.0178833
244.473, 0.0178833
244.541, 0.0178833
244.602, 0.0178833
244.665, 0.0178833
244.73, 0.0178833
244.791, 0.0178833
244.854, 0.0178833
244.916, 0.0178833
244.979, 0.0178833
245.043, 0.0178833
245.11, 0.0178833
245.171, 0.0178833
245.234, 0.0178833
245.299, 0.0178833
245.36, 0.0178833
245.423, 0.0178833
245.485, 0.0178833
245.548, 0.0178833
245.612, 0.0178833
245.674, 0.0178833
245.737, 0.0178833
245.802, 0.0178833
245.868, 0.0178833
245.929, 0.0178833
245.992, 0.0178833
246.054, 0.0178833
246.117, 0.0178833
246.182, 0.0178833
246.243, 0.0178833
246.305, 0.0178833
246.368, 0.0178833
246.429, 0.0178833
246.491, 0.0178833
246.554, 0.0178833
246.618, 0.0178833
246.68, 0.0178833
246.743, 0.0178833
246.804, 0.0178833
246.867, 0.0178833
246.932, 0.0178833
246.998, 0.0178833
247.066, 0.0178833
247.136, 0.0178833
247.197, 0.0178833
247.26, 0.0178833
247.322, 0.0178833
247.385, 0.0178833
247.446, 0.0178833
247.509, 0.0178833
247.574, 0.0178833
247.64, 0.0178833
247.702, 0.0178833
247.765, 0.0178833
247.829, 0.0178833
247.891, 0.0178833
247.952, 0.0178833
248.015, 0.0178833
248.08, 0.0178833
248.141, 0.0178833
248.204, 0.0178833
248.269, 0.0178833
248.33, 0.0178833
248.394, 0.0178833
248.458, 0.0178833
248.524, 0.0178833
248.586, 0.0178833
248.649, 0.0178833
248.71, 0.0178833
248.773, 0.0178833
248.835, 0.0178833
248.898, 0.0178833
248.959, 0.0178833
249.023, 0.0178833
249.084, 0.0178833
249.147, 0.0178833
249.212, 0.0178833
249.278, 0.0178833
249.346, 0.0178833
249.415, 0.0178833
249.477, 0.0178833
249.54, 0.0178833
249.605, 0.0178833
249.671, 0.0178833
249.732, 0.0178833
249.795, 0.0178833
249.86, 0.0178833
249.926, 0.0178833
249.994, 0.0178833
250.064, 0.0178833
250.135, 0.0178833
250.196, 0.0178833
250.259, 0.0178833
250.324, 0.0178833
250.39, 0.0178833
250.452, 0.0178833
250.515, 0.0178833
250.576, 0.0178833
250.639, 0.0178833
250.704, 0.0178833
250.77, 0.0178833
250.838, 0.0178833
250.908, 0.0178833
250.969, 0.0178833
251.032, 0.0178833
251.097, 0.0178833
251.158, 0.0178833
251.221, 0.0178833
251.283, 0.0178833
251.344, 0.0178833
251.407, 0.0178833
251.472, 0.0178833
251.538, 0.0178833
251.606, 0.0178833
251.668, 0.0178833
251.731, 0.0178833
251.792, 0.0178833
251.854, 0.0178833
251.917, 0.0178833
251.978, 0.0178833
252.041, 0.0178833
252.103, 0.0178833
252.166, 0.0178833
252.23, 0.0178833
252.297, 0.0178833
252.365, 0.0178833
252.426, 0.0178833
252.489, 0.0178833
252.551, 0.0178833
252.614, 0.0178833
252.678, 0.0178833
252.744, 0.0178833
252.812, 0.0178833
252.874, 0.0178833
252.937, 0.0178833
253.001, 0.0178833
253.063, 0.0178833
253.126, 0.0178833
253.187, 0.0178833
253.249, 0.0178833
253.312, 0.0178833
253.377, 0.0178833
253.438, 0.0178833
253.501, 0.0178833
253.566, 0.0178833
253.632, 0.0178833
253.7, 0.0178833
253.769, 0.0178833
253.831, 0.0178833
253.894, 0.0178833
253.959, 0.0178833
254.02, 0.0178833
254.083, 0.0178833
254.145, 0.0178833
254.208, 0.0178833
254.272, 0.0178833
254.334, 0.0178833
254.397, 0.0178833
254.458, 0.0178833
254.521, 0.0178833
254.583, 0.0178833
254.646, 0.0178833
254.707, 0.0178833
254.77, 0.0178833
254.835, 0.0178833
254.897, 0.0178833
254.96, 0.0178833
255.024, 0.0178833
255.086, 0.0178833
255.149, 0.0178833
255.21, 0.0178833
255.273, 0.0178833
255.338, 0.0178833
255.399, 0.0178833
255.462, 0.0178833
255.524, 0.0178833
255.585, 0.0178833
255.649, 0.0178833
255.71, 0.0178833
255.773, 0.0178833
255.838, 0.0178833
255.899, 0.0178833
255.962, 0.0178833
256.027, 0.0178833
256.088, 0.0178833
256.151, 0.0178833
256.213, 0.0178833
256.274, 0.0178833
256.337, 0.0178833
256.402, 0.0178833
256.468, 0.0178833
256.53, 0.0178833
256.593, 0.0178833
256.654, 0.0178833
256.717, 0.0178833
256.782, 0.0178833
256.848, 0.0178833
256.916, 0.0178833
256.986, 0.0178833
257.057, 0.0178833
257.118, 0.0178833
257.181, 0.0178833
257.246, 0.0178833
257.308, 0.0178833
257.371, 0.0178833
