0.06, 529.285432040
0.12, 529.285469426
0.18, 529.285269419
0.2415, 529.285078281
0.304538, 529.284878042
0.369151, 529.284674969
0.43538, 529.284463245
0.503264, 529.284244032
0.572846, 529.284021483
0.644167, 529.283794075
0.717271, 529.283561004
0.792203, 529.283322940
0.869008, 529.283081211
0.947733, 529.282827993
1.02843, 529.282574886
1.11114, 529.282313842
1.19592, 529.282044874
1.28281, 529.281765958
1.37188, 529.281483807
1.46318, 529.281194902
1.55676, 529.280895056
1.65268, 529.280594765
1.751, 529.280283279
1.85177, 529.280179847
1.95507, 529.280174128
2.06094, 529.280174350
2.12094, 529.280168465
2.18244, 529.280170892
2.24244, 529.280168589
2.30394, 529.280166527
2.36698, 529.280164597
2.43159, 529.280162824
2.49782, 529.280159693
2.56571, 529.280163427
2.62571, 529.280159334
2.68721, 529.280156657
2.75024, 529.280156422
2.81486, 529.280153458
2.88109, 529.280150383
2.94897, 529.280148721
3.01855, 529.280147510
3.08987, 529.280147030
3.16298, 529.280144385
3.23791, 529.280143765
3.31471, 529.280142842
3.39344, 529.280142477
3.47413, 529.280138074
3.55684, 529.280135759
3.64162, 529.280132921
3.72852, 529.280132620
3.81759, 529.280129711
3.90889, 529.280127171
4.00247, 529.280125787
4.09839, 529.280120314
4.1967, 529.280118059
4.29748, 529.280117350
4.40077, 529.280114174
4.50665, 529.280114485
4.56665, 529.280109578
4.62815, 529.280108331
4.69119, 529.280108304
4.7558, 529.280111677
4.8158, 529.280103115
4.8773, 529.280105986
4.9373, 529.280099785
4.9988, 529.280101489
5.0588, 529.280099915
5.1203, 529.280095889
5.18334, 529.280094244
5.24795, 529.280096253
5.30795, 529.280091180
5.36945, 529.280089259
5.43249, 529.280090590
5.49249, 529.280087116
5.55399, 529.280084405
5.61703, 529.280085356
5.67703, 529.280081511
5.73853, 529.280082110
5.79853, 529.280082053
5.86003, 529.280080402
5.92306, 529.280077053
5.98768, 529.280079115
6.04768, 529.280075087
6.10918, 529.280074582
6.17221, 529.280073078
6.23683, 529.280072873
6.30306, 529.280069542
6.37094, 529.280067641
6.44052, 529.280065439
6.51184, 529.280062224
6.58495, 529.280065325
6.64495, 529.280056220
6.70645, 529.280060560
6.76645, 529.280060124
6.82795, 529.280059471
6.89099, 529.280054817
6.9556, 529.280053119
7.02183, 529.280052091
7.08971, 529.280052475
7.14971, 529.280048807
7.21121, 529.280046643
7.27425, 529.280045121
7.33886, 529.280042899
7.40509, 529.280042313
7.47298, 529.280042199
7.54256, 529.280040871
7.61388, 529.280037580
7.68698, 529.280038632
7.74698, 529.280032469
7.80848, 529.280033742
7.86848, 529.280031792
7.92998, 529.280033797
7.98998, 529.280032543
8.05148, 529.280028050
8.11452, 529.280028234
8.17452, 529.280024407
8.23602, 529.280023671
8.29906, 529.280021529
8.36367, 529.280018135
8.4299, 529.280015728
8.49778, 529.280015381
8.56737, 529.280017133
8.62737, 529.280011833
8.68887, 529.280010809
8.7519, 529.280011354
8.8119, 529.280008696
8.8734, 529.280007057
8.93644, 529.280007446
8.99644, 529.280004701
9.05794, 529.280004656
9.12098, 529.280001912
9.18559, 529.279999468
9.25182, 529.279997466
9.31971, 529.279998034
9.37971, 529.279995532
9.44121, 529.279993475
9.50424, 529.279991853
9.56886, 529.279992151
9.62886, 529.279990899
9.69036, 529.279991485
9.75036, 529.279986383
9.81186, 529.279985436
9.87489, 529.279980914
9.93951, 529.279982281
9.99951, 529.279983984
10.0595, 529.279976099
10.121, 529.279979610
10.181, 529.279976720
10.2425, 529.279974030
10.3055, 529.279973708
10.3702, 529.279973417
10.4364, 529.279969274
10.5043, 529.279965816
10.5739, 529.279967072
10.6339, 529.279965122
10.6954, 529.279963123
10.7584, 529.279961083
10.823, 529.279961393
10.883, 529.279958007
10.9445, 529.279954590
11.0075, 529.279956142
11.0675, 529.279952778
11.129, 529.279949371
11.1921, 529.279953220
11.2521, 529.279952362
11.3136, 529.279951153
11.3766, 529.279944452
11.4412, 529.279947257
11.5012, 529.279944528
11.5627, 529.279942440
11.6258, 529.279942310
11.6904, 529.279940723
11.7566, 529.279939682
11.8245, 529.279939679
11.8941, 529.279930267
11.9654, 529.279931147
12.0254, 529.279931400
12.0854, 529.279930764
12.1469, 529.279926017
12.2099, 529.279925047
12.2745, 529.279927446
12.3345, 529.279926600
12.396, 529.279922555
12.4591, 529.279922352
12.5237, 529.279916619
12.5899, 529.279917870
12.6499, 529.279916674
12.7114, 529.279917106
12.7714, 529.279914604
12.8329, 529.279910091
12.896, 529.279914646
12.956, 529.279908582
13.0175, 529.279906118
13.0805, 529.279903215
13.1451, 529.279903142
13.2113, 529.279902386
13.2792, 529.279903799
13.3392, 529.279898428
13.4007, 529.279900853
13.4607, 529.279897605
13.5222, 529.279897832
13.5822, 529.279893064
13.6437, 529.279894943
13.7037, 529.279893670
13.7652, 529.279888202
13.8283, 529.279888613
13.8883, 529.279887214
13.9498, 529.279886264
14.0128, 529.279885678
14.0774, 529.279886799
14.1374, 529.279882642
14.1989, 529.279878384
14.262, 529.279875875
14.3266, 529.279878288
14.3866, 529.279874618
14.4481, 529.279874691
14.5081, 529.279869926
14.5696, 529.279872235
14.6296, 529.279872738
14.6896, 529.279867395
14.7511, 529.279867673
14.8111, 529.279865708
14.8726, 529.279862619
14.9356, 529.279862329
15.0002, 529.279861223
15.0664, 529.279857835
15.1343, 529.279856945
15.2039, 529.279853073
15.2752, 529.279852386
15.3483, 529.279856976
15.4083, 529.279849856
15.4698, 529.279851639
15.5298, 529.279847764
15.5913, 529.279847928
15.6513, 529.279845139
15.7128, 529.279847157
15.7728, 529.279844485
15.8343, 529.279846453
15.8943, 529.279840160
15.9558, 529.279838333
16.0189, 529.279836622
16.0835, 529.279835611
16.1497, 529.279834211
16.2176, 529.279831784
16.2872, 529.279828613
16.3585, 529.279825919
16.4316, 529.279825110
16.5065, 529.279825431
16.5665, 529.279820509
16.628, 529.279819658
16.6911, 529.279820465
16.7511, 529.279819200
16.8126, 529.279817140
16.8756, 529.279815181
16.9402, 529.279814179
17.0065, 529.279811926
17.0743, 529.279811966
17.1343, 529.279807943
17.1958, 529.279807184
17.2589, 529.279807657
17.3189, 529.279804540
17.3804, 529.279803103
17.4434, 529.279800095
17.508, 529.279799086
17.5743, 529.279800790
17.6343, 529.279795183
17.6958, 529.279793540
17.7588, 529.279791116
17.8234, 529.279793455
17.8834, 529.279791316
17.9449, 529.279789674
18.008, 529.279787475
18.0726, 529.279786423
18.1388, 529.279787591
18.1988, 529.279783469
18.2603, 529.279779750
18.3233, 529.279778170
18.3879, 529.279780522
18.4479, 529.279774993
18.5094, 529.279776289
18.5694, 529.279775485
18.6309, 529.279774852
18.694, 529.279774099
18.7586, 529.279771625
18.8248, 529.279769685
18.8927, 529.279766996
18.9623, 529.279765029
19.0336, 529.279765080
19.0936, 529.279760022
19.1551, 529.279764729
19.2151, 529.279758461
19.2766, 529.279759888
19.3366, 529.279752439
19.3981, 529.279752452
19.4581, 529.279753172
19.5181, 529.279753271
19.5781, 529.279747409
19.6396, 529.279747891
19.6996, 529.279748842
19.7596, 529.279747754
19.8211, 529.279743882
19.8841, 529.279745630
19.9441, 529.279741439
20.0056, 529.279741117
20.0687, 529.279737790
20.1333, 529.279739237
20.1933, 529.279738158
20.2548, 529.279735833
20.3178, 529.279733734
20.3824, 529.279731295
20.4487, 529.279727618
20.5166, 529.279731453
20.5766, 529.279726075
20.6381, 529.279725410
20.7011, 529.279724286
20.7657, 529.279721306
20.8319, 529.279720849
20.8998, 529.279715869
20.9694, 529.279717961
21.0294, 529.279712996
21.0909, 529.279718532
21.1509, 529.279712152
21.2124, 529.279712063
21.2754, 529.279709675
21.3401, 529.279710511
21.4001, 529.279704475
21.4616, 529.279709588
21.5216, 529.279704476
21.5831, 529.279704211
21.6461, 529.279698445
21.7107, 529.279699551
21.7707, 529.279698347
21.8322, 529.279700475
21.8922, 529.279695294
21.9537, 529.279695002
22.0167, 529.279692482
22.0814, 529.279691428
22.1476, 529.279686790
22.2155, 529.279686896
22.2755, 529.279685445
22.337, 529.279690105
22.397, 529.279682463
22.4585, 529.279682604
22.5185, 529.279679522
22.58, 529.279678953
22.643, 529.279677600
22.7076, 529.279677014
22.7739, 529.279674249
22.8417, 529.279667214
22.9113, 529.279673710
22.9713, 529.279669309
23.0328, 529.279668884
23.0959, 529.279668618
23.1605, 529.279666272
23.2267, 529.279660671
23.2946, 529.279658116
23.3642, 529.279658566
23.4242, 529.279658546
23.4857, 529.279655386
23.5487, 529.279655515
23.6087, 529.279652876
23.6702, 529.279655283
23.7302, 529.279649313
23.7917, 529.279648781
23.8547, 529.279649351
23.9147, 529.279644185
23.9762, 529.279645962
24.0362, 529.279645295
24.0977, 529.279644025
24.1608, 529.279638953
24.2254, 529.279640593
24.2854, 529.279637582
24.3469, 529.279635455
24.4099, 529.279633920
24.4745, 529.279631700
24.5408, 529.279629180
24.6087, 529.279630201
24.6687, 529.279625681
24.7302, 529.279627968
24.7902, 529.279627329
24.8517, 529.279624331
24.9147, 529.279621371
24.9793, 529.279620543
25.0455, 529.279616972
25.1134, 529.279614302
25.183, 529.279617927
25.243, 529.279615058
25.3045, 529.279616259
25.3645, 529.279610753
25.426, 529.279610559
25.489, 529.279608229
25.5537, 529.279607182
25.6199, 529.279605655
25.6878, 529.279601533
25.7573, 529.279603460
25.8173, 529.279599115
25.8788, 529.279598856
25.9419, 529.279601808
26.0019, 529.279598945
26.0634, 529.279593559
26.1264, 529.279592333
26.191, 529.279593440
26.251, 529.279591172
26.3125, 529.279590820
26.3756, 529.279589064
26.4402, 529.279586670
26.5064, 529.279583425
26.5743, 529.279584744
26.6343, 529.279579934
26.6958, 529.279581331
26.7558, 529.279579955
26.8173, 529.279578705
26.8803, 529.279573920
26.945, 529.279573972
27.005, 529.279574794
27.065, 529.279568140
27.1265, 529.279572322
27.1865, 529.279567575
27.248, 529.279566122
27.311, 529.279565304
27.3756, 529.279565278
27.4418, 529.279560755
27.5097, 529.279561410
27.5697, 529.279559636
27.6312, 529.279556255
27.6943, 529.279553762
27.7589, 529.279555547
27.8189, 529.279553362
27.8804, 529.279552929
27.9434, 529.279548691
28.008, 529.279550817
28.068, 529.279542042
28.1295, 529.279545278
28.1895, 529.279543179
28.251, 529.279544287
28.311, 529.279539509
28.3725, 529.279537187
28.4356, 529.279538557
28.4956, 529.279534101
28.5571, 529.279537757
28.6171, 529.279532296
28.6786, 529.279533398
28.7386, 529.279529798
28.8001, 529.279530319
28.8601, 529.279528350
28.9216, 529.279527812
28.9846, 529.279523216
29.0492, 529.279525644
29.1092, 529.279518718
29.1707, 529.279522583
29.2307, 529.279518097
29.2922, 529.279518073
29.3552, 529.279514073
29.4199, 529.279516454
29.4799, 529.279509598
29.5414, 529.279511448
29.6014, 529.279510449
29.6629, 529.279512687
29.7229, 529.279508888
29.7844, 529.279509613
29.8444, 529.279504146
29.9059, 529.279500643
29.9689, 529.279500782
30.0289, 529.279498152
30.0904, 529.279500808
30.1504, 529.279502308
30.2104, 529.279495929
30.2719, 529.279497106
30.3319, 529.279490797
30.3934, 529.279491588
30.4534, 529.279491017
30.5149, 529.279489450
30.5779, 529.279490161
30.6379, 529.279487563
30.6994, 529.279483975
30.7625, 529.279486252
30.8225, 529.279480531
30.884, 529.279480476
30.947, 529.279482665
31.007, 529.279479390
31.0685, 529.279473304
31.1315, 529.279477728
31.1915, 529.279472473
31.253, 529.279472854
31.313, 529.279470866
31.3745, 529.279468938
31.4376, 529.279468511
31.5022, 529.279466888
31.5684, 529.279462295
31.6363, 529.279464085
31.6963, 529.279462135
31.7578, 529.279457757
31.8208, 529.279460828
31.8808, 529.279456211
31.9423, 529.279454863
32.0054, 529.279452515
32.07, 529.279452270
32.1362, 529.279449580
32.2041, 529.279450580
32.2641, 529.279445285
32.3256, 529.279445912
32.3856, 529.279445575
32.4471, 529.279445760
32.5071, 529.279442188
32.5686, 529.279443364
32.6286, 529.279439198
32.6901, 529.279440173
32.7501, 529.279436133
32.8116, 529.279435782
32.8746, 529.279433927
32.9393, 529.279433337
33.0055, 529.279433421
33.0655, 529.279427608
33.127, 529.279426175
33.19, 529.279427434
33.25, 529.279424081
33.3115, 529.279421521
33.3746, 529.279422832
33.4346, 529.279417814
33.4961, 529.279412364
33.5591, 529.279413856
33.6191, 529.279415942
33.6791, 529.279407079
33.7406, 529.279411953
33.8006, 529.279410368
33.8621, 529.279413879
33.9221, 529.279406083
33.9836, 529.279406190
34.0436, 529.279403768
34.1051, 529.279405817
34.1651, 529.279401806
34.2266, 529.279404256
34.2866, 529.279401560
34.3481, 529.279398060
34.4111, 529.279400471
34.4711, 529.279395718
34.5326, 529.279395287
34.5957, 529.279393456
34.6603, 529.279388266
34.7265, 529.279386637
34.7944, 529.279387416
34.8544, 529.279388542
34.9144, 529.279382369
34.9759, 529.279380835
35.0389, 529.279381379
35.0989, 529.279376602
35.1604, 529.279375404
35.2235, 529.279376677
35.2835, 529.279375904
35.345, 529.279372226
35.408, 529.279373579
35.468, 529.279369013
35.5295, 529.279370975
35.5895, 529.279369797
35.651, 529.279369370
35.7141, 529.279366737
35.7787, 529.279365302
35.8449, 529.279361557
35.9128, 529.279360780
35.9824, 529.279362683
36.0424, 529.279358355
36.1039, 529.279357927
36.1669, 529.279352810
36.2315, 529.279354606
36.2915, 529.279349621
36.353, 529.279353220
36.413, 529.279350142
36.4745, 529.279346682
36.5376, 529.279348592
36.5976, 529.279347380
36.6591, 529.279343303
36.7221, 529.279345057
36.7821, 529.279344133
36.8436, 529.279341530
36.9066, 529.279336240
36.9712, 529.279339462
37.0312, 529.279334064
37.0927, 529.279332171
37.1558, 529.279331629
37.2204, 529.279329453
37.2866, 529.279325842
37.3545, 529.279324359
37.4241, 529.279324746
37.4841, 529.279323168
37.5456, 529.279318744
37.6086, 529.279321998
37.6686, 529.279317787
37.7301, 529.279319030
37.7901, 529.279316424
37.8516, 529.279312904
37.9147, 529.279311538
37.9793, 529.279313318
38.0393, 529.279308637
38.1008, 529.279309578
38.1608, 529.279307122
38.2223, 529.279304674
38.2853, 529.279303499
38.3499, 529.279304910
38.4099, 529.279301695
38.4714, 529.279300958
38.5345, 529.279302305
38.5945, 529.279294723
38.656, 529.279295453
38.716, 529.279295088
38.7775, 529.279290946
38.8405, 529.279293163
38.9005, 529.279286169
38.962, 529.279286334
39.022, 529.279287519
39.082, 529.279286612
39.1435, 529.279289771
39.2035, 529.279283086
39.265, 529.279281480
39.328, 529.279280819
39.3927, 529.279279681
39.4589, 529.279274894
39.5268, 529.279275317
39.5868, 529.279274227
39.6483, 529.279273683
39.7113, 529.279271742
39.7759, 529.279267021
39.8421, 529.279268619
39.9021, 529.279262900
39.9636, 529.279266004
40.0236, 529.279264960
40.0851, 529.279261140
40.1482, 529.279260802
40.2128, 529.279260411
40.279, 529.279252942
40.3469, 529.279252330
40.4165, 529.279251107
40.4878, 529.279252319
40.5478, 529.279247031
40.6093, 529.279248539
40.6693, 529.279247633
40.7308, 529.279244060
40.7938, 529.279243550
40.8585, 529.279243365
40.9247, 529.279242268
40.9926, 529.279240816
41.0622, 529.279236362
41.1335, 529.279235873
41.2066, 529.279230448
41.2815, 529.279233437
41.3415, 529.279234733
41.4015, 529.279230496
41.463, 529.279225687
41.5261, 529.279230380
41.5861, 529.279224223
41.6476, 529.279228545
41.7076, 529.279225056
41.7691, 529.279223746
41.8321, 529.279218053
41.8967, 529.279220705
41.9567, 529.279220246
42.0182, 529.279217478
42.0812, 529.279210917
42.1459, 529.279215294
42.2059, 529.279213163
42.2674, 529.279214154
42.3274, 529.279208449
42.3889, 529.279209864
42.4489, 529.279205417
42.5104, 529.279206666
42.5704, 529.279201149
42.6319, 529.279203979
42.6919, 529.279202277
42.7534, 529.279199356
42.8164, 529.279198611
42.881, 529.279197128
42.9472, 529.279191158
43.0151, 529.279194787
43.0751, 529.279192742
43.1366, 529.279189093
43.1997, 529.279186380
43.2643, 529.279186277
43.3305, 529.279187900
43.3905, 529.279182099
43.452, 529.279183529
43.512, 529.279181840
43.5735, 529.279181188
43.6365, 529.279178921
43.7011, 529.279177949
43.7674, 529.279174818
43.8353, 529.279171872
43.9048, 529.279175607
43.9648, 529.279169395
44.0263, 529.279168000
44.0894, 529.279166882
44.154, 529.279168831
44.214, 529.279162358
44.2755, 529.279163011
44.3355, 529.279162657
44.397, 529.279161641
44.46, 529.279156822
44.5246, 529.279156871
44.5846, 529.279157203
44.6446, 529.279154047
44.7061, 529.279151159
44.7692, 529.279149702
44.8338, 529.279149350
44.9, 529.279148806
44.9679, 529.279147073
45.0375, 529.279144717
45.1088, 529.279143907
45.1819, 529.279137794
45.2568, 529.279139683
45.3168, 529.279135889
45.3783, 529.279137891
45.4383, 529.279136102
45.4998, 529.279132804
45.5629, 529.279131937
45.6275, 529.279131334
45.6937, 529.279128086
45.7616, 529.279129117
45.8216, 529.279126079
45.8831, 529.279123602
45.9461, 529.279122843
46.0108, 529.279120698
46.077, 529.279120215
46.1449, 529.279119158
46.2145, 529.279115091
46.2858, 529.279111881
46.3589, 529.279115047
46.4189, 529.279110801
46.4804, 529.279108360
46.5434, 529.279106370
46.608, 529.279106792
46.668, 529.279105680
46.7295, 529.279106782
46.7895, 529.279102731
46.851, 529.279103011
46.911, 529.279105389
46.971, 529.279098105
47.0325, 529.279097286
47.0956, 529.279096283
47.1602, 529.279094693
47.2264, 529.279092037
47.2943, 529.279092651
47.3543, 529.279093356
47.4143, 529.279087005
47.4758, 529.279085001
47.5388, 529.279083839
47.6034, 529.279083567
47.6697, 529.279079555
47.7376, 529.279082671
47.7976, 529.279081257
47.8591, 529.279079722
47.9221, 529.279076579
47.9867, 529.279076588
48.0467, 529.279072857
48.1082, 529.279069780
48.1713, 529.279070793
48.2313, 529.279069120
48.2928, 529.279068098
48.3558, 529.279066164
48.4204, 529.279066777
48.4804, 529.279063320
48.5419, 529.279061943
48.6049, 529.279058138
48.6696, 529.279059539
48.7296, 529.279055249
48.7911, 529.279057498
48.8511, 529.279055829
48.9126, 529.279055283
48.9756, 529.279050676
49.0402, 529.279051593
49.1002, 529.279048202
49.1617, 529.279047877
49.2247, 529.279044809
49.2894, 529.279044839
49.3494, 529.279042871
49.4109, 529.279041195
49.4739, 529.279039118
49.5385, 529.279041332
49.5985, 529.279038573
49.66, 529.279034149
49.723, 529.279037840
49.783, 529.279031519
49.8445, 529.279030607
49.9076, 529.279027634
49.9722, 529.279027116
50.0384, 529.279029432
50.0984, 529.279029833
50.1584, 529.279023054
50.2199, 529.279020993
50.283, 529.279023018
50.343, 529.279016232
50.4045, 529.279018366
50.4645, 529.279017275
50.526, 529.279016087
50.589, 529.279012160
50.6536, 529.279011759
50.7198, 529.279007697
50.7877, 529.279008731
50.8477, 529.279008026
50.9092, 529.279008013
50.9723, 529.279005330
51.0369, 529.279002480
51.1031, 529.279001315
51.171, 529.278999794
51.2406, 529.279001069
51.3006, 529.278994777
51.3621, 529.278999222
51.4221, 529.278996184
51.4836, 529.278994178
51.5466, 529.278990221
51.6112, 529.278991455
51.6712, 529.278984755
51.7327, 529.278987066
51.7927, 529.278983030
51.8542, 529.278982651
51.9173, 529.278986067
51.9773, 529.278980670
52.0388, 529.278980495
52.1018, 529.278980722
52.1618, 529.278976336
52.2233, 529.278972963
52.2863, 529.278971450
52.3509, 529.278973376
52.4109, 529.278968260
52.4724, 529.278967640
52.5355, 529.278968891
52.5955, 529.278968204
52.657, 529.278962686
52.72, 529.278965200
52.78, 529.278963525
52.8415, 529.278960350
52.9046, 529.278958989
52.9692, 529.278959256
53.0292, 529.278957625
53.0907, 529.278953457
53.1537, 529.278950851
53.2183, 529.278950247
53.2846, 529.278949491
53.3524, 529.278950160
53.4124, 529.278947940
53.4739, 529.278942720
53.537, 529.278943172
53.597, 529.278939219
53.6585, 529.278940732
53.7185, 529.278936264
53.78, 529.278939141
53.84, 529.278937217
53.9015, 529.278935155
53.9645, 529.278937370
54.0245, 529.278929539
54.086, 529.278928293
54.149, 529.278928850
54.209, 529.278928935
54.269, 529.278927305
54.3305, 529.278923018
54.3936, 529.278924155
54.4536, 529.278922163
54.5151, 529.278918396
54.5781, 529.278919525
54.6381, 529.278915709
54.6996, 529.278914956
54.7627, 529.278913432
54.8273, 529.278912614
54.8935, 529.278911344
54.9614, 529.278911618
55.0214, 529.278910897
55.0829, 529.278906856
55.1459, 529.278906777
55.2105, 529.278904215
55.2768, 529.278905672
55.3368, 529.278898279
55.3983, 529.278899017
55.4583, 529.278900185
55.5183, 529.278895407
55.5798, 529.278899679
55.6398, 529.278892712
55.7013, 529.278891527
55.7643, 529.278893487
55.8243, 529.278889491
55.8858, 529.278886923
55.9488, 529.278885561
56.0135, 529.278888784
56.0735, 529.278881946
56.135, 529.278883943
56.195, 529.278877903
56.2565, 529.278879662
56.3165, 529.278877170
56.378, 529.278875216
56.441, 529.278876185
56.501, 529.278872775
56.5625, 529.278874818
56.6225, 529.278868266
56.684, 529.278869132
56.744, 529.278863870
56.8055, 529.278866241
56.8655, 529.278864561
56.927, 529.278862281
56.99, 529.278861936
57.0546, 529.278860338
57.1209, 529.278864217
57.1809, 529.278857232
57.2424, 529.278856439
57.3054, 529.278854647
57.37, 529.278857626
57.43, 529.278854024
57.4915, 529.278852832
57.5546, 529.278850375
57.6192, 529.278849340
57.6854, 529.278845254
57.7533, 529.278844322
57.8229, 529.278842102
57.8942, 529.278838843
57.9673, 529.278839778
58.0273, 529.278839564
58.0888, 529.278835470
58.1518, 529.278833296
58.2164, 529.278834029
58.2764, 529.278831696
58.3379, 529.278830065
58.401, 529.278828872
58.4656, 529.278829984
58.5256, 529.278822727
58.5871, 529.278822480
58.6501, 529.278825053
58.7101, 529.278822436
58.7716, 529.278820987
58.8347, 529.278822171
58.8947, 529.278817161
58.9562, 529.278816400
59.0192, 529.278815820
59.0838, 529.278816859
59.1438, 529.278811556
59.2053, 529.278810932
59.2684, 529.278808517
59.333, 529.278809996
59.393, 529.278805427
59.4545, 529.278805169
59.5175, 529.278804151
59.5821, 529.278802355
59.6484, 529.278799776
59.7162, 529.278796694
59.7858, 529.278792995
59.8571, 529.278795489
59.9171, 529.278797511
59.9771, 529.278793007
60.0386, 529.278791603
60.1017, 529.278790783
60.1663, 529.278787709
60.2325, 529.278786198
60.3004, 529.278782953
60.37, 529.278786878
60.43, 529.278783673
60.4915, 529.278781757
60.5545, 529.278780120
60.6191, 529.278780730
60.6791, 529.278774583
60.7406, 529.278773582
60.8037, 529.278773752
60.8637, 529.278772159
60.9252, 529.278768062
60.9882, 529.278769274
61.0482, 529.278770624
61.1082, 529.278766442
61.1697, 529.278760649
61.2328, 529.278765048
61.2928, 529.278760857
61.3543, 529.278758722
61.4173, 529.278760738
61.4773, 529.278755429
61.5388, 529.278755797
61.5988, 529.278754068
61.6603, 529.278750606
61.7233, 529.278750622
61.7833, 529.278747831
61.8448, 529.278747371
61.9079, 529.278748100
61.9679, 529.278745756
62.0294, 529.278742776
62.0924, 529.278741810
62.157, 529.278740595
62.2232, 529.278741429
62.2832, 529.278737254
62.3447, 529.278734639
62.4078, 529.278736834
62.4678, 529.278736587
62.5293, 529.278729990
62.5923, 529.278734255
62.6523, 529.278727406
62.7138, 529.278729208
62.7738, 529.278726082
62.8353, 529.278726377
62.8953, 529.278725548
62.9568, 529.278725008
63.0199, 529.278720923
63.0845, 529.278719670
63.1507, 529.278720072
63.2107, 529.278718631
63.2722, 529.278716888
63.3352, 529.278714044
63.3998, 529.278712795
63.4661, 529.278709937
63.534, 529.278709609
63.6035, 529.278715090
63.6635, 529.278705647
63.725, 529.278708658
63.785, 529.278705725
63.8465, 529.278701413
63.9096, 529.278701739
63.9696, 529.278700418
64.0311, 529.278698441
64.0941, 529.278696211
64.1587, 529.278695439
64.225, 529.278691927
64.2928, 529.278691441
64.3624, 529.278693745
64.4224, 529.278688709
64.4839, 529.278689767
64.5439, 529.278686812
64.6054, 529.278684653
64.6685, 529.278681123
64.7331, 529.278684525
64.7931, 529.278678011
64.8546, 529.278676896
64.9176, 529.278678088
64.9776, 529.278675083
65.0391, 529.278674649
65.1022, 529.278671824
65.1668, 529.278672630
65.2268, 529.278667884
65.2883, 529.278669183
65.3483, 529.278666856
65.4098, 529.278663730
65.4728, 529.278666819
65.5328, 529.278664247
65.5943, 529.278658696
65.6573, 529.278658606
65.722, 529.278659207
65.782, 529.278655617
65.8435, 529.278655343
65.9065, 529.278656125
65.9665, 529.278653149
66.028, 529.278652770
66.091, 529.278651101
66.1556, 529.278648498
66.2219, 529.278646427
66.2898, 529.278644916
66.3593, 529.278644119
66.4307, 529.278638745
66.5038, 529.278638906
66.5638, 529.278637997
66.6253, 529.278638392
66.6853, 529.278632880
66.7468, 529.278635821
66.8068, 529.278632809
66.8683, 529.278633640
66.9283, 529.278628787
66.9898, 529.278626239
67.0528, 529.278630269
67.1128, 529.278623464
67.1743, 529.278625074
67.2343, 529.278623259
67.2958, 529.278625380
67.3558, 529.278618068
67.4173, 529.278617091
67.4803, 529.278617018
67.545, 529.278612120
67.6112, 529.278615942
67.6712, 529.278614154
67.7327, 529.278609887
67.7957, 529.278610177
67.8557, 529.278609124
67.9172, 529.278604204
67.9803, 529.278605257
68.0403, 529.278603703
68.1018, 529.278601384
68.1648, 529.278601821
68.2248, 529.278599780
68.2863, 529.278597273
68.3493, 529.278598619
68.4093, 529.278593455
68.4708, 529.278592709
68.5339, 529.278590567
68.5985, 529.278591370
68.6585, 529.278584437
68.72, 529.278585701
68.78, 529.278586041
68.84, 529.278584890
68.9015, 529.278581733
68.9645, 529.278582432
69.0245, 529.278579308
69.086, 529.278576873
69.1491, 529.278576566
69.2137, 529.278577810
69.2737, 529.278573192
69.3352, 529.278573213
69.3952, 529.278573003
69.4567, 529.278572503
69.5197, 529.278573146
69.5797, 529.278569053
69.6412, 529.278569155
69.7012, 529.278565284
69.7627, 529.278561490
69.8257, 529.278564135
69.8857, 529.278558565
69.9472, 529.278559480
70.0072, 529.278553548
70.0687, 529.278554937
70.1287, 529.278549968
70.1902, 529.278551733
70.2502, 529.278548469
70.3117, 529.278550694
70.3717, 529.278546674
70.4332, 529.278548551
70.4932, 529.278549518
70.5532, 529.278544850
70.6147, 529.278543102
70.6778, 529.278543407
70.7378, 529.278538475
70.7993, 529.278537116
70.8623, 529.278539162
70.9223, 529.278535932
70.9838, 529.278534362
71.0469, 529.278536362
71.1069, 529.278530465
71.1684, 529.278529653
71.2314, 529.278529118
71.296, 529.278527753
71.3622, 529.278525643
71.4301, 529.278523896
71.4997, 529.278522533
71.571, 529.278525030
71.631, 529.278518197
71.6925, 529.278519059
71.7525, 529.278517945
71.814, 529.278515021
71.8771, 529.278515157
71.9371, 529.278510534
71.9986, 529.278510229
72.0616, 529.278511132
72.1216, 529.278506652
72.1831, 529.278506225
72.2461, 529.278504713
72.3108, 529.278507981
72.3708, 529.278499817
72.4323, 529.278498825
72.4953, 529.278505021
72.5553, 529.278499165
72.6168, 529.278496385
72.6798, 529.278498594
72.7398, 529.278491846
72.8013, 529.278492676
72.8613, 529.278487578
72.9228, 529.278487070
72.9859, 529.278487085
73.0459, 529.278488778
73.1059, 529.278485392
73.1674, 529.278484192
73.2304, 529.278482479
73.295, 529.278482249
73.3612, 529.278478814
73.4291, 529.278477738
73.4987, 529.278476615
73.57, 529.278475408
73.6431, 529.278472075
73.7181, 529.278471328
73.7949, 529.278467986
73.8736, 529.278465457
73.9543, 529.278465475
74.0143, 529.278462575
74.0758, 529.278457553
74.1388, 529.278459426
74.1988, 529.278456925
74.2603, 529.278457091
74.3203, 529.278458140
74.3803, 529.278453468
74.4418, 529.278454918
74.5018, 529.278452979
74.5633, 529.278444916
74.6264, 529.278449810
74.6864, 529.278448175
74.7479, 529.278445239
74.8109, 529.278443077
74.8755, 529.278446762
74.9355, 529.278443081
74.997, 529.278441159
75.0601, 529.278437501
75.1247, 529.278439654
75.1847, 529.278435763
75.2462, 529.278435171
75.3092, 529.278434130
75.3738, 529.278432242
75.44, 529.278431256
75.5079, 529.278431026
75.5775, 529.278429175
75.6488, 529.278423907
75.7219, 529.278425183
75.7819, 529.278424146
75.8434, 529.278420936
75.9065, 529.278418212
75.9711, 529.278419842
76.0311, 529.278418802
76.0926, 529.278419119
76.1526, 529.278411987
76.2141, 529.278414839
76.2741, 529.278412814
76.3356, 529.278409441
76.3986, 529.278409416
76.4632, 529.278408863
76.5295, 529.278404139
76.5974, 529.278402308
76.6669, 529.278398830
76.7383, 529.278403278
76.7983, 529.278401335
76.8598, 529.278397033
76.9228, 529.278394311
76.9874, 529.278395168
77.0474, 529.278388316
77.1089, 529.278392605
77.1689, 529.278387877
77.2304, 529.278387052
77.2934, 529.278388427
77.3534, 529.278385213
77.4149, 529.278383760
77.478, 529.278382241
77.5426, 529.278383689
77.6026, 529.278379562
77.6641, 529.278381678
77.7241, 529.278374392
77.7856, 529.278378055
77.8456, 529.278376184
77.9071, 529.278375249
77.9701, 529.278375752
78.0301, 529.278370540
78.0916, 529.278366789
78.1547, 529.278366532
78.2193, 529.278364542
78.2855, 529.278363960
78.3534, 529.278364614
78.4134, 529.278360381
78.4749, 529.278361664
78.5349, 529.278356887
78.5964, 529.278355134
78.6594, 529.278353554
78.724, 529.278355374
78.784, 529.278352062
78.8455, 529.278354379
78.9055, 529.278350289
78.967, 529.278346624
79.0301, 529.278345192
79.0947, 529.278346610
79.1547, 529.278343493
79.2162, 529.278340024
79.2792, 529.278341896
79.3392, 529.278340811
79.4007, 529.278333485
79.4638, 529.278334570
79.5238, 529.278334440
79.5853, 529.278335977
79.6453, 529.278330716
79.7068, 529.278327443
79.7698, 529.278329933
79.8298, 529.278327142
79.8913, 529.278327378
79.9513, 529.278323258
80.0128, 529.278318327
80.0758, 529.278326326
80.1358, 529.278319847
80.1973, 529.278318844
80.2604, 529.278318343
80.325, 529.278316428
80.3912, 529.278314455
80.4591, 529.278314910
80.5191, 529.278309691
80.5806, 529.278309069
80.6437, 529.278308167
80.7083, 529.278308497
80.7683, 529.278306154
80.8298, 529.278302577
80.8928, 529.278304734
80.9528, 529.278303257
81.0143, 529.278300900
81.0773, 529.278298502
81.142, 529.278299139
81.202, 529.278300739
81.262, 529.278293628
81.3235, 529.278295875
81.3835, 529.278293282
81.445, 529.278293289
81.505, 529.278287965
81.5665, 529.278287836
81.6295, 529.278288245
81.6895, 529.278289236
81.7495, 529.278287073
81.811, 529.278284255
81.874, 529.278283205
81.9386, 529.278282236
82.0049, 529.278276610
82.0728, 529.278277584
82.1328, 529.278280509
82.1928, 529.278274648
82.2543, 529.278273131
82.3173, 529.278274975
82.3773, 529.278267154
82.4388, 529.278269731
82.4988, 529.278266568
82.5603, 529.278266931
82.6203, 529.278260871
82.6818, 529.278262390
82.7418, 529.278259886
82.8033, 529.278257532
82.8663, 529.278260311
82.9263, 529.278258272
82.9878, 529.278255291
83.0509, 529.278256170
83.1109, 529.278252022
83.1724, 529.278252883
83.2324, 529.278249466
83.2939, 529.278249289
83.3569, 529.278245234
83.4215, 529.278244829
83.4877, 529.278243334
83.5556, 529.278244746
83.6156, 529.278238214
83.6771, 529.278238053
83.7402, 529.278237759
83.8048, 529.278239117
83.8648, 529.278237715
83.9263, 529.278232075
83.9893, 529.278235254
84.0493, 529.278229350
84.1108, 529.278228071
84.1739, 529.278228908
84.2339, 529.278224270
84.2954, 529.278223666
84.3584, 529.278223441
84.423, 529.278222016
84.4892, 529.278220672
84.5571, 529.278219864
84.6267, 529.278218000
84.698, 529.278217194
84.7711, 529.278211653
84.8461, 529.278210711
84.9229, 529.278212465
84.9829, 529.278210763
85.0444, 529.278205815
85.1074, 529.278205993
85.1674, 529.278203629
85.2289, 529.278201443
85.2919, 529.278198741
85.3566, 529.278196152
85.4228, 529.278199380
85.4828, 529.278197647
85.5443, 529.278193944
85.6073, 529.278194847
85.6673, 529.278194201
85.7288, 529.278191749
85.7919, 529.278193155
85.8519, 529.278189068
85.9134, 529.278186354
85.9764, 529.278187356
86.0364, 529.278183702
86.0979, 529.278182960
86.1609, 529.278181119
86.2255, 529.278178907
86.2918, 529.278179683
86.3518, 529.278176051
86.4133, 529.278175626
86.4763, 529.278174547
86.5409, 529.278172060
86.6072, 529.278173080
86.6672, 529.278169247
86.7287, 529.278168200
86.7917, 529.278165240
86.8563, 529.278163468
86.9225, 529.278161650
86.9904, 529.278161274
87.06, 529.278160979
87.1313, 529.278161649
87.1913, 529.278158389
87.2528, 529.278156279
87.3159, 529.278153289
87.3805, 529.278152354
87.4467, 529.278150568
87.5146, 529.278149878
87.5842, 529.278148759
87.6555, 529.278146879
87.7286, 529.278143862
87.8035, 529.278143433
87.8803, 529.278142038
87.9591, 529.278141707
88.0397, 529.278137009
88.1225, 529.278133859
88.2072, 529.278135084
88.2672, 529.278128540
88.3287, 529.278134349
88.3887, 529.278127230
88.4502, 529.278128873
88.5102, 529.278129100
88.5702, 529.278124093
88.6317, 529.278123416
88.6948, 529.278121109
88.7594, 529.278120986
88.8256, 529.278118990
88.8935, 529.278123396
88.9535, 529.278117162
89.015, 529.278116374
89.078, 529.278112544
89.1427, 529.278112878
89.2027, 529.278109454
89.2642, 529.278108064
89.3272, 529.278108977
89.3872, 529.278106181
89.4487, 529.278104612
89.5117, 529.278102958
89.5763, 529.278099689
89.6426, 529.278102686
89.7026, 529.278099321
89.7641, 529.278099450
89.8241, 529.278095408
89.8856, 529.278095199
89.9486, 529.278095217
90.0086, 529.278091802
90.0701, 529.278088812
90.1331, 529.278091538
90.1931, 529.278085913
90.2546, 529.278088176
90.3146, 529.278085923
90.3761, 529.278082459
90.4392, 529.278083868
90.4992, 529.278075372
90.5607, 529.278078415
90.6207, 529.278075326
90.6822, 529.278074917
90.7452, 529.278070681
90.8098, 529.278070887
90.8698, 529.278069931
90.9313, 529.278070670
90.9913, 529.278068693
91.0528, 529.278065374
91.1159, 529.278065903
91.1759, 529.278064113
91.2374, 529.278063527
91.3004, 529.278062701
91.365, 529.278058435
91.4312, 529.278061385
91.4912, 529.278059290
91.5527, 529.278055598
91.6158, 529.278056977
91.6758, 529.278049584
91.7373, 529.278048384
91.8003, 529.278050009
91.8603, 529.278050023
91.9203, 529.278049066
91.9818, 529.278047144
92.0449, 529.278045331
92.1095, 529.278047128
92.1695, 529.278041208
92.231, 529.278039483
92.294, 529.278034816
92.3586, 529.278038644
92.4186, 529.278036045
92.4801, 529.278036427
92.5401, 529.278034441
92.6016, 529.278028118
92.6647, 529.278029427
92.7247, 529.278027477
92.7862, 529.278028215
92.8462, 529.278028565
92.9062, 529.278025077
92.9677, 529.278022871
93.0307, 529.278024184
93.0907, 529.278022710
93.1522, 529.278017540
93.2152, 529.278019242
93.2752, 529.278014071
93.3367, 529.278015190
93.3967, 529.278012348
93.4582, 529.278013712
93.5182, 529.278008480
93.5797, 529.278008648
93.6397, 529.278007230
93.7012, 529.278003261
93.7643, 529.278005545
93.8243, 529.278003470
93.8858, 529.278005315
93.9458, 529.278004078
94.0073, 529.277999371
94.0703, 529.278000714
94.1303, 529.277995184
94.1918, 529.277995893
94.2518, 529.277993606
94.3133, 529.277994818
94.3733, 529.277989588
94.4348, 529.277995824
94.4948, 529.277988684
94.5563, 529.277986673
94.6194, 529.277987393
94.6794, 529.277982990
94.7409, 529.277978650
94.8039, 529.277986253
94.8639, 529.277978334
94.9254, 529.277976348
94.9884, 529.277976954
95.0484, 529.277974050
95.1099, 529.277976450
95.1699, 529.277974165
95.2314, 529.277973503
95.2945, 529.277973744
95.3545, 529.277965905
95.416, 529.277963812
95.479, 529.277963866
95.539, 529.277966249
95.599, 529.277961530
95.6605, 529.277961994
95.7205, 529.277958954
95.782, 529.277957569
95.845, 529.277956171
95.9097, 529.277956238
95.9697, 529.277955790
96.0312, 529.277955564
96.0942, 529.277952787
96.1588, 529.277951636
96.225, 529.277947931
96.2929, 529.277951200
96.3529, 529.277946653
96.4144, 529.277947110
96.4744, 529.277939341
96.5359, 529.277940568
96.5959, 529.277939035
96.6574, 529.277934674
96.7205, 529.277934292
96.7851, 529.277933939
96.8513, 529.277936934
96.9113, 529.277929299
96.9728, 529.277931002
97.0328, 529.277927907
97.0943, 529.277929465
97.1543, 529.277924952
97.2158, 529.277924622
97.2788, 529.277925846
97.3388, 529.277921958
97.4003, 529.277920096
97.4634, 529.277918530
97.528, 529.277918721
97.588, 529.277916420
97.6495, 529.277916256
97.7125, 529.277913901
97.7771, 529.277913370
97.8434, 529.277910709
97.9112, 529.277910394
97.9808, 529.277909087
98.0522, 529.277908683
98.1253, 529.277904679
98.2002, 529.277900826
98.277, 529.277901375
98.337, 529.277899925
98.3985, 529.277897781
98.4615, 529.277893975
98.5261, 529.277894914
98.5861, 529.277893886
98.6476, 529.277889319
98.7107, 529.277888736
98.7753, 529.277888052
98.8415, 529.277888345
98.9015, 529.277886064
98.963, 529.277884135
99.0261, 529.277884505
99.0861, 529.277880797
99.1476, 529.277878329
99.2106, 529.277878561
99.2706, 529.277877408
99.3321, 529.277873622
99.3951, 529.277874501
99.4551, 529.277875891
99.5151, 529.277872483
99.5766, 529.277870240
99.6397, 529.277870248
99.6997, 529.277868361
99.7612, 529.277865696
99.8242, 529.277864849
99.8888, 529.277864508
99.9551, 529.277863236
100.023, 529.277859414
100.093, 529.277860462
100.153, 529.277860200
100.214, 529.277858299
100.277, 529.277854968
100.342, 529.277856105
100.402, 529.277851588
100.463, 529.277844613
100.526, 529.277846600
100.586, 529.277846058
100.648, 529.277846349
100.708, 529.277845163
100.769, 529.277842207
100.832, 529.277841573
100.897, 529.277839419
100.963, 529.277836607
101.031, 529.277836780
101.091, 529.277833508
101.152, 529.277830726
101.216, 529.277830655
101.28, 529.277830498
101.346, 529.277828754
101.414, 529.277827360
101.484, 529.277828814
101.544, 529.277822367
101.605, 529.277825782
101.665, 529.277821870
101.727, 529.277821650
101.79, 529.277820812
101.854, 529.277820201
101.921, 529.277816207
101.989, 529.277819083
102.049, 529.277812792
102.11, 529.277815219
102.17, 529.277810477
102.232, 529.277810167
102.295, 529.277807699
102.359, 529.277807733
102.419, 529.277807080
102.481, 529.277801682
102.544, 529.277801885
102.604, 529.277799513
102.665, 529.277799309
102.728, 529.277800080
102.788, 529.277794034
102.85, 529.277797039
102.91, 529.277793062
102.971, 529.277791024
103.034, 529.277789368
103.099, 529.277793432
103.159, 529.277785643
103.22, 529.277789167
103.28, 529.277787292
103.342, 529.277781343
103.405, 529.277780174
103.47, 529.277783608
103.53, 529.277775915
103.591, 529.277778298
103.651, 529.277775913
103.713, 529.277775075
103.776, 529.277774783
103.84, 529.277775997
103.9, 529.277771120
103.962, 529.277771517
104.022, 529.277769301
104.083, 529.277768639
104.146, 529.277769157
104.206, 529.277763243
104.268, 529.277764479
104.328, 529.277760077
104.389, 529.277759270
104.452, 529.277756328
104.517, 529.277754102
104.583, 529.277757672
104.643, 529.277753856
104.705, 529.277752804
104.768, 529.277748466
104.832, 529.277750226
104.892, 529.277744702
104.954, 529.277743838
105.017, 529.277747050
105.077, 529.277741396
105.138, 529.277742259
105.198, 529.277739703
105.26, 529.277740746
105.32, 529.277740278
105.381, 529.277733910
105.444, 529.277737239
105.504, 529.277735299
105.566, 529.277733875
105.629, 529.277732362
105.694, 529.277731469
105.76, 529.277727676
105.828, 529.277725741
105.897, 529.277726759
105.957, 529.277726545
106.019, 529.277723830
106.082, 529.277720320
106.146, 529.277723561
106.206, 529.277718185
106.268, 529.277716395
106.331, 529.277712244
106.396, 529.277713227
106.456, 529.277710253
106.517, 529.277710544
106.577, 529.277710097
106.639, 529.277709786
106.702, 529.277707847
106.766, 529.277708705
106.826, 529.277703432
106.888, 529.277702887
106.951, 529.277702365
107.015, 529.277698982
107.082, 529.277699018
107.142, 529.277695313
107.203, 529.277695211
107.266, 529.277692969
107.331, 529.277694008
107.391, 529.277689321
107.452, 529.277691058
107.512, 529.277690221
107.574, 529.277688062
107.637, 529.277684498
107.701, 529.277687219
107.761, 529.277681285
107.823, 529.277682016
107.883, 529.277681376
107.944, 529.277677362
108.007, 529.277678197
108.067, 529.277675178
108.129, 529.277672108
108.192, 529.277674017
108.252, 529.277669176
108.313, 529.277668116
108.376, 529.277668912
108.436, 529.277664915
108.498, 529.277664413
108.561, 529.277662413
108.626, 529.277666367
108.686, 529.277661430
108.747, 529.277659859
108.81, 529.277662672
108.87, 529.277655853
108.932, 529.277655380
108.995, 529.277654106
109.059, 529.277654794
109.119, 529.277653377
109.181, 529.277651459
109.244, 529.277653272
109.304, 529.277645418
109.365, 529.277644150
109.428, 529.277647099
109.488, 529.277640643
109.55, 529.277641245
109.61, 529.277639863
109.671, 529.277638334
109.734, 529.277637423
109.799, 529.277639832
109.859, 529.277633512
109.921, 529.277631367
109.984, 529.277632397
110.044, 529.277630864
110.105, 529.277631301
110.165, 529.277629673
110.227, 529.277630313
110.287, 529.277628833
110.348, 529.277623987
110.411, 529.277622189
110.476, 529.277621557
110.542, 529.277620255
110.61, 529.277615952
110.679, 529.277616016
110.739, 529.277613266
110.801, 529.277616042
110.861, 529.277609816
110.922, 529.277609837
110.982, 529.277607546
111.044, 529.277607632
111.104, 529.277605773
111.165, 529.277603827
111.228, 529.277603783
111.293, 529.277601590
111.359, 529.277599029
111.427, 529.277601791
111.487, 529.277596352
111.549, 529.277595600
111.612, 529.277593943
111.676, 529.277593724
111.743, 529.277593084
111.81, 529.277593536
111.87, 529.277590810
111.932, 529.277586064
111.995, 529.277583837
112.06, 529.277584851
112.12, 529.277585670
112.18, 529.277580583
112.241, 529.277577122
112.304, 529.277577654
112.364, 529.277576742
112.426, 529.277574439
112.489, 529.277572393
112.553, 529.277573996
112.613, 529.277571029
112.675, 529.277569928
112.738, 529.277570418
112.798, 529.277568850
112.859, 529.277567623
112.922, 529.277565335
112.987, 529.277565486
113.047, 529.277564396
113.109, 529.277558697
113.172, 529.277556978
113.236, 529.277557347
113.296, 529.277556203
113.358, 529.277552906
113.421, 529.277552652
113.485, 529.277553992
113.545, 529.277552704
113.607, 529.277548565
113.67, 529.277546974
113.734, 529.277546317
113.801, 529.277544935
113.869, 529.277547528
113.929, 529.277541966
113.99, 529.277538419
114.053, 529.277535892
114.118, 529.277536634
114.178, 529.277534221
114.239, 529.277534825
114.299, 529.277534152
114.361, 529.277529903
114.424, 529.277527303
114.488, 529.277528477
114.548, 529.277528936
114.608, 529.277524334
114.67, 529.277524913
114.73, 529.277522229
114.791, 529.277523488
114.851, 529.277516432
114.913, 529.277515451
114.976, 529.277516109
115.036, 529.277518269
115.096, 529.277514484
115.157, 529.277511086
115.22, 529.277504818
115.285, 529.277513051
115.345, 529.277505577
115.407, 529.277508162
115.467, 529.277504899
115.528, 529.277507890
115.588, 529.277501458
115.65, 529.277498473
115.713, 529.277497877
115.777, 529.277500370
115.837, 529.277499373
115.899, 529.277493916
115.962, 529.277488275
116.026, 529.277491739
116.086, 529.277487363
116.148, 529.277488751
116.208, 529.277489025
116.268, 529.277486282
116.329, 529.277485453
116.392, 529.277484022
116.457, 529.277484055
116.517, 529.277482423
116.579, 529.277478691
116.642, 529.277479336
116.702, 529.277477654
116.763, 529.277476612
116.826, 529.277475188
116.891, 529.277473877
116.957, 529.277474334
117.017, 529.277471105
117.078, 529.277469363
117.141, 529.277465040
117.206, 529.277468083
117.266, 529.277463319
117.328, 529.277464086
117.388, 529.277463543
117.449, 529.277462719
117.512, 529.277457940
117.577, 529.277461061
117.637, 529.277455055
117.698, 529.277455072
117.758, 529.277451899
117.82, 529.277450592
117.883, 529.277451709
117.943, 529.277450395
118.004, 529.277447955
118.067, 529.277446729
118.132, 529.277444762
118.198, 529.277445799
118.258, 529.277442220
118.32, 529.277439007
118.383, 529.277440087
118.443, 529.277441244
118.503, 529.277438253
118.564, 529.277439233
118.624, 529.277435730
118.686, 529.277432841
118.749, 529.277431723
118.813, 529.277430230
118.88, 529.277427400
118.947, 529.277427516
119.007, 529.277424298
119.069, 529.277424395
119.129, 529.277422536
119.19, 529.277423511
119.25, 529.277418450
119.312, 529.277414721
119.375, 529.277416629
119.435, 529.277409604
119.496, 529.277412414
119.556, 529.277411833
119.618, 529.277409047
119.681, 529.277411145
119.741, 529.277407309
119.803, 529.277407010
119.866, 529.277405272
119.93, 529.277403575
119.996, 529.277405502
120.056, 529.277398480
120.118, 529.277399197
120.178, 529.277397909
120.239, 529.277395164
120.302, 529.277398074
120.362, 529.277392527
120.424, 529.277392994
120.484, 529.277387425
120.545, 529.277389104
120.605, 529.277385429
120.667, 529.277388612
120.727, 529.277381769
120.788, 529.277381902
120.848, 529.277381381
120.91, 529.277380590
120.973, 529.277380590
121.033, 529.277376460
121.094, 529.277375813
121.158, 529.277375206
121.222, 529.277379842
121.282, 529.277373001
121.344, 529.277372647
121.407, 529.277369805
121.471, 529.277371277
121.531, 529.277365670
121.593, 529.277367857
121.653, 529.277364919
121.714, 529.277361979
121.777, 529.277362191
121.837, 529.277359921
121.899, 529.277356817
121.962, 529.277352770
122.026, 529.277356290
122.086, 529.277352804
122.148, 529.277354067
122.208, 529.277352948
122.269, 529.277351085
122.333, 529.277346793
122.397, 529.277347571
122.457, 529.277347507
122.519, 529.277348221
122.579, 529.277345402
122.64, 529.277341850
122.703, 529.277340750
122.768, 529.277339655
122.834, 529.277339677
122.894, 529.277335073
122.955, 529.277336159
123.015, 529.277333712
123.077, 529.277334361
123.137, 529.277329967
123.198, 529.277327712
123.262, 529.277326117
123.326, 529.277326180
123.386, 529.277324765
123.448, 529.277320002
123.511, 529.277317905
123.575, 529.277321791
123.635, 529.277322208
123.695, 529.277319372
123.757, 529.277317929
123.82, 529.277319739
123.88, 529.277314367
123.941, 529.277313336
124.004, 529.277307971
124.069, 529.277310604
124.129, 529.277304562
124.19, 529.277309502
124.25, 529.277304042
124.312, 529.277302052
124.375, 529.277299361
124.44, 529.277297371
124.506, 529.277300449
124.566, 529.277298860
124.627, 529.277295141
124.69, 529.277292007
124.755, 529.277296618
124.815, 529.277293094
124.877, 529.277290580
124.94, 529.277288486
125.004, 529.277287859
125.07, 529.277291492
125.13, 529.277281526
125.192, 529.277282650
125.252, 529.277280915
125.313, 529.277281746
125.373, 529.277278967
125.435, 529.277276785
125.498, 529.277273614
125.563, 529.277273422
125.629, 529.277275823
125.689, 529.277271919
125.75, 529.277271845
125.813, 529.277271506
125.878, 529.277266922
125.944, 529.277268073
126.004, 529.277264067
126.066, 529.277266935
126.126, 529.277259463
126.187, 529.277262495
126.247, 529.277256197
126.309, 529.277258728
126.369, 529.277256597
126.43, 529.277255433
126.493, 529.277252092
126.558, 529.277254403
126.618, 529.277245550
126.679, 529.277249114
126.739, 529.277246205
126.801, 529.277246033
126.864, 529.277243715
126.928, 529.277242206
126.995, 529.277244493
127.055, 529.277241859
127.116, 529.277240882
127.179, 529.277235284
127.244, 529.277237334
127.304, 529.277235304
127.365, 529.277233112
127.428, 529.277231567
127.493, 529.277232313
127.553, 529.277230356
127.614, 529.277227072
127.678, 529.277224974
127.742, 529.277226673
127.802, 529.277224150
127.864, 529.277221144
127.927, 529.277221072
127.991, 529.277218931
128.058, 529.277220274
128.118, 529.277213263
128.179, 529.277215581
128.239, 529.277210922
128.301, 529.277217206
128.361, 529.277208893
128.422, 529.277210109
128.482, 529.277206684
128.544, 529.277211451
128.604, 529.277208388
128.665, 529.277202246
128.728, 529.277203954
128.788, 529.277202682
128.85, 529.277201810
128.913, 529.277195278
128.977, 529.277198422
129.037, 529.277195300
129.099, 529.277193547
129.162, 529.277194372
129.222, 529.277194040
129.283, 529.277190656
129.346, 529.277189299
129.411, 529.277191246
129.471, 529.277185971
129.532, 529.277186901
129.592, 529.277181888
129.654, 529.277180116
129.717, 529.277180783
129.777, 529.277177694
129.838, 529.277180168
129.898, 529.277176104
129.96, 529.277177905
130.02, 529.277175520
130.081, 529.277179964
130.141, 529.277174551
130.203, 529.277171469
130.266, 529.277171148
130.331, 529.277167359
130.397, 529.277163955
130.465, 529.277166009
130.525, 529.277160998
130.586, 529.277161666
130.646, 529.277163059
130.706, 529.277157752
130.768, 529.277157856
130.828, 529.277157913
130.888, 529.277154702
130.949, 529.277153790
131.012, 529.277151115
131.077, 529.277153661
131.137, 529.277149069
131.198, 529.277147689
131.261, 529.277144801
131.326, 529.277145021
131.386, 529.277142941
131.448, 529.277139268
131.511, 529.277138372
131.575, 529.277138149
131.641, 529.277138986
131.701, 529.277136643
131.763, 529.277134260
131.826, 529.277134695
131.886, 529.277133757
131.947, 529.277131206
132.01, 529.277125977
132.075, 529.277123800
132.141, 529.277128454
132.201, 529.277121967
132.263, 529.277122472
132.323, 529.277121565
132.384, 529.277121729
132.444, 529.277117093
132.506, 529.277116766
132.569, 529.277115708
132.633, 529.277116075
132.693, 529.277111404
132.755, 529.277113568
132.815, 529.277108894
132.876, 529.277109708
132.936, 529.277107328
132.998, 529.277105637
133.061, 529.277104027
133.126, 529.277107732
133.186, 529.277102999
133.247, 529.277100976
133.31, 529.277099906
133.375, 529.277099220
133.441, 529.277095138
133.509, 529.277097585
133.569, 529.277097122
133.63, 529.277092059
133.693, 529.277088046
133.758, 529.277086652
133.824, 529.277088584
133.884, 529.277084340
133.946, 529.277082085
134.009, 529.277082544
134.069, 529.277081306
134.13, 529.277078987
134.193, 529.277077954
134.258, 529.277080405
134.318, 529.277073574
134.379, 529.277074603
134.439, 529.277073869
134.501, 529.277072340
134.564, 529.277067832
134.629, 529.277071308
134.689, 529.277066727
134.75, 529.277066396
134.813, 529.277064503
134.878, 529.277061321
134.944, 529.277064561
135.004, 529.277061085
135.065, 529.277056297
135.129, 529.277057729
135.189, 529.277055367
135.25, 529.277056690
135.31, 529.277049083
135.372, 529.277050859
135.432, 529.277047644
135.493, 529.277047332
135.556, 529.277048494
135.616, 529.277044004
135.678, 529.277045708
135.738, 529.277046561
135.798, 529.277038529
135.859, 529.277040709
135.919, 529.277038561
135.981, 529.277038285
136.044, 529.277035385
136.108, 529.277037311
136.168, 529.277034240
136.23, 529.277032811
136.293, 529.277031242
136.357, 529.277027549
136.424, 529.277027607
136.484, 529.277026450
136.545, 529.277026036
136.608, 529.277024904
136.673, 529.277021302
136.739, 529.277018856
136.807, 529.277018936
136.867, 529.277017179
136.928, 529.277017174
136.991, 529.277019682
137.051, 529.277017358
137.113, 529.277012769
137.176, 529.277011520
137.241, 529.277008970
137.307, 529.277009634
137.367, 529.277006489
137.428, 529.277007854
137.488, 529.277004863
137.55, 529.277001098
137.613, 529.276998039
137.677, 529.276998752
137.737, 529.276999830
137.797, 529.276997220
137.859, 529.276996926
137.922, 529.276989334
137.987, 529.276994435
138.047, 529.276992269
138.108, 529.276990484
138.171, 529.276989672
138.236, 529.276985783
138.302, 529.276983775
138.37, 529.276983468
138.439, 529.276985922
138.499, 529.276981913
138.561, 529.276978941
138.624, 529.276973622
138.689, 529.276977607
138.749, 529.276973276
138.81, 529.276972212
138.873, 529.276969134
138.938, 529.276974029
138.998, 529.276966625
139.059, 529.276968613
139.119, 529.276964091
139.181, 529.276964047
139.244, 529.276962702
139.308, 529.276961168
139.375, 529.276960845
139.442, 529.276962652
139.502, 529.276954249
139.564, 529.276959285
139.624, 529.276952637
139.685, 529.276955394
139.745, 529.276947672
139.807, 529.276951447
139.867, 529.276948399
139.928, 529.276946652
139.992, 529.276943538
140.056, 529.276942620
140.122, 529.276946846
140.182, 529.276942353
140.244, 529.276941785
140.307, 529.276936844
140.371, 529.276939716
140.431, 529.276937376
140.493, 529.276934123
140.556, 529.276929817
140.621, 529.276933654
140.681, 529.276928520
140.742, 529.276926204
140.805, 529.276925931
140.87, 529.276925975
140.93, 529.276924950
140.991, 529.276923611
141.054, 529.276921393
141.119, 529.276927094
141.179, 529.276921110
141.24, 529.276915468
141.303, 529.276916340
141.363, 529.276915663
141.425, 529.276914867
141.488, 529.276912521
141.553, 529.276907830
141.619, 529.276909822
141.679, 529.276908291
141.74, 529.276904229
141.803, 529.276904433
141.863, 529.276902140
141.925, 529.276902563
141.985, 529.276898934
142.046, 529.276896420
142.109, 529.276898619
142.169, 529.276897257
142.231, 529.276900867
142.291, 529.276898678
142.352, 529.276891301
142.415, 529.276891514
142.475, 529.276890986
142.537, 529.276893218
142.597, 529.276890304
142.658, 529.276887419
142.722, 529.276884546
142.786, 529.276883335
142.852, 529.276881297
142.92, 529.276884465
142.98, 529.276879704
143.042, 529.276877075
143.105, 529.276875912
143.169, 529.276875008
143.236, 529.276875667
143.296, 529.276869815
143.357, 529.276871070
143.417, 529.276868061
143.479, 529.276868330
143.539, 529.276865386
143.6, 529.276863524
143.663, 529.276865402
143.723, 529.276859464
143.785, 529.276859342
143.848, 529.276859721
143.908, 529.276855044
143.969, 529.276856239
144.029, 529.276853403
144.091, 529.276854195
144.151, 529.276848622
144.212, 529.276851523
144.272, 529.276849118
144.334, 529.276850587
144.394, 529.276846918
144.455, 529.276845491
144.518, 529.276845663
144.578, 529.276844760
144.64, 529.276840300
144.703, 529.276841234
144.763, 529.276838037
144.824, 529.276839542
144.884, 529.276833876
144.946, 529.276832343
145.009, 529.276833190
145.069, 529.276830138
145.13, 529.276831549
145.19, 529.276825556
145.252, 529.276826612
145.312, 529.276824647
145.373, 529.276826889
145.433, 529.276823917
145.495, 529.276824344
145.555, 529.276818271
145.616, 529.276819032
145.676, 529.276817251
145.738, 529.276815811
145.801, 529.276814015
145.865, 529.276811003
145.932, 529.276813092
145.992, 529.276810574
146.053, 529.276809544
146.116, 529.276808506
146.181, 529.276809259
146.241, 529.276807364
146.302, 529.276804358
146.365, 529.276802472
146.43, 529.276801463
146.496, 529.276799592
146.564, 529.276799737
146.624, 529.276797881
146.686, 529.276795519
146.749, 529.276795391
146.813, 529.276792395
146.879, 529.276792149
146.947, 529.276789850
147.017, 529.276786019
147.088, 529.276785953
147.161, 529.276783094
147.236, 529.276782261
147.313, 529.276781441
147.392, 529.276778132
147.473, 529.276779322
147.533, 529.276778101
147.594, 529.276775612
147.657, 529.276772494
147.722, 529.276772274
147.788, 529.276773064
147.848, 529.276770152
147.909, 529.276768487
147.972, 529.276766209
148.037, 529.276763953
148.103, 529.276762466
148.171, 529.276763237
148.231, 529.276758379
148.293, 529.276760022
148.353, 529.276758528
148.414, 529.276755184
148.477, 529.276757075
148.537, 529.276752131
148.599, 529.276749720
148.662, 529.276748880
148.726, 529.276751856
148.786, 529.276746916
148.848, 529.276744420
148.911, 529.276746316
148.971, 529.276742865
149.032, 529.276742267
149.095, 529.276742623
149.155, 529.276741588
149.217, 529.276737557
149.28, 529.276736328
149.345, 529.276733357
149.411, 529.276735393
149.471, 529.276728013
149.532, 529.276730400
149.592, 529.276727181
149.654, 529.276725777
149.717, 529.276727323
149.777, 529.276723318
149.838, 529.276722681
149.901, 529.276722161
149.966, 529.276722026
150.032, 529.276718636
150.1, 529.276718144
150.17, 529.276712660
150.241, 529.276712239
150.314, 529.276713925
150.374, 529.276709587
150.436, 529.276711165
150.496, 529.276706457
150.557, 529.276709488
150.617, 529.276705745
150.679, 529.276702831
150.742, 529.276705042
150.802, 529.276702766
150.863, 529.276700343
150.926, 529.276699484
150.991, 529.276697658
151.057, 529.276695451
151.125, 529.276695330
151.195, 529.276692349
151.266, 529.276690653
151.339, 529.276689547
151.414, 529.276690943
151.474, 529.276686642
151.535, 529.276686390
151.598, 529.276681939
151.663, 529.276680196
151.729, 529.276681581
151.789, 529.276678393
151.851, 529.276677587
151.914, 529.276674310
151.978, 529.276674800
152.038, 529.276677606
152.098, 529.276671761
152.16, 529.276672586
152.22, 529.276668289
152.281, 529.276669960
152.341, 529.276667066
152.403, 529.276668111
152.463, 529.276661153
152.524, 529.276661175
152.584, 529.276659545
152.646, 529.276666223
152.706, 529.276659243
152.767, 529.276657825
152.83, 529.276653448
152.895, 529.276654475
152.955, 529.276654629
153.015, 529.276652921
153.077, 529.276650506
153.14, 529.276649283
153.204, 529.276649849
153.264, 529.276646721
153.326, 529.276645313
153.389, 529.276644832
153.453, 529.276642113
153.52, 529.276642900
153.58, 529.276640876
153.641, 529.276637352
153.704, 529.276639124
153.764, 529.276637343
153.826, 529.276633427
153.889, 529.276636146
153.949, 529.276633499
154.01, 529.276634064
154.07, 529.276625555
154.132, 529.276628164
154.192, 529.276624344
154.253, 529.276627446
154.313, 529.276622603
154.375, 529.276623508
154.435, 529.276621632
154.496, 529.276615354
154.559, 529.276615142
154.624, 529.276618711
154.684, 529.276613341
154.745, 529.276612920
154.808, 529.276611871
154.873, 529.276611705
154.939, 529.276610166
155.007, 529.276607832
155.077, 529.276607650
155.148, 529.276604059
155.221, 529.276607429
155.281, 529.276600482
155.343, 529.276602646
155.403, 529.276599295
155.464, 529.276595148
155.527, 529.276595822
155.587, 529.276596424
155.647, 529.276592964
155.709, 529.276594180
155.769, 529.276591663
155.83, 529.276591480
155.893, 529.276588769
155.958, 529.276591651
156.018, 529.276584756
156.079, 529.276586458
156.139, 529.276583091
156.201, 529.276580510
156.264, 529.276576721
156.328, 529.276581455
156.388, 529.276575756
156.45, 529.276576139
156.51, 529.276574452
156.571, 529.276572437
156.634, 529.276569066
156.699, 529.276570646
156.759, 529.276568368
156.821, 529.276566603
156.884, 529.276565604
156.948, 529.276565079
157.014, 529.276559269
157.082, 529.276561956
157.142, 529.276559866
157.204, 529.276556472
157.267, 529.276559021
157.327, 529.276554199
157.388, 529.276553402
157.451, 529.276553324
157.516, 529.276551569
157.582, 529.276551256
157.65, 529.276549236
157.72, 529.276548967
157.791, 529.276545451
157.864, 529.276544092
157.939, 529.276542834
158.016, 529.276538469
158.095, 529.276537946
158.175, 529.276536008
158.258, 529.276534253
158.343, 529.276531140
158.43, 529.276530930
158.519, 529.276526518
158.61, 529.276527632
158.67, 529.276524565
158.732, 529.276523794
158.795, 529.276522663
158.859, 529.276522498
158.925, 529.276519234
158.993, 529.276520452
159.053, 529.276513784
159.115, 529.276514183
159.175, 529.276513567
159.236, 529.276513572
159.296, 529.276509050
159.358, 529.276506384
159.421, 529.276509412
159.481, 529.276508877
159.542, 529.276503305
159.605, 529.276504437
159.665, 529.276504284
159.727, 529.276501211
159.79, 529.276500031
159.855, 529.276499431
159.921, 529.276499280
159.989, 529.276498480
160.058, 529.276496973
160.13, 529.276492919
160.203, 529.276492191
160.278, 529.276488121
160.354, 529.276484143
160.433, 529.276483082
160.514, 529.276481610
160.597, 529.276482234
160.657, 529.276480192
160.718, 529.276478322
160.781, 529.276476107
160.846, 529.276478310
160.906, 529.276474596
160.967, 529.276474221
161.03, 529.276469589
161.095, 529.276473582
161.155, 529.276469634
161.216, 529.276467583
161.279, 529.276464053
161.344, 529.276467138
161.404, 529.276462312
161.465, 529.276463332
161.525, 529.276461152
161.587, 529.276459328
161.65, 529.276461379
161.71, 529.276457155
161.772, 529.276453857
161.835, 529.276450160
161.899, 529.276449893
161.965, 529.276451597
162.025, 529.276450721
162.087, 529.276444810
162.15, 529.276442798
162.215, 529.276445121
162.275, 529.276445370
162.335, 529.276441883
162.396, 529.276439393
162.459, 529.276436173
162.524, 529.276439515
162.584, 529.276437496
162.645, 529.276434108
162.708, 529.276433773
162.773, 529.276436643
162.833, 529.276429706
162.894, 529.276429915
162.954, 529.276428995
163.016, 529.276430233
163.076, 529.276421954
163.137, 529.276422449
163.197, 529.276422300
163.259, 529.276423485
163.319, 529.276418702
163.38, 529.276419746
163.44, 529.276417528
163.502, 529.276415365
163.565, 529.276413999
163.629, 529.276412348
163.696, 529.276409672
163.764, 529.276411987
163.824, 529.276408085
163.885, 529.276404675
163.948, 529.276404960
164.008, 529.276404405
164.07, 529.276404510
164.13, 529.276401899
164.191, 529.276401806
164.254, 529.276399943
164.319, 529.276399874
164.385, 529.276396662
164.453, 529.276399414
164.513, 529.276390676
164.574, 529.276394309
164.634, 529.276391332
164.696, 529.276391236
164.759, 529.276390603
164.824, 529.276387787
164.89, 529.276385319
164.958, 529.276384340
165.027, 529.276383750
165.099, 529.276381996
165.172, 529.276380626
165.247, 529.276377895
165.323, 529.276370917
165.402, 529.276376876
165.462, 529.276375243
165.524, 529.276372186
165.587, 529.276368259
165.651, 529.276367584
165.718, 529.276367370
165.785, 529.276365413
165.855, 529.276363139
165.926, 529.276363677
165.986, 529.276360931
166.048, 529.276359567
166.111, 529.276358130
166.175, 529.276357975
166.242, 529.276353201
166.31, 529.276353667
166.37, 529.276351902
166.431, 529.276347778
166.494, 529.276347160
166.559, 529.276349319
166.619, 529.276346114
166.68, 529.276348059
166.74, 529.276344622
166.802, 529.276343747
166.865, 529.276339242
166.929, 529.276339661
166.989, 529.276336826
167.051, 529.276334507
167.114, 529.276335125
167.174, 529.276334992
167.235, 529.276333794
167.298, 529.276328962
167.363, 529.276331563
167.423, 529.276328551
167.485, 529.276328646
167.545, 529.276325005
167.606, 529.276326563
167.666, 529.276321735
167.728, 529.276319182
167.791, 529.276319219
167.851, 529.276321375
167.911, 529.276320129
167.972, 529.276320663
168.032, 529.276316538
168.094, 529.276316437
168.157, 529.276312448
168.221, 529.276309591
168.287, 529.276305277
168.355, 529.276306050
168.415, 529.276305157
168.477, 529.276303308
168.54, 529.276304889
168.6, 529.276303670
168.661, 529.276302334
168.724, 529.276303798
168.784, 529.276298740
168.846, 529.276298419
168.909, 529.276297164
168.974, 529.276294577
169.04, 529.276292788
169.108, 529.276294519
169.168, 529.276288658
169.229, 529.276291409
169.289, 529.276285881
169.351, 529.276285916
169.411, 529.276282831
169.472, 529.276282735
169.535, 529.276282551
169.6, 529.276280304
169.666, 529.276275241
169.734, 529.276276598
169.794, 529.276274219
169.855, 529.276273501
169.919, 529.276272938
169.983, 529.276271471
170.049, 529.276272550
170.109, 529.276270211
170.171, 529.276268286
170.234, 529.276265421
170.299, 529.276264528
170.365, 529.276263335
170.433, 529.276263649
170.493, 529.276257833
170.554, 529.276258323
170.614, 529.276256516
170.676, 529.276253195
170.739, 529.276253088
170.803, 529.276250750
170.869, 529.276251243
170.929, 529.276246906
170.991, 529.276250737
171.051, 529.276244653
171.112, 529.276246042
171.172, 529.276244007
171.234, 529.276243511
171.297, 529.276239451
171.362, 529.276237904
171.428, 529.276237597
171.496, 529.276238834
171.556, 529.276235932
171.617, 529.276235106
171.68, 529.276232486
171.745, 529.276236954
171.805, 529.276232630
171.866, 529.276227088
171.929, 529.276230719
171.989, 529.276224827
172.051, 529.276225307
172.111, 529.276220426
172.172, 529.276221834
172.232, 529.276218709
172.294, 529.276221002
172.354, 529.276216327
172.415, 529.276215175
172.478, 529.276217583
172.538, 529.276213093
172.6, 529.276210621
172.663, 529.276207443
172.728, 529.276209585
172.788, 529.276209101
172.849, 529.276210097
172.909, 529.276205846
172.971, 529.276201208
173.034, 529.276199631
173.098, 529.276200666
173.158, 529.276199958
173.22, 529.276199909
173.283, 529.276193014
173.347, 529.276193390
173.407, 529.276193701
173.467, 529.276193861
173.527, 529.276191670
173.589, 529.276188284
173.652, 529.276190180
173.712, 529.276185733
173.773, 529.276186721
173.833, 529.276186011
173.895, 529.276179210
173.958, 529.276181260
174.018, 529.276181779
174.078, 529.276178639
174.14, 529.276176984
174.203, 529.276175179
174.267, 529.276175845
174.327, 529.276173666
174.389, 529.276172196
174.452, 529.276166902
174.516, 529.276170037
174.576, 529.276167523
174.638, 529.276167918
174.698, 529.276168258
174.758, 529.276164113
174.819, 529.276164407
174.879, 529.276161482
174.941, 529.276160341
175.004, 529.276159357
175.068, 529.276157024
175.135, 529.276153370
175.203, 529.276154303
175.263, 529.276153914
175.324, 529.276152153
175.387, 529.276149149
175.452, 529.276150967
175.512, 529.276145464
175.573, 529.276147628
175.633, 529.276142983
175.695, 529.276142816
175.758, 529.276142390
175.822, 529.276141129
175.889, 529.276136511
175.956, 529.276139878
176.016, 529.276134498
176.078, 529.276137058
176.138, 529.276134977
176.199, 529.276130957
176.263, 529.276133044
176.323, 529.276129423
176.384, 529.276127235
176.447, 529.276128588
176.507, 529.276127240
176.569, 529.276123107
176.632, 529.276121042
176.696, 529.276118529
176.762, 529.276120280
176.822, 529.276117552
176.884, 529.276113494
176.947, 529.276116161
177.007, 529.276115704
177.068, 529.276111279
177.132, 529.276111305
177.192, 529.276106941
177.253, 529.276109158
177.313, 529.276108555
177.375, 529.276105194
177.438, 529.276107217
177.498, 529.276105338
177.559, 529.276100276
177.622, 529.276100930
177.682, 529.276101492
177.742, 529.276096928
177.804, 529.276097537
177.864, 529.276093575
177.925, 529.276094911
177.985, 529.276094723
178.047, 529.276090739
178.11, 529.276091203
178.17, 529.276087693
178.231, 529.276087898
178.291, 529.276085249
178.353, 529.276084375
178.416, 529.276084751
178.476, 529.276082075
178.537, 529.276079861
178.6, 529.276076807
178.665, 529.276074853
178.731, 529.276074355
178.799, 529.276078045
178.859, 529.276072801
178.92, 529.276073596
178.98, 529.276071734
179.042, 529.276069983
179.105, 529.276070169
179.165, 529.276064558
179.226, 529.276064630
179.286, 529.276060673
179.348, 529.276060935
179.408, 529.276060673
179.469, 529.276062017
179.529, 529.276057909
179.591, 529.276055243
179.654, 529.276055451
179.714, 529.276054765
179.776, 529.276054263
179.839, 529.276051200
179.903, 529.276055790
179.963, 529.276048536
180.025, 529.276049609
180.085, 529.276048438
180.146, 529.276042957
180.209, 529.276043542
180.269, 529.276041225
180.331, 529.276039545
180.394, 529.276038871
180.458, 529.276032157
180.525, 529.276035876
180.585, 529.276034410
180.646, 529.276031374
180.709, 529.276032359
180.769, 529.276033240
180.829, 529.276027787
180.891, 529.276027872
180.951, 529.276027474
181.012, 529.276026303
181.075, 529.276023736
181.14, 529.276023178
181.206, 529.276021278
181.274, 529.276021051
181.343, 529.276019373
181.415, 529.276016779
181.488, 529.276012743
181.563, 529.276015420
181.623, 529.276006204
181.684, 529.276010429
181.744, 529.276006230
181.806, 529.276007638
181.866, 529.276006742
181.927, 529.276003517
181.99, 529.276004448
182.05, 529.276000054
182.112, 529.276002116
182.172, 529.275999547
182.233, 529.276001304
182.293, 529.275995442
182.355, 529.275997335
182.415, 529.275993909
182.476, 529.275992262
182.539, 529.275990929
182.604, 529.275989179
182.67, 529.275990640
182.73, 529.275986164
182.792, 529.275982382
182.855, 529.275984747
182.915, 529.275980333
182.976, 529.275980909
183.036, 529.275978102
183.098, 529.275981724
183.158, 529.275976029
183.219, 529.275976300
183.279, 529.275975546
183.341, 529.275973950
183.404, 529.275969399
183.468, 529.275969757
183.528, 529.275970297
183.588, 529.275965499
183.65, 529.275965166
183.713, 529.275962766
183.778, 529.275963340
183.838, 529.275959858
183.899, 529.275958723
183.962, 529.275960689
184.022, 529.275958225
184.084, 529.275958295
184.144, 529.275953761
184.205, 529.275954913
184.265, 529.275951590
184.327, 529.275952230
184.387, 529.275946686
184.448, 529.275948230
184.508, 529.275944595
184.57, 529.275945729
184.63, 529.275942535
184.691, 529.275942087
184.754, 529.275939401
184.819, 529.275940484
184.879, 529.275939746
184.94, 529.275934967
185.003, 529.275936798
185.063, 529.275934199
185.125, 529.275932889
185.188, 529.275928720
185.252, 529.275929450
185.312, 529.275927826
185.374, 529.275929435
185.434, 529.275923614
185.495, 529.275923285
185.558, 529.275921091
185.623, 529.275922320
185.683, 529.275921715
185.745, 529.275920627
185.808, 529.275917664
185.872, 529.275916835
185.938, 529.275916652
186.006, 529.275913030
186.076, 529.275913123
186.136, 529.275908731
186.197, 529.275908279
186.26, 529.275905946
186.325, 529.275908603
186.385, 529.275904271
186.447, 529.275903046
186.51, 529.275902412
186.574, 529.275900143
186.64, 529.275899754
186.708, 529.275900767
186.768, 529.275895215
186.83, 529.275897185
186.89, 529.275892232
186.951, 529.275894084
187.011, 529.275889186
187.073, 529.275889993
187.133, 529.275886091
187.194, 529.275886784
187.254, 529.275883247
187.316, 529.275883746
187.376, 529.275882137
187.437, 529.275880967
187.5, 529.275879082
187.565, 529.275879875
187.625, 529.275875843
187.687, 529.275877084
187.747, 529.275875838
187.808, 529.275875526
187.871, 529.275871920
187.936, 529.275866625
188.002, 529.275869069
188.062, 529.275869209
188.122, 529.275866901
188.183, 529.275865114
188.246, 529.275860790
188.311, 529.275861526
188.371, 529.275857972
188.433, 529.275859908
188.493, 529.275855817
188.554, 529.275859115
188.614, 529.275855667
188.676, 529.275857484
188.736, 529.275853034
188.797, 529.275850383
188.86, 529.275851000
188.92, 529.275850324
188.982, 529.275851223
189.042, 529.275845591
189.103, 529.275846472
189.163, 529.275843387
189.225, 529.275839939
189.288, 529.275840066
189.348, 529.275842854
189.408, 529.275837016
189.469, 529.275835390
189.532, 529.275835655
189.592, 529.275835248
189.654, 529.275836113
189.714, 529.275831523
189.775, 529.275828099
189.838, 529.275826090
189.903, 529.275826080
189.969, 529.275825544
190.037, 529.275824414
190.107, 529.275824976
190.167, 529.275819989
190.228, 529.275820177
190.288, 529.275817727
190.35, 529.275819676
190.41, 529.275816629
190.471, 529.275814945
190.534, 529.275815043
190.594, 529.275812025
190.656, 529.275805785
190.719, 529.275811190
190.779, 529.275806956
190.84, 529.275808272
190.9, 529.275805297
190.962, 529.275800929
191.025, 529.275801532
191.085, 529.275801289
191.146, 529.275798955
191.209, 529.275798067
191.274, 529.275796625
191.34, 529.275795315
191.408, 529.275795093
191.477, 529.275795511
191.537, 529.275789393
191.599, 529.275792085
191.659, 529.275786933
191.72, 529.275787753
191.78, 529.275785722
191.842, 529.275784337
191.905, 529.275781348
191.97, 529.275778997
192.036, 529.275779264
192.096, 529.275775520
192.157, 529.275775792
192.217, 529.275778477
192.277, 529.275776398
192.339, 529.275770011
192.402, 529.275772246
192.462, 529.275770287
192.523, 529.275764824
192.586, 529.275770214
192.646, 529.275765207
192.708, 529.275766750
192.768, 529.275762455
192.829, 529.275761834
192.892, 529.275762502
192.952, 529.275757175
193.014, 529.275756981
193.077, 529.275759480
193.137, 529.275751166
193.198, 529.275752084
193.258, 529.275751385
193.32, 529.275753336
193.38, 529.275746815
193.441, 529.275749895
193.501, 529.275746097
193.563, 529.275748060
193.623, 529.275743928
193.684, 529.275745535
193.744, 529.275742753
193.806, 529.275740578
193.869, 529.275740309
193.934, 529.275738142
194, 529.275737251
194.068, 529.275734857
194.137, 529.275731302
194.209, 529.275731232
194.282, 529.275731443
194.342, 529.275727081
194.403, 529.275726933
194.466, 529.275726614
194.531, 529.275724083
194.597, 529.275725375
194.657, 529.275724061
194.719, 529.275722252
194.782, 529.275717334
194.846, 529.275719629
194.906, 529.275714065
194.968, 529.275714825
195.028, 529.275714277
195.089, 529.275710960
195.152, 529.275707743
195.217, 529.275710889
195.277, 529.275708252
195.338, 529.275708121
195.401, 529.275704280
195.466, 529.275702455
195.532, 529.275703888
195.592, 529.275700444
195.654, 529.275699113
195.717, 529.275698670
195.781, 529.275692512
195.848, 529.275693442
195.908, 529.275693607
195.968, 529.275690017
196.029, 529.275691710
196.089, 529.275691317
196.151, 529.275689077
196.214, 529.275685409
196.278, 529.275681500
196.345, 529.275680685
196.412, 529.275680567
196.482, 529.275680700
196.542, 529.275680883
196.602, 529.275677215
196.664, 529.275677376
196.724, 529.275673238
196.785, 529.275674144
196.845, 529.275674073
196.907, 529.275673445
196.97, 529.275670609
197.034, 529.275668966
197.1, 529.275669037
197.16, 529.275664487
197.222, 529.275666240
197.282, 529.275660120
197.343, 529.275662932
197.403, 529.275660625
197.465, 529.275659125
197.528, 529.275659866
197.588, 529.275656231
197.649, 529.275655538
197.713, 529.275651424
197.777, 529.275652413
197.837, 529.275651049
197.899, 529.275650000
197.962, 529.275646840
198.026, 529.275647487
198.086, 529.275648721
198.146, 529.275642300
198.208, 529.275642772
198.268, 529.275640678
198.329, 529.275640392
198.392, 529.275637363
198.457, 529.275635924
198.523, 529.275634075
198.591, 529.275635139
198.651, 529.275631750
198.713, 529.275629704
198.776, 529.275630176
198.836, 529.275626238
198.897, 529.275629027
198.957, 529.275623215
199.019, 529.275627314
199.079, 529.275625035
199.14, 529.275628951
199.2, 529.275622677
199.262, 529.275621532
199.325, 529.275619724
199.389, 529.275617259
199.455, 529.275616342
199.523, 529.275612339
199.593, 529.275615764
199.653, 529.275609243
199.714, 529.275609657
199.774, 529.275606991
199.836, 529.275605254
199.899, 529.275605019
199.964, 529.275604127
200.03, 529.275602618
200.098, 529.275599793
200.167, 529.275603082
200.227, 529.275598644
200.289, 529.275598396
200.352, 529.275595963
200.416, 529.275592305
200.483, 529.275591400
200.551, 529.275590754
200.62, 529.275588466
200.691, 529.275588026
200.765, 529.275587005
200.839, 529.275583511
200.916, 529.275584010
200.976, 529.275581568
201.038, 529.275581421
201.101, 529.275578061
201.165, 529.275577648
201.232, 529.275576644
201.3, 529.275576091
201.369, 529.275575693
201.44, 529.275570027
201.514, 529.275572503
201.574, 529.275566481
201.635, 529.275566760
201.695, 529.275565716
201.757, 529.275566708
201.817, 529.275566386
201.878, 529.275562578
201.941, 529.275559424
202.006, 529.275557862
202.072, 529.275559084
202.132, 529.275557898
202.193, 529.275554481
202.256, 529.275554472
202.321, 529.275553174
202.387, 529.275550543
202.455, 529.275549109
202.525, 529.275544446
202.596, 529.275545698
202.656, 529.275545922
202.716, 529.275543536
202.778, 529.275542242
202.841, 529.275538046
202.905, 529.275537158
202.971, 529.275537765
203.031, 529.275537472
203.093, 529.275535165
203.156, 529.275533962
203.221, 529.275531343
203.287, 529.275532699
203.347, 529.275530113
203.408, 529.275530655
203.468, 529.275527204
203.53, 529.275527407
203.59, 529.275524052
203.651, 529.275523301
203.714, 529.275519346
203.779, 529.275520441
203.839, 529.275517555
203.901, 529.275517784
203.961, 529.275513985
204.022, 529.275516304
204.082, 529.275511808
204.144, 529.275513940
204.204, 529.275511825
204.265, 529.275510279
204.328, 529.275504962
204.393, 529.275506296
204.453, 529.275501585
204.514, 529.275504523
204.574, 529.275500777
204.636, 529.275502444
204.696, 529.275500731
204.757, 529.275499222
204.82, 529.275495111
204.885, 529.275497423
204.945, 529.275493905
205.006, 529.275494318
205.066, 529.275493063
205.128, 529.275489050
205.191, 529.275486095
205.255, 529.275486989
205.315, 529.275481657
205.377, 529.275484426
205.437, 529.275482006
205.498, 529.275482778
205.558, 529.275475908
205.62, 529.275480720
205.68, 529.275472108
205.741, 529.275475324
205.801, 529.275474984
205.863, 529.275472419
205.926, 529.275476157
205.986, 529.275470320
206.047, 529.275467558
206.111, 529.275467573
206.171, 529.275466265
206.232, 529.275464274
206.295, 529.275461128
206.36, 529.275461347
206.42, 529.275459740
206.481, 529.275459251
206.544, 529.275457927
206.609, 529.275454258
206.675, 529.275455488
206.735, 529.275456167
206.795, 529.275453624
206.857, 529.275452207
206.92, 529.275450159
206.984, 529.275448500
207.05, 529.275445960
207.118, 529.275448728
207.178, 529.275443477
207.24, 529.275442561
207.303, 529.275442077
207.367, 529.275440192
207.434, 529.275439015
207.502, 529.275439031
207.562, 529.275434186
207.623, 529.275439029
207.683, 529.275431742
207.745, 529.275434927
207.805, 529.275432560
207.866, 529.275432090
207.929, 529.275428556
207.994, 529.275425178
208.06, 529.275424797
208.128, 529.275425773
208.188, 529.275422147
208.249, 529.275422790
208.309, 529.275419703
208.371, 529.275419190
208.434, 529.275415698
208.499, 529.275416087
208.559, 529.275411164
208.62, 529.275411866
208.68, 529.275412486
208.74, 529.275410373
208.802, 529.275405593
208.865, 529.275405669
208.925, 529.275407313
208.985, 529.275402008
209.046, 529.275401889
209.109, 529.275401290
209.174, 529.275401228
209.24, 529.275402352
209.3, 529.275397865
209.361, 529.275397385
209.424, 529.275394475
209.489, 529.275394464
209.555, 529.275396074
209.615, 529.275391279
209.677, 529.275388192
209.74, 529.275393680
209.8, 529.275384120
209.861, 529.275385589
209.921, 529.275384246
209.983, 529.275384314
210.043, 529.275381381
210.104, 529.275383239
210.164, 529.275380422
210.226, 529.275378089
210.289, 529.275377106
210.353, 529.275375061
210.42, 529.275372286
210.488, 529.275372606
210.548, 529.275373195
210.608, 529.275369341
210.669, 529.275368294
210.732, 529.275371579
210.792, 529.275363187
210.854, 529.275365207
210.914, 529.275363541
210.975, 529.275362267
211.038, 529.275361437
211.103, 529.275358027
211.169, 529.275357063
211.237, 529.275355765
211.306, 529.275353733
211.378, 529.275352885
211.451, 529.275352817
211.526, 529.275348744
211.603, 529.275348247
211.681, 529.275343250
211.762, 529.275342461
211.845, 529.275341639
211.93, 529.275338109
212.016, 529.275336432
212.106, 529.275338006
212.166, 529.275336567
212.227, 529.275331487
212.29, 529.275330571
212.355, 529.275329004
212.421, 529.275330356
212.481, 529.275325665
212.542, 529.275324899
212.605, 529.275325921
212.665, 529.275322924
212.727, 529.275323794
212.787, 529.275323985
212.847, 529.275318351
212.908, 529.275319166
212.968, 529.275320659
213.028, 529.275317414
213.09, 529.275315251
213.153, 529.275312212
213.218, 529.275313326
213.278, 529.275308174
213.339, 529.275307530
213.402, 529.275307322
213.467, 529.275305934
213.533, 529.275306798
213.593, 529.275304387
213.654, 529.275301189
213.718, 529.275301725
213.778, 529.275298446
213.839, 529.275300807
213.899, 529.275295178
213.961, 529.275295686
214.021, 529.275294004
214.082, 529.275293954
214.145, 529.275293989
214.205, 529.275291630
214.267, 529.275287575
214.33, 529.275287866
214.39, 529.275288988
214.45, 529.275285419
214.511, 529.275286440
214.571, 529.275280202
214.633, 529.275280828
214.693, 529.275279641
214.754, 529.275276273
214.817, 529.275278391
214.877, 529.275272897
214.939, 529.275279056
214.999, 529.275269799
215.06, 529.275272153
215.12, 529.275265854
215.182, 529.275268205
215.242, 529.275264255
215.303, 529.275268036
215.363, 529.275264938
215.425, 529.275264485
215.488, 529.275262951
215.552, 529.275258770
215.619, 529.275260217
215.679, 529.275256771
215.74, 529.275256065
215.803, 529.275256284
215.863, 529.275253411
215.925, 529.275251516
215.988, 529.275251117
216.052, 529.275247989
216.118, 529.275246117
216.186, 529.275247751
216.246, 529.275246234
216.308, 529.275242660
216.371, 529.275243242
216.431, 529.275243075
216.492, 529.275239964
216.555, 529.275235767
216.62, 529.275239031
216.68, 529.275234833
216.741, 529.275235706
216.801, 529.275232112
216.863, 529.275233967
216.923, 529.275225190
216.984, 529.275230112
217.044, 529.275228355
217.106, 529.275225398
217.169, 529.275224806
217.234, 529.275222506
217.3, 529.275221807
217.368, 529.275222285
217.428, 529.275219782
217.489, 529.275220497
217.549, 529.275216337
217.611, 529.275214430
217.674, 529.275211413
217.738, 529.275210355
217.805, 529.275212454
217.865, 529.275205923
217.926, 529.275205737
217.989, 529.275211316
218.049, 529.275204352
218.111, 529.275206514
218.171, 529.275202585
218.232, 529.275200908
218.295, 529.275198659
218.36, 529.275198286
218.426, 529.275192589
218.494, 529.275197005
218.554, 529.275193235
218.615, 529.275192611
218.678, 529.275191393
218.743, 529.275185538
218.809, 529.275188084
218.869, 529.275182726
218.931, 529.275185851
218.991, 529.275182050
219.052, 529.275182296
219.112, 529.275181567
219.174, 529.275180535
219.237, 529.275178447
219.301, 529.275179461
219.361, 529.275176722
219.423, 529.275171561
219.486, 529.275177228
219.546, 529.275171610
219.608, 529.275174131
219.668, 529.275166452
219.729, 529.275169875
219.789, 529.275166101
219.851, 529.275167480
219.911, 529.275162486
219.972, 529.275164786
220.032, 529.275163180
220.094, 529.275167511
220.154, 529.275159013
220.215, 529.275160291
220.275, 529.275155148
220.337, 529.275156301
220.397, 529.275154939
220.458, 529.275156767
220.518, 529.275149652
220.58, 529.275149616
220.643, 529.275149397
220.707, 529.275147605
220.773, 529.275146524
220.841, 529.275144193
220.911, 529.275144870
220.971, 529.275139033
221.032, 529.275138517
221.095, 529.275139049
221.155, 529.275137973
221.217, 529.275140604
221.277, 529.275134815
221.338, 529.275135587
221.398, 529.275132877
221.46, 529.275131525
221.523, 529.275131447
221.588, 529.275129334
221.654, 529.275126267
221.722, 529.275123533
221.791, 529.275125149
221.851, 529.275123894
221.913, 529.275120456
221.976, 529.275121969
222.036, 529.275115522
222.097, 529.275119164
222.157, 529.275113728
222.219, 529.275115074
222.279, 529.275112106
222.34, 529.275113409
222.4, 529.275110212
222.462, 529.275110768
222.522, 529.275107993
222.583, 529.275106048
222.646, 529.275107183
222.706, 529.275101694
222.768, 529.275100174
222.831, 529.275102574
222.891, 529.275096622
222.952, 529.275099132
223.012, 529.275096933
223.074, 529.275097307
223.134, 529.275089255
223.195, 529.275094705
223.255, 529.275092859
223.317, 529.275090669
223.38, 529.275091261
223.44, 529.275087363
223.501, 529.275089783
223.561, 529.275083906
223.623, 529.275084788
223.683, 529.275086304
223.743, 529.275080483
223.804, 529.275082726
223.864, 529.275078656
223.926, 529.275078710
223.986, 529.275075401
224.047, 529.275074920
224.11, 529.275071011
224.175, 529.275073545
224.235, 529.275071279
224.297, 529.275067867
224.36, 529.275069749
224.42, 529.275064730
224.481, 529.275066732
224.541, 529.275058895
224.603, 529.275062188
224.663, 529.275059491
224.724, 529.275060272
224.784, 529.275056927
224.846, 529.275056175
224.909, 529.275056969
224.969, 529.275052415
225.03, 529.275050126
225.093, 529.275053231
225.153, 529.275050147
225.215, 529.275048568
225.278, 529.275048436
225.342, 529.275046008
225.409, 529.275047414
225.469, 529.275045127
225.53, 529.275046480
225.59, 529.275041416
225.652, 529.275045892
225.712, 529.275037683
225.773, 529.275037543
225.836, 529.275040614
225.896, 529.275033868
225.958, 529.275034802
226.018, 529.275032408
226.079, 529.275031500
226.142, 529.275031423
226.207, 529.275028673
226.273, 529.275026826
226.341, 529.275025072
226.41, 529.275024681
226.482, 529.275023329
226.555, 529.275016640
226.63, 529.275016273
226.707, 529.275014319
226.785, 529.275014755
226.845, 529.275010705
226.907, 529.275014887
226.967, 529.275009530
227.028, 529.275010326
227.088, 529.275010976
227.148, 529.275005905
227.21, 529.275005747
227.273, 529.275006092
227.333, 529.275001115
227.394, 529.275000756
227.457, 529.275001428
227.517, 529.275000473
227.579, 529.274997364
227.642, 529.274993039
227.707, 529.274995863
227.767, 529.274993179
227.828, 529.274995924
227.888, 529.274993199
227.95, 529.274992814
228.013, 529.274988753
228.077, 529.274986797
228.143, 529.274986246
228.211, 529.274983889
228.281, 529.274984235
228.341, 529.274982041
228.402, 529.274977216
228.465, 529.274977557
228.525, 529.274977860
228.585, 529.274975828
228.647, 529.274978120
228.707, 529.274972263
228.768, 529.274968630
228.831, 529.274971642
228.891, 529.274967411
228.953, 529.274966579
229.016, 529.274961435
229.081, 529.274967148
229.141, 529.274964653
229.202, 529.274965800
229.262, 529.274959955
229.324, 529.274961362
229.384, 529.274953460
229.445, 529.274957637
229.505, 529.274955285
229.567, 529.274955330
229.627, 529.274953104
229.688, 529.274956027
229.748, 529.274948126
229.81, 529.274947381
229.873, 529.274947881
229.933, 529.274946384
229.994, 529.274946651
230.054, 529.274945298
230.116, 529.274938064
230.179, 529.274939151
230.239, 529.274939334
230.299, 529.274938635
230.36, 529.274939708
230.42, 529.274940759
230.48, 529.274934823
230.542, 529.274935240
230.602, 529.274935525
230.662, 529.274933233
230.723, 529.274929561
230.786, 529.274932175
230.846, 529.274928294
230.908, 529.274928901
230.968, 529.274923794
231.029, 529.274924513
231.089, 529.274917860
231.151, 529.274921515
231.211, 529.274916388
231.272, 529.274918932
231.332, 529.274913235
231.394, 529.274919466
231.454, 529.274912276
231.515, 529.274910598
231.578, 529.274910002
231.643, 529.274911475
231.703, 529.274905390
231.764, 529.274906142
231.824, 529.274905574
231.886, 529.274904043
231.949, 529.274906120
232.009, 529.274901515
232.07, 529.274900579
232.133, 529.274899536
232.198, 529.274897996
232.264, 529.274894054
232.332, 529.274896011
232.392, 529.274894521
232.454, 529.274891580
232.517, 529.274888814
232.581, 529.274887953
232.648, 529.274885273
232.715, 529.274886420
232.775, 529.274880809
232.837, 529.274886144
232.897, 529.274880463
232.958, 529.274880741
233.018, 529.274877505
233.08, 529.274883629
233.14, 529.274876222
233.201, 529.274876064
233.264, 529.274873074
233.329, 529.274873920
233.389, 529.274869482
233.451, 529.274875670
233.511, 529.274867813
233.572, 529.274868917
233.632, 529.274864749
233.694, 529.274867542
233.754, 529.274863864
233.815, 529.274862891
233.878, 529.274862851
233.943, 529.274861444
234.009, 529.274855943
234.077, 529.274857974
234.137, 529.274853560
234.198, 529.274854197
234.258, 529.274853455
234.32, 529.274852103
234.383, 529.274849871
234.447, 529.274848487
234.514, 529.274845647
234.582, 529.274846948
234.642, 529.274842114
234.703, 529.274843343
234.763, 529.274841291
234.825, 529.274840320
234.888, 529.274836941
234.952, 529.274841029
235.012, 529.274835436
235.074, 529.274835467
235.134, 529.274831150
235.195, 529.274832098
235.255, 529.274829674
235.317, 529.274830122
235.377, 529.274826168
235.438, 529.274828392
235.498, 529.274824335
235.56, 529.274824358
235.62, 529.274824014
235.681, 529.274823877
235.744, 529.274818671
235.809, 529.274816191
235.875, 529.274817961
235.935, 529.274812258
235.997, 529.274816920
236.057, 529.274813102
236.118, 529.274812757
236.181, 529.274813407
236.241, 529.274811631
236.303, 529.274809378
236.366, 529.274807307
236.43, 529.274808794
236.49, 529.274800793
236.552, 529.274801268
236.612, 529.274800371
236.673, 529.274802494
236.733, 529.274800221
236.795, 529.274797803
236.858, 529.274796961
236.922, 529.274795891
236.989, 529.274794936
237.057, 529.274791772
237.126, 529.274791311
237.197, 529.274791770
237.257, 529.274783995
237.319, 529.274787435
237.379, 529.274783509
237.44, 529.274784659
237.5, 529.274782673
237.562, 529.274784433
237.622, 529.274779024
237.683, 529.274779099
237.743, 529.274775870
237.805, 529.274775324
237.868, 529.274772488
237.933, 529.274772029
237.999, 529.274768895
238.067, 529.274768579
238.136, 529.274768243
238.208, 529.274766657
238.281, 529.274768395
238.341, 529.274761973
238.402, 529.274762610
238.462, 529.274759581
238.524, 529.274760710
238.584, 529.274752480
238.645, 529.274755743
238.705, 529.274758128
238.765, 529.274754444
238.827, 529.274752152
238.89, 529.274752011
238.954, 529.274747868
239.021, 529.274747666
239.089, 529.274747345
239.158, 529.274749181
239.218, 529.274744816
239.28, 529.274745663
239.34, 529.274738879
239.401, 529.274739033
239.461, 529.274735808
239.523, 529.274740845
239.583, 529.274736389
239.644, 529.274735451
239.707, 529.274735215
239.772, 529.274733135
239.838, 529.274731435
239.906, 529.274731354
239.975, 529.274729704
240.047, 529.274730198
240.107, 529.274724644
240.168, 529.274721685
240.231, 529.274723792
240.291, 529.274721434
240.353, 529.274719491
240.416, 529.274720462
240.476, 529.274719092
240.537, 529.274717211
240.6, 529.274713697
240.665, 529.274713713
240.725, 529.274714430
240.785, 529.274710033
240.847, 529.274712598
240.907, 529.274708415
240.968, 529.274704993
241.031, 529.274704736
241.096, 529.274704284
241.162, 529.274703502
241.23, 529.274701351
241.299, 529.274701880
241.359, 529.274699107
241.421, 529.274698906
241.484, 529.274697572
241.548, 529.274695236
241.615, 529.274689614
241.683, 529.274690485
241.743, 529.274691707
241.803, 529.274686239
241.864, 529.274687855
241.924, 529.274683969
241.986, 529.274684257
242.046, 529.274681208
242.107, 529.274681277
242.167, 529.274678388
242.229, 529.274678520
242.289, 529.274679269
242.349, 529.274677158
242.41, 529.274674278
242.473, 529.274672997
242.538, 529.274673579
242.598, 529.274672714
242.659, 529.274670905
242.722, 529.274670182
242.787, 529.274667053
242.853, 529.274664245
242.921, 529.274665113
242.981, 529.274663720
243.043, 529.274660423
243.106, 529.274661854
243.166, 529.274658320
243.227, 529.274655448
243.29, 529.274655125
243.355, 529.274654147
243.421, 529.274654549
243.481, 529.274652270
243.542, 529.274653501
243.602, 529.274647337
243.664, 529.274650343
243.724, 529.274646117
243.785, 529.274643580
243.848, 529.274646118
243.908, 529.274642058
243.97, 529.274642973
244.03, 529.274640556
244.091, 529.274640665
244.151, 529.274637328
244.213, 529.274637564
244.273, 529.274634975
244.334, 529.274634306
244.398, 529.274633427
244.462, 529.274634803
244.522, 529.274631066
244.584, 529.274630628
244.647, 529.274625729
244.711, 529.274627132
244.771, 529.274625825
244.833, 529.274623278
244.896, 529.274622286
244.96, 529.274618220
245.027, 529.274618294
245.087, 529.274617293
245.148, 529.274617633
245.208, 529.274615091
245.27, 529.274614675
245.333, 529.274614130
245.397, 529.274609703
245.464, 529.274610321
245.524, 529.274607817
245.585, 529.274607405
245.648, 529.274609010
245.708, 529.274604319
245.77, 529.274603052
245.833, 529.274604207
245.893, 529.274601949
245.954, 529.274600839
246.017, 529.274598412
246.082, 529.274595184
246.148, 529.274595495
246.208, 529.274592951
246.269, 529.274591482
246.333, 529.274589631
246.397, 529.274588691
246.463, 529.274583617
246.531, 529.274589663
246.591, 529.274585831
246.653, 529.274584794
246.716, 529.274583541
246.78, 529.274582399
246.847, 529.274578844
246.915, 529.274578162
246.984, 529.274577348
247.055, 529.274574951
247.129, 529.274570825
247.203, 529.274565800
247.28, 529.274569837
247.34, 529.274568624
247.402, 529.274568212
247.465, 529.274565452
247.529, 529.274566861
247.589, 529.274562246
247.651, 529.274561779
247.714, 529.274562962
247.774, 529.274557662
247.835, 529.274561545
247.895, 529.274558624
247.957, 529.274557572
248.02, 529.274554059
248.085, 529.274552158
248.151, 529.274552574
248.211, 529.274547190
248.272, 529.274548281
248.332, 529.274546330
248.394, 529.274544585
248.457, 529.274546709
248.517, 529.274541042
248.578, 529.274539955
248.641, 529.274539445
248.706, 529.274538503
248.772, 529.274536659
248.84, 529.274534438
248.91, 529.274535182
248.97, 529.274532173
249.031, 529.274531636
249.094, 529.274531067
249.159, 529.274525791
249.225, 529.274528978
249.285, 529.274527498
249.347, 529.274526337
249.41, 529.274524180
249.474, 529.274520493
249.54, 529.274521666
249.6, 529.274517690
249.662, 529.274521538
249.722, 529.274519328
249.783, 529.274513412
249.847, 529.274516707
249.907, 529.274511636
249.968, 529.274512924
250.028, 529.274509748
250.09, 529.274510202
250.15, 529.274506524
250.211, 529.274509768
250.271, 529.274504879
250.333, 529.274503768
250.396, 529.274502244
250.46, 529.274503529
250.52, 529.274495800
250.582, 529.274503304
250.642, 529.274498117
250.703, 529.274499034
250.763, 529.274492956
250.825, 529.274497733
250.885, 529.274490643
250.946, 529.274494541
251.006, 529.274489391
251.068, 529.274490405
251.128, 529.274488750
251.189, 529.274487655
251.252, 529.274484404
251.317, 529.274483705
251.383, 529.274483007
251.451, 529.274483467
251.511, 529.274475614
251.572, 529.274480263
