0.06, 539.526046052
0.12, 539.527843889
0.18, 539.527443435
0.2415, 539.527039520
0.304538, 539.526622620
0.369151, 539.526196264
0.43538, 539.525765039
0.503264, 539.525314811
0.572846, 539.524859634
0.644167, 539.524392186
0.717271, 539.523915327
0.792203, 539.523422320
0.869008, 539.522925508
0.947733, 539.522409860
1.02843, 539.521885894
1.11114, 539.521350437
1.19592, 539.520800707
1.28281, 539.520472150
1.37188, 539.520402629
1.46318, 539.520401933
1.55676, 539.520402830
1.61676, 539.520400484
1.67826, 539.520393865
1.7413, 539.520397445
1.8013, 539.520394575
1.8628, 539.520397207
1.9228, 539.520391065
1.9843, 539.520391390
2.0443, 539.520392898
2.1043, 539.520389800
2.1658, 539.520385341
2.22884, 539.520386937
2.28884, 539.520386711
2.35034, 539.520385604
2.41337, 539.520379818
2.47799, 539.520380637
2.53799, 539.520379246
2.59949, 539.520379225
2.66252, 539.520375657
2.72714, 539.520378093
2.78714, 539.520377411
2.84864, 539.520374109
2.91167, 539.520374179
2.97167, 539.520371023
3.03317, 539.520375302
3.09317, 539.520371594
3.15467, 539.520369145
3.21771, 539.520370308
3.27771, 539.520365482
3.33921, 539.520365366
3.40225, 539.520363309
3.46686, 539.520359180
3.53309, 539.520358330
3.60098, 539.520362561
3.66098, 539.520362028
3.72248, 539.520358911
3.78551, 539.520351934
3.85013, 539.520353186
3.91013, 539.520349266
3.97163, 539.520351407
4.03163, 539.520353130
4.09163, 539.520349193
4.15313, 539.520348419
4.21616, 539.520347749
4.28078, 539.520347393
4.34701, 539.520341910
4.41489, 539.520344156
4.47489, 539.520340791
4.53639, 539.520338938
4.59943, 539.520337502
4.66404, 539.520339795
4.72404, 539.520338517
4.78554, 539.520334901
4.84858, 539.520334322
4.91319, 539.520333304
4.97942, 539.520334178
5.03942, 539.520333739
5.10092, 539.520330565
5.16396, 539.520327852
5.22857, 539.520326447
5.2948, 539.520325156
5.36269, 539.520323569
5.43227, 539.520323950
5.49227, 539.520322480
5.55377, 539.520321443
5.61681, 539.520319479
5.68142, 539.520317692
5.74765, 539.520316242
5.81553, 539.520315398
5.88511, 539.520312947
5.95644, 539.520312007
6.02954, 539.520312657
6.08954, 539.520311103
6.15104, 539.520307972
6.21408, 539.520307616
6.27869, 539.520306740
6.34492, 539.520305373
6.4128, 539.520301821
6.48239, 539.520299191
6.55371, 539.520299476
6.61371, 539.520298441
6.67521, 539.520298626
6.73521, 539.520296116
6.79671, 539.520293868
6.85974, 539.520296273
6.91974, 539.520293818
6.98124, 539.520291993
7.04428, 539.520288552
7.10889, 539.520288742
7.16889, 539.520290780
7.22889, 539.520286917
7.29039, 539.520288037
7.35039, 539.520283524
7.41189, 539.520283050
7.47493, 539.520279810
7.53955, 539.520282228
7.59955, 539.520277079
7.66105, 539.520277954
7.72105, 539.520275448
7.78255, 539.520277016
7.84255, 539.520272318
7.90405, 539.520273378
7.96405, 539.520272036
8.02555, 539.520268454
8.08858, 539.520269134
8.14858, 539.520271010
8.20858, 539.520265146
8.27008, 539.520263129
8.33312, 539.520265220
8.39312, 539.520266293
8.45312, 539.520264149
8.51462, 539.520260227
8.57766, 539.520258027
8.64227, 539.520258679
8.70227, 539.520256724
8.76377, 539.520250852
8.82681, 539.520254575
8.88681, 539.520251574
8.94831, 539.520249053
9.01135, 539.520249289
9.07135, 539.520248180
9.13285, 539.520248109
9.19588, 539.520243414
9.2605, 539.520245233
9.3205, 539.520246540
9.3805, 539.520243976
9.442, 539.520242807
9.50503, 539.520243140
9.56503, 539.520240718
9.62653, 539.520236140
9.68957, 539.520237243
9.74957, 539.520237549
9.80957, 539.520237342
9.87107, 539.520232114
9.93411, 539.520228576
9.99872, 539.520235712
10.0587, 539.520228664
10.1202, 539.520229946
10.1802, 539.520227541
10.2417, 539.520225958
10.3048, 539.520227309
10.3648, 539.520227637
10.4248, 539.520224053
10.4863, 539.520224463
10.5463, 539.520221271
10.6078, 539.520218643
10.6708, 539.520216227
10.7354, 539.520213757
10.8016, 539.520211215
10.8695, 539.520213522
10.9295, 539.520213097
10.991, 539.520207184
11.0541, 539.520207587
11.1141, 539.520209604
11.1741, 539.520207344
11.2356, 539.520205574
11.2986, 539.520204769
11.3632, 539.520205011
11.4232, 539.520201533
11.4847, 539.520200736
11.5478, 539.520200003
11.6124, 539.520199317
11.6786, 539.520200237
11.7386, 539.520197967
11.8001, 539.520194602
11.8631, 539.520192915
11.9277, 539.520193673
11.9877, 539.520191149
12.0492, 539.520188921
12.1123, 539.520192583
12.1723, 539.520190269
12.2338, 539.520187545
12.2968, 539.520186318
12.3614, 539.520183306
12.4277, 539.520181146
12.4955, 539.520181154
12.5555, 539.520178901
12.617, 539.520177471
12.6801, 539.520176244
12.7447, 539.520175101
12.8109, 539.520171070
12.8788, 539.520172622
12.9388, 539.520174704
12.9988, 539.520173948
13.0603, 539.520169233
13.1233, 539.520165983
13.188, 539.520167556
13.248, 539.520166535
13.3095, 539.520161400
13.3725, 539.520162448
13.4325, 539.520160541
13.494, 539.520158695
13.557, 539.520157033
13.6216, 539.520153594
13.6879, 539.520155082
13.7479, 539.520157883
13.8079, 539.520156751
13.8694, 539.520150721
13.9324, 539.520153687
13.9924, 539.520152977
14.0539, 539.520147429
14.117, 539.520148023
14.177, 539.520149420
14.237, 539.520148700
14.2985, 539.520142535
14.3615, 539.520143099
14.4215, 539.520140454
14.483, 539.520139998
14.546, 539.520140849
14.606, 539.520140412
14.6675, 539.520136283
14.7306, 539.520134886
14.7952, 539.520136151
14.8552, 539.520134222
14.9167, 539.520132960
14.9797, 539.520130992
15.0443, 539.520127161
15.1106, 539.520128004
15.1706, 539.520130164
15.2306, 539.520130840
15.2906, 539.520127826
15.3521, 539.520122090
15.4151, 539.520124215
15.4751, 539.520122461
15.5366, 539.520121332
15.5996, 539.520118784
15.6642, 539.520117812
15.7305, 539.520114948
15.7984, 539.520114114
15.8679, 539.520114633
15.9279, 539.520114143
15.9894, 539.520109669
16.0525, 539.520110579
16.1125, 539.520107958
16.174, 539.520105933
16.237, 539.520106059
16.297, 539.520103122
16.3585, 539.520106345
16.4185, 539.520107795
16.4785, 539.520098577
16.54, 539.520095953
16.6031, 539.520097756
16.6631, 539.520098786
16.7231, 539.520098195
16.7846, 539.520091883
16.8476, 539.520093873
16.9076, 539.520093304
16.9691, 539.520091847
17.0321, 539.520090551
17.0967, 539.520092780
17.1567, 539.520087424
17.2182, 539.520086299
17.2813, 539.520087072
17.3413, 539.520082758
17.4028, 539.520082809
17.4628, 539.520084010
17.5228, 539.520082086
17.5843, 539.520080497
17.6473, 539.520079856
17.7119, 539.520073598
17.7782, 539.520078165
17.8382, 539.520074810
17.8997, 539.520073612
17.9627, 539.520068842
18.0273, 539.520072440
18.0873, 539.520070146
18.1488, 539.520069598
18.2118, 539.520067204
18.2765, 539.520066026
18.3427, 539.520063665
18.4106, 539.520064448
18.4706, 539.520063605
18.5321, 539.520061092
18.5951, 539.520059358
18.6597, 539.520057542
18.726, 539.520054186
18.7938, 539.520057189
18.8538, 539.520055788
18.9153, 539.520051033
18.9784, 539.520052217
19.0384, 539.520050650
19.0999, 539.520050441
19.1629, 539.520047750
19.2275, 539.520045872
19.2938, 539.520045733
19.3616, 539.520047835
19.4216, 539.520039675
19.4831, 539.520041325
19.5431, 539.520040957
19.6046, 539.520040332
19.6677, 539.520036868
19.7323, 539.520037291
19.7923, 539.520035455
19.8538, 539.520032106
19.9168, 539.520031057
19.9814, 539.520034310
20.0414, 539.520030325
20.1029, 539.520030341
20.1629, 539.520027233
20.2244, 539.520027013
20.2875, 539.520024119
20.3521, 539.520022875
20.4183, 539.520022544
20.4862, 539.520021640
20.5558, 539.520022008
20.6158, 539.520019009
20.6773, 539.520015384
20.7403, 539.520014292
20.8049, 539.520013948
20.8712, 539.520016314
20.9312, 539.520013201
20.9927, 539.520009954
21.0557, 539.520007237
21.1203, 539.520010453
21.1803, 539.520008519
21.2418, 539.520005745
21.3049, 539.520006189
21.3649, 539.520002602
21.4264, 539.520002126
21.4894, 539.520000861
21.554, 539.520000590
21.6202, 539.519998574
21.6881, 539.519996346
21.7577, 539.519994212
21.829, 539.519995524
21.889, 539.519991188
21.9505, 539.519993189
22.0105, 539.519990600
22.072, 539.519988035
22.1351, 539.519988006
22.1997, 539.519988423
22.2597, 539.519987588
22.3212, 539.519983444
22.3842, 539.519980683
22.4488, 539.519980284
22.5151, 539.519978504
22.5829, 539.519980798
22.6429, 539.519979172
22.7044, 539.519976982
22.7675, 539.519976000
22.8321, 539.519973807
22.8983, 539.519970138
22.9662, 539.519971633
23.0262, 539.519970216
23.0877, 539.519968355
23.1507, 539.519966182
23.2154, 539.519966738
23.2754, 539.519969189
23.3354, 539.519965799
23.3969, 539.519962042
23.4599, 539.519963653
23.5199, 539.519965527
23.5799, 539.519959860
23.6414, 539.519960148
23.7014, 539.519955229
23.7629, 539.519956946
23.8229, 539.519954468
23.8844, 539.519953025
23.9474, 539.519954070
24.0074, 539.519952003
24.0689, 539.519949720
24.132, 539.519952258
24.192, 539.519949606
24.2535, 539.519945293
24.3165, 539.519944714
24.3811, 539.519945089
24.4411, 539.519943667
24.5026, 539.519939925
24.5657, 539.519944323
24.6257, 539.519940502
24.6872, 539.519935825
24.7502, 539.519936153
24.8102, 539.519935079
24.8717, 539.519934063
24.9347, 539.519933229
24.9993, 539.519933321
25.0593, 539.519931034
25.1208, 539.519926818
25.1839, 539.519927145
25.2439, 539.519928505
25.3039, 539.519925855
25.3654, 539.519922658
25.4284, 539.519920052
25.493, 539.519922702
25.553, 539.519920940
25.6145, 539.519917554
25.6776, 539.519920359
25.7376, 539.519919719
25.7991, 539.519911702
25.8621, 539.519913216
25.9221, 539.519911425
25.9836, 539.519916243
26.0436, 539.519909513
26.1051, 539.519909983
26.1651, 539.519910293
26.2251, 539.519903461
26.2866, 539.519902971
26.3496, 539.519902806
26.4143, 539.519902282
26.4805, 539.519898427
26.5484, 539.519902194
26.6084, 539.519898616
26.6699, 539.519897769
26.7329, 539.519894784
26.7975, 539.519895918
26.8575, 539.519893039
26.919, 539.519893864
26.979, 539.519891221
27.0405, 539.519887806
27.1036, 539.519888380
27.1636, 539.519889396
27.2236, 539.519887277
27.2851, 539.519886684
27.3481, 539.519884233
27.4127, 539.519881911
27.4789, 539.519879119
27.5468, 539.519881467
27.6068, 539.519881200
27.6683, 539.519877299
27.7314, 539.519875086
27.796, 539.519875445
27.856, 539.519875555
27.916, 539.519875097
27.9775, 539.519876406
28.0375, 539.519873443
28.099, 539.519868346
28.162, 539.519866232
28.2266, 539.519870385
28.2866, 539.519863105
28.3481, 539.519864918
28.4081, 539.519862433
28.4696, 539.519862009
28.5327, 539.519860566
28.5973, 539.519859071
28.6635, 539.519858800
28.7314, 539.519859214
28.7914, 539.519859405
28.8514, 539.519854447
28.9129, 539.519855293
28.9729, 539.519854437
29.0344, 539.519849275
29.0974, 539.519850057
29.1574, 539.519847282
29.2189, 539.519842770
29.282, 539.519845857
29.342, 539.519844361
29.4035, 539.519841054
29.4665, 539.519841398
29.5265, 539.519840248
29.588, 539.519840081
29.651, 539.519838137
29.7157, 539.519839160
29.7757, 539.519833784
29.8372, 539.519833654
29.9002, 539.519833301
29.9648, 539.519835326
30.0248, 539.519831105
30.0863, 539.519830977
30.1493, 539.519829730
30.214, 539.519828247
30.2802, 539.519824849
30.3481, 539.519826213
30.4081, 539.519826561
30.4681, 539.519826010
30.5296, 539.519823685
30.5926, 539.519816092
30.6572, 539.519818885
30.7172, 539.519819683
30.7772, 539.519818146
30.8387, 539.519813668
30.9018, 539.519814773
30.9618, 539.519817621
31.0218, 539.519812029
31.0833, 539.519809680
31.1463, 539.519812853
31.2063, 539.519807544
31.2678, 539.519806975
31.3308, 539.519809002
31.3908, 539.519802920
31.4523, 539.519801784
31.5154, 539.519799958
31.58, 539.519802817
31.64, 539.519801454
31.7015, 539.519800086
31.7645, 539.519793681
31.8291, 539.519792070
31.8954, 539.519794219
31.9554, 539.519789394
32.0169, 539.519789158
32.0799, 539.519791632
32.1399, 539.519788947
32.2014, 539.519783968
32.2644, 539.519784594
32.3244, 539.519785935
32.3844, 539.519787369
32.4444, 539.519783261
32.5059, 539.519782180
32.569, 539.519780101
32.6336, 539.519779924
32.6998, 539.519775369
32.7677, 539.519776218
32.8277, 539.519776498
32.8877, 539.519776442
32.9492, 539.519768751
33.0122, 539.519770482
33.0722, 539.519776546
33.1322, 539.519768841
33.1937, 539.519768426
33.2568, 539.519765309
33.3214, 539.519767687
33.3814, 539.519764594
33.4429, 539.519757734
33.5059, 539.519763709
33.5659, 539.519759233
33.6274, 539.519761916
33.6874, 539.519762831
33.7474, 539.519757785
33.8089, 539.519752956
33.872, 539.519753336
33.932, 539.519758837
33.992, 539.519750454
34.0535, 539.519750799
34.1135, 539.519750220
34.175, 539.519750650
34.235, 539.519743313
34.2965, 539.519744523
34.3565, 539.519747925
34.4165, 539.519747978
34.4765, 539.519742617
34.538, 539.519740148
34.601, 539.519739464
34.6656, 539.519741434
34.7256, 539.519737922
34.7871, 539.519735481
34.8502, 539.519736391
34.9102, 539.519736386
34.9717, 539.519731996
35.0347, 539.519733113
35.0947, 539.519731664
35.1562, 539.519730112
35.2192, 539.519729376
35.2838, 539.519728518
35.3501, 539.519727263
35.418, 539.519725877
35.4875, 539.519720774
35.5589, 539.519721253
35.6189, 539.519722661
35.6789, 539.519720090
35.7404, 539.519717803
35.8034, 539.519716219
35.868, 539.519716632
35.928, 539.519714022
35.9895, 539.519713030
36.0525, 539.519713588
36.1125, 539.519710477
36.174, 539.519710697
36.234, 539.519711047
36.294, 539.519707384
36.3555, 539.519701924
36.4186, 539.519702558
36.4786, 539.519702518
36.5401, 539.519699292
36.6031, 539.519698456
36.6677, 539.519697834
36.734, 539.519696902
36.8018, 539.519694739
36.8714, 539.519696560
36.9314, 539.519694086
36.9929, 539.519693714
37.056, 539.519693613
37.1206, 539.519689519
37.1868, 539.519688140
37.2547, 539.519689183
37.3147, 539.519684952
37.3762, 539.519686544
37.4362, 539.519685659
37.4977, 539.519685241
37.5607, 539.519679580
37.6253, 539.519682948
37.6853, 539.519680378
37.7468, 539.519674861
37.8099, 539.519678659
37.8699, 539.519675392
37.9314, 539.519675405
37.9914, 539.519670372
38.0529, 539.519667923
38.1159, 539.519672122
38.1759, 539.519670137
38.2374, 539.519668762
38.3005, 539.519669186
38.3605, 539.519667186
38.422, 539.519665211
38.485, 539.519666107
38.545, 539.519665435
38.6065, 539.519660426
38.6695, 539.519661906
38.7295, 539.519658616
38.791, 539.519655529
38.8541, 539.519653749
38.9187, 539.519654546
38.9787, 539.519654533
39.0402, 539.519655716
39.1002, 539.519654326
39.1617, 539.519650406
39.2247, 539.519649056
39.2893, 539.519646418
39.3556, 539.519646511
39.4156, 539.519645426
39.4771, 539.519642746
39.5401, 539.519641425
39.6047, 539.519642050
39.6647, 539.519638380
39.7262, 539.519636305
39.7893, 539.519635669
39.8539, 539.519633412
39.9201, 539.519632649
39.988, 539.519634319
40.048, 539.519632962
40.1095, 539.519632137
40.1725, 539.519629460
40.2371, 539.519631321
40.2971, 539.519629857
40.3586, 539.519626022
40.4217, 539.519624311
40.4863, 539.519623167
40.5525, 539.519620873
40.6204, 539.519624134
40.6804, 539.519620547
40.7419, 539.519618862
40.8049, 539.519615564
40.8695, 539.519615963
40.9295, 539.519613349
40.991, 539.519612259
41.0541, 539.519612929
41.1141, 539.519612127
41.1756, 539.519609463
41.2386, 539.519610896
41.2986, 539.519612362
41.3586, 539.519607760
41.4201, 539.519604522
41.4832, 539.519604016
41.5478, 539.519605359
41.6078, 539.519604403
41.6693, 539.519599653
41.7323, 539.519602433
41.7923, 539.519599859
41.8538, 539.519597870
41.9168, 539.519594177
41.9815, 539.519596743
42.0415, 539.519593529
42.103, 539.519591979
42.166, 539.519588708
42.2306, 539.519589281
42.2906, 539.519589985
42.3506, 539.519588126
42.4121, 539.519584665
42.4751, 539.519586097
42.5351, 539.519583107
42.5966, 539.519583665
42.6566, 539.519582423
42.7181, 539.519577869
42.7812, 539.519578445
42.8412, 539.519576714
42.9027, 539.519578862
42.9627, 539.519577571
43.0242, 539.519573803
43.0872, 539.519571721
43.1518, 539.519573000
43.2118, 539.519567754
43.2733, 539.519571551
43.3333, 539.519569551
43.3948, 539.519563935
43.4579, 539.519566699
43.5179, 539.519565852
43.5794, 539.519563595
43.6424, 539.519562548
43.707, 539.519561061
43.7733, 539.519557418
43.8411, 539.519558378
43.9011, 539.519555821
43.9626, 539.519555451
44.0257, 539.519552490
44.0903, 539.519551830
44.1565, 539.519551517
44.2244, 539.519550936
44.294, 539.519549894
44.3653, 539.519550161
44.4253, 539.519542190
44.4868, 539.519543404
44.5468, 539.519542875
44.6083, 539.519542433
44.6713, 539.519537506
44.736, 539.519541585
44.796, 539.519535611
44.8575, 539.519536374
44.9175, 539.519537245
44.9775, 539.519538091
45.0375, 539.519535302
45.099, 539.519533499
45.162, 539.519532265
45.2266, 539.519530157
45.2928, 539.519530691
45.3528, 539.519525198
45.4143, 539.519526066
45.4743, 539.519527299
45.5343, 539.519522750
45.5958, 539.519522152
45.6589, 539.519523725
45.7189, 539.519519983
45.7804, 539.519517921
45.8434, 539.519516257
45.908, 539.519516788
45.968, 539.519517765
46.028, 539.519515584
46.0895, 539.519511380
46.1526, 539.519512664
46.2126, 539.519510691
46.2741, 539.519508763
46.3371, 539.519509000
46.3971, 539.519506970
46.4586, 539.519503190
46.5216, 539.519506135
46.5816, 539.519506199
46.6416, 539.519501923
46.7031, 539.519501678
46.7662, 539.519498196
46.8308, 539.519497761
46.897, 539.519496722
46.9649, 539.519497723
47.0249, 539.519495170
47.0864, 539.519496645
47.1464, 539.519493659
47.2079, 539.519489712
47.2709, 539.519488396
47.3356, 539.519487333
47.4018, 539.519486782
47.4697, 539.519485216
47.5392, 539.519483754
47.6106, 539.519483722
47.6837, 539.519484764
47.7437, 539.519479513
47.8052, 539.519479411
47.8682, 539.519476847
47.9328, 539.519478092
47.9928, 539.519479670
48.0528, 539.519475064
48.1143, 539.519470780
48.1774, 539.519471728
48.2374, 539.519471468
48.2989, 539.519467267
48.3619, 539.519465332
48.4265, 539.519468863
48.4865, 539.519467215
48.548, 539.519462844
48.611, 539.519465551
48.671, 539.519464138
48.7325, 539.519461069
48.7956, 539.519460561
48.8602, 539.519456866
48.9264, 539.519455066
48.9943, 539.519454233
49.0639, 539.519456391
49.1239, 539.519453905
49.1854, 539.519450708
49.2484, 539.519451318
49.3084, 539.519448523
49.3699, 539.519445879
49.433, 539.519450397
49.493, 539.519446074
49.5545, 539.519443178
49.6175, 539.519440961
49.6821, 539.519443582
49.7421, 539.519440242
49.8036, 539.519442371
49.8636, 539.519441227
49.9251, 539.519439880
49.9882, 539.519438504
50.0528, 539.519434106
50.119, 539.519436339
50.179, 539.519432870
50.2405, 539.519428685
50.3035, 539.519433719
50.3635, 539.519428550
50.425, 539.519428371
50.4881, 539.519425872
50.5527, 539.519427098
50.6127, 539.519423809
50.6742, 539.519420815
50.7372, 539.519420183
50.8018, 539.519421261
50.8618, 539.519418482
50.9233, 539.519417622
50.9864, 539.519420412
51.0464, 539.519418694
51.1079, 539.519414966
51.1709, 539.519411808
51.2355, 539.519410678
51.3018, 539.519410623
51.3696, 539.519409823
51.4392, 539.519402625
51.5105, 539.519407297
51.5705, 539.519403123
51.632, 539.519400599
51.6951, 539.519401604
51.7551, 539.519403688
51.8151, 539.519404078
51.8751, 539.519398079
51.9366, 539.519399851
51.9966, 539.519394777
52.0581, 539.519394425
52.1211, 539.519395054
52.1811, 539.519393387
52.2426, 539.519390280
52.3057, 539.519388857
52.3703, 539.519388364
52.4365, 539.519389480
52.4965, 539.519386312
52.558, 539.519387985
52.618, 539.519382000
52.6795, 539.519383992
52.7395, 539.519378178
52.801, 539.519382949
52.861, 539.519379369
52.9225, 539.519377775
52.9855, 539.519374072
53.0501, 539.519377183
53.1101, 539.519375376
53.1716, 539.519375809
53.2316, 539.519371581
53.2931, 539.519370295
53.3562, 539.519368390
53.4208, 539.519372678
53.4808, 539.519365561
53.5423, 539.519365406
53.6053, 539.519362925
53.67, 539.519364025
53.73, 539.519362826
53.7915, 539.519362625
53.8545, 539.519357575
53.9191, 539.519359276
53.9791, 539.519357548
54.0406, 539.519357193
54.1036, 539.519354934
54.1683, 539.519352756
54.2345, 539.519352122
54.3024, 539.519349567
54.3719, 539.519349644
54.4319, 539.519349718
54.4919, 539.519348475
54.5534, 539.519348354
54.6165, 539.519346237
54.6811, 539.519342906
54.7473, 539.519343944
54.8073, 539.519342222
54.8688, 539.519339538
54.9319, 539.519340253
54.9919, 539.519338368
55.0534, 539.519336774
55.1164, 539.519335923
55.181, 539.519334736
55.2472, 539.519332901
55.3151, 539.519334276
55.3751, 539.519331369
55.4366, 539.519327896
55.4997, 539.519326705
55.5643, 539.519329034
55.6243, 539.519325975
55.6858, 539.519323931
55.7488, 539.519320349
55.8134, 539.519322817
55.8734, 539.519318541
55.9349, 539.519320987
55.9949, 539.519320864
56.0564, 539.519318640
56.1195, 539.519316084
56.1841, 539.519314597
56.2503, 539.519313633
56.3182, 539.519309751
56.3878, 539.519310242
56.4478, 539.519309166
56.5093, 539.519304963
56.5723, 539.519304793
56.6369, 539.519306882
56.6969, 539.519304984
56.7584, 539.519303281
56.8215, 539.519302461
56.8861, 539.519296322
56.9523, 539.519299799
57.0123, 539.519297905
57.0738, 539.519296873
57.1368, 539.519295114
57.2015, 539.519293798
57.2677, 539.519291495
57.3356, 539.519293175
57.3956, 539.519289465
57.4571, 539.519286906
57.5201, 539.519288799
57.5801, 539.519286449
57.6416, 539.519283562
57.7046, 539.519280793
57.7693, 539.519282135
57.8293, 539.519282621
57.8893, 539.519280756
57.9508, 539.519277593
58.0138, 539.519281371
58.0738, 539.519279322
58.1353, 539.519274573
58.1983, 539.519278229
58.2583, 539.519276264
58.3198, 539.519273441
58.3829, 539.519275406
58.4429, 539.519270978
58.5044, 539.519265975
58.5674, 539.519269184
58.6274, 539.519263600
58.6889, 539.519263425
58.7519, 539.519262509
58.8166, 539.519263154
58.8766, 539.519263015
58.9381, 539.519260123
59.0011, 539.519263183
59.0611, 539.519262605
59.1226, 539.519259323
59.1856, 539.519255753
59.2502, 539.519255075
59.3165, 539.519251623
59.3844, 539.519251019
59.4539, 539.519251560
59.5139, 539.519247589
59.5754, 539.519250128
59.6354, 539.519244248
59.6969, 539.519245464
59.7569, 539.519244063
59.8184, 539.519241051
59.8815, 539.519239113
59.9461, 539.519242123
60.0061, 539.519237497
60.0676, 539.519236066
60.1306, 539.519236754
60.1906, 539.519234882
60.2521, 539.519233780
60.3152, 539.519231996
60.3798, 539.519230570
60.446, 539.519228565
60.5139, 539.519226988
60.5835, 539.519232147
60.6435, 539.519226261
60.705, 539.519231403
60.765, 539.519223539
60.8265, 539.519226192
60.8865, 539.519220855
60.948, 539.519223174
61.008, 539.519219397
61.0695, 539.519217590
61.1325, 539.519214693
61.1971, 539.519217565
61.2571, 539.519215312
61.3186, 539.519213719
61.3817, 539.519215327
61.4417, 539.519211695
61.5032, 539.519211084
61.5662, 539.519214097
61.6262, 539.519205848
61.6877, 539.519209915
61.7477, 539.519206640
61.8092, 539.519205241
61.8722, 539.519203075
61.9369, 539.519201206
62.0031, 539.519201193
62.071, 539.519200697
62.1406, 539.519196552
62.2119, 539.519195905
62.285, 539.519191795
62.3599, 539.519195736
62.4199, 539.519191611
62.4814, 539.519193734
62.5414, 539.519188326
62.6029, 539.519186616
62.6659, 539.519187422
62.7259, 539.519185605
62.7874, 539.519185901
62.8474, 539.519184369
62.9089, 539.519180737
62.972, 539.519181631
63.032, 539.519180224
63.0935, 539.519178845
63.1565, 539.519178071
63.2211, 539.519177999
63.2874, 539.519173577
63.3552, 539.519174264
63.4152, 539.519172758
63.4767, 539.519168829
63.5398, 539.519171638
63.5998, 539.519169214
63.6613, 539.519166343
63.7243, 539.519163071
63.7889, 539.519164501
63.8489, 539.519163583
63.9104, 539.519160491
63.9735, 539.519159158
64.0381, 539.519159411
64.0981, 539.519157703
64.1596, 539.519157633
64.2226, 539.519151610
64.2872, 539.519156474
64.3472, 539.519154846
64.4087, 539.519154367
64.4718, 539.519150450
64.5364, 539.519149318
64.6026, 539.519148170
64.6705, 539.519147679
64.7401, 539.519145585
64.8114, 539.519145322
64.8845, 539.519142257
64.9594, 539.519140658
65.0362, 539.519137627
65.115, 539.519138435
65.175, 539.519140374
65.235, 539.519136775
65.2965, 539.519135696
65.3595, 539.519131054
65.4241, 539.519137476
65.4841, 539.519130493
65.5456, 539.519131867
65.6056, 539.519128449
65.6671, 539.519126636
65.7302, 539.519124190
65.7948, 539.519123082
65.861, 539.519123881
65.921, 539.519123481
65.9825, 539.519120967
66.0455, 539.519121743
66.1055, 539.519117427
66.167, 539.519119116
66.227, 539.519116702
66.2885, 539.519118574
66.3485, 539.519112447
66.41, 539.519115184
66.47, 539.519110883
66.5315, 539.519113436
66.5915, 539.519112075
66.653, 539.519109700
66.7161, 539.519107047
66.7807, 539.519104611
66.8469, 539.519105120
66.9069, 539.519103766
66.9684, 539.519103644
67.0315, 539.519099672
67.0961, 539.519101850
67.1561, 539.519098013
67.2176, 539.519095844
67.2806, 539.519093956
67.3452, 539.519095502
67.4052, 539.519099056
67.4652, 539.519093401
67.5267, 539.519092628
67.5898, 539.519088952
67.6544, 539.519087092
67.7206, 539.519087109
67.7806, 539.519086576
67.8421, 539.519080963
67.9051, 539.519083716
67.9651, 539.519083016
68.0266, 539.519080737
68.0897, 539.519080537
68.1543, 539.519083725
68.2143, 539.519079935
68.2758, 539.519077972
68.3388, 539.519074700
68.4034, 539.519078551
68.4634, 539.519075162
68.5249, 539.519072771
68.588, 539.519071932
68.6526, 539.519070751
68.7188, 539.519071729
68.7788, 539.519068444
68.8403, 539.519067582
68.9034, 539.519065752
68.968, 539.519063382
69.0342, 539.519064208
69.0942, 539.519058662
69.1557, 539.519060190
69.2157, 539.519059316
69.2772, 539.519057863
69.3402, 539.519053396
69.4048, 539.519059489
69.4648, 539.519052409
69.5263, 539.519055729
69.5863, 539.519054257
69.6478, 539.519049775
69.7109, 539.519047248
69.7755, 539.519048446
69.8355, 539.519042540
69.897, 539.519044459
69.957, 539.519045108
70.017, 539.519045998
70.077, 539.519042361
70.1385, 539.519041228
70.2015, 539.519035047
70.2662, 539.519036598
70.3262, 539.519039343
70.3862, 539.519038188
70.4477, 539.519035503
70.5107, 539.519032714
70.5753, 539.519031564
70.6415, 539.519027736
70.7094, 539.519029489
70.7694, 539.519027931
70.8309, 539.519028968
70.8909, 539.519027922
70.9524, 539.519026017
71.0155, 539.519024508
71.0801, 539.519023881
71.1463, 539.519022917
71.2142, 539.519019807
71.2838, 539.519016680
71.3551, 539.519018839
71.4151, 539.519017184
71.4766, 539.519014039
71.5396, 539.519012955
71.6042, 539.519010647
71.6705, 539.519012241
71.7305, 539.519012942
71.7905, 539.519012841
71.852, 539.519007783
71.915, 539.519005095
71.9796, 539.518999160
72.0458, 539.519004194
72.1058, 539.519000959
72.1673, 539.518997123
72.2304, 539.518995880
72.295, 539.519000107
72.355, 539.518995601
72.4165, 539.518995401
72.4795, 539.518995694
72.5395, 539.518995483
72.601, 539.518992596
72.6641, 539.518989310
72.7287, 539.518990280
72.7887, 539.518989522
72.8502, 539.518985996
72.9132, 539.518983967
72.9778, 539.518985365
73.0378, 539.518981866
73.0993, 539.518979019
73.1624, 539.518982072
73.2224, 539.518980104
73.2839, 539.518983084
73.3439, 539.518980187
73.4054, 539.518977219
73.4684, 539.518976055
73.533, 539.518973622
73.5992, 539.518972397
73.6671, 539.518968715
73.7367, 539.518968317
73.808, 539.518968418
73.868, 539.518969580
73.928, 539.518966615
73.9895, 539.518964835
74.0526, 539.518963680
74.1172, 539.518965034
74.1772, 539.518961312
74.2387, 539.518961822
74.2987, 539.518960757
74.3602, 539.518957141
74.4232, 539.518959418
74.4832, 539.518958083
74.5447, 539.518957277
74.6078, 539.518952419
74.6724, 539.518953271
74.7324, 539.518952356
74.7939, 539.518951859
74.8569, 539.518948056
74.9215, 539.518948303
74.9815, 539.518946215
75.043, 539.518947539
75.103, 539.518944195
75.1645, 539.518944170
75.2276, 539.518941111
75.2922, 539.518940125
75.3584, 539.518939401
75.4263, 539.518938941
75.4959, 539.518938300
75.5672, 539.518934533
75.6403, 539.518933607
75.7152, 539.518927417
75.792, 539.518928617
75.852, 539.518928691
75.912, 539.518929224
75.972, 539.518929591
76.032, 539.518926225
76.0935, 539.518921710
76.1566, 539.518922315
76.2166, 539.518921056
76.2781, 539.518921958
76.3381, 539.518923541
76.3981, 539.518918819
76.4596, 539.518916882
76.5226, 539.518916811
76.5872, 539.518916238
76.6535, 539.518912194
76.7213, 539.518910488
76.7909, 539.518911740
76.8509, 539.518910487
76.9124, 539.518908268
76.9755, 539.518905705
77.0401, 539.518906960
77.1001, 539.518903644
77.1616, 539.518901449
77.2246, 539.518902488
77.2846, 539.518902720
77.3446, 539.518901287
77.4061, 539.518900298
77.4691, 539.518899242
77.5338, 539.518898382
77.6, 539.518898879
77.66, 539.518894216
77.7215, 539.518892958
77.7845, 539.518888692
77.8491, 539.518890121
77.9091, 539.518886397
77.9706, 539.518890571
78.0306, 539.518886773
78.0921, 539.518881671
78.1552, 539.518884147
78.2152, 539.518884169
78.2752, 539.518882228
78.3367, 539.518879182
78.3997, 539.518880331
78.4597, 539.518877547
78.5212, 539.518876348
78.5843, 539.518875261
78.6489, 539.518876037
78.7089, 539.518872919
78.7704, 539.518873601
78.8304, 539.518871223
78.8919, 539.518870984
78.9549, 539.518865687
79.0195, 539.518868949
79.0795, 539.518867191
79.141, 539.518864426
79.2041, 539.518863766
79.2687, 539.518861791
79.3349, 539.518863604
79.3949, 539.518861231
79.4564, 539.518861123
79.5194, 539.518857149
79.584, 539.518854204
79.6503, 539.518855466
79.7103, 539.518856878
79.7703, 539.518853281
79.8318, 539.518853350
79.8918, 539.518854385
79.9518, 539.518851351
80.0133, 539.518848211
80.0763, 539.518849146
80.1363, 539.518846783
80.1978, 539.518841870
80.2608, 539.518839126
80.3255, 539.518844695
80.3855, 539.518837794
80.447, 539.518837529
80.51, 539.518837953
80.57, 539.518837742
80.6315, 539.518835383
80.6945, 539.518838052
80.7545, 539.518831872
80.816, 539.518831985
80.876, 539.518830495
80.9375, 539.518829612
81.0006, 539.518827192
81.0652, 539.518829080
81.1252, 539.518827554
81.1867, 539.518826539
81.2497, 539.518822734
81.3143, 539.518826376
81.3743, 539.518822652
81.4358, 539.518820957
81.4989, 539.518819587
81.5635, 539.518818441
81.6297, 539.518815187
81.6976, 539.518816599
81.7576, 539.518812642
81.8191, 539.518813066
81.8791, 539.518813593
81.9391, 539.518810473
82.0006, 539.518809434
82.0636, 539.518810072
82.1236, 539.518807331
82.1851, 539.518807867
82.2451, 539.518807159
82.3066, 539.518801987
82.3697, 539.518803936
82.4297, 539.518803297
82.4912, 539.518797398
82.5542, 539.518797768
82.6142, 539.518797237
82.6757, 539.518797962
82.7357, 539.518794156
82.7972, 539.518794256
82.8572, 539.518794696
82.9172, 539.518789904
82.9787, 539.518790355
83.0387, 539.518788798
83.1002, 539.518786583
83.1633, 539.518786908
83.2233, 539.518785764
83.2848, 539.518784910
83.3478, 539.518781904
83.4124, 539.518784715
83.4724, 539.518781067
83.5339, 539.518779294
83.5969, 539.518777616
83.6616, 539.518778701
83.7216, 539.518776889
83.7831, 539.518770211
83.8461, 539.518774288
83.9061, 539.518773327
83.9676, 539.518771357
84.0306, 539.518768415
84.0952, 539.518767828
84.1615, 539.518768066
84.2215, 539.518766267
84.283, 539.518762606
84.346, 539.518764011
84.406, 539.518764812
84.466, 539.518759367
84.5275, 539.518759165
84.5905, 539.518758095
84.6552, 539.518760939
84.7152, 539.518756503
84.7767, 539.518753976
84.8397, 539.518752668
84.9043, 539.518752645
84.9705, 539.518752859
85.0305, 539.518748536
85.092, 539.518749323
85.152, 539.518750854
85.212, 539.518747237
85.2735, 539.518743942
85.3366, 539.518742906
85.4012, 539.518743719
85.4612, 539.518741584
85.5227, 539.518742247
85.5827, 539.518738810
85.6442, 539.518738469
85.7072, 539.518733087
85.7718, 539.518735417
85.8318, 539.518733479
85.8933, 539.518734123
85.9533, 539.518734199
86.0133, 539.518735862
86.0733, 539.518728725
86.1348, 539.518730621
86.1948, 539.518728559
86.2563, 539.518722199
86.3194, 539.518722697
86.3794, 539.518723790
86.4394, 539.518723967
86.4994, 539.518725164
86.5594, 539.518722273
86.6209, 539.518717044
86.6839, 539.518717429
86.7439, 539.518718832
86.8039, 539.518719510
86.8639, 539.518714460
86.9254, 539.518713922
86.9885, 539.518708851
87.0531, 539.518712201
87.1131, 539.518710382
87.1746, 539.518708763
87.2376, 539.518706489
87.3022, 539.518707739
87.3622, 539.518704339
87.4237, 539.518700592
87.4868, 539.518699663
87.5514, 539.518701755
87.6114, 539.518701341
87.6729, 539.518696941
87.7359, 539.518698346
87.7959, 539.518696583
87.8574, 539.518695191
87.9204, 539.518692596
87.9851, 539.518694007
88.0451, 539.518691815
88.1066, 539.518692297
88.1666, 539.518687399
88.2281, 539.518689013
88.2881, 539.518686206
88.3496, 539.518688568
88.4096, 539.518683587
88.4711, 539.518681652
88.5341, 539.518681431
88.5987, 539.518683175
88.6587, 539.518680595
88.7202, 539.518682086
88.7802, 539.518676837
88.8417, 539.518678452
88.9017, 539.518675565
88.9632, 539.518672123
89.0262, 539.518671327
89.0909, 539.518670596
89.1571, 539.518668926
89.225, 539.518668607
89.2946, 539.518670286
89.3546, 539.518666730
89.4161, 539.518665458
89.4791, 539.518665488
89.5391, 539.518663463
89.6006, 539.518663907
89.6606, 539.518661542
89.7221, 539.518660867
89.7851, 539.518656771
89.8497, 539.518657030
89.9097, 539.518658456
89.9697, 539.518652724
90.0312, 539.518650281
90.0943, 539.518651619
90.1543, 539.518650564
90.2158, 539.518652077
90.2758, 539.518646976
90.3373, 539.518646541
90.4003, 539.518647937
90.4603, 539.518646964
90.5218, 539.518643666
90.5849, 539.518643434
90.6495, 539.518640257
90.7157, 539.518642740
90.7757, 539.518639712
90.8372, 539.518637662
90.9002, 539.518633981
90.9648, 539.518634727
91.0248, 539.518634580
91.0863, 539.518635466
91.1463, 539.518631924
91.2078, 539.518630319
91.2709, 539.518625285
91.3355, 539.518624958
91.4017, 539.518624015
91.4696, 539.518627022
91.5296, 539.518623202
91.5911, 539.518621792
91.6542, 539.518622070
91.7142, 539.518617422
91.7757, 539.518617503
91.8357, 539.518617748
91.8957, 539.518621365
91.9557, 539.518618677
92.0172, 539.518614597
92.0802, 539.518613513
92.1448, 539.518609478
92.211, 539.518608564
92.2789, 539.518610070
92.3389, 539.518608262
92.4004, 539.518607733
92.4635, 539.518607636
92.5281, 539.518604312
92.5943, 539.518603120
92.6622, 539.518602293
92.7318, 539.518602250
92.8031, 539.518601880
92.8762, 539.518596209
92.9511, 539.518597864
93.0111, 539.518594205
93.0726, 539.518595131
93.1326, 539.518595659
93.1926, 539.518592897
93.2541, 539.518590737
93.3172, 539.518589605
93.3818, 539.518587526
93.448, 539.518584855
93.5159, 539.518591169
93.5759, 539.518584411
93.6374, 539.518585188
93.6974, 539.518578495
93.7589, 539.518578121
93.8219, 539.518577115
93.8865, 539.518578713
93.9465, 539.518575617
94.008, 539.518574726
94.0711, 539.518571539
94.1357, 539.518573431
94.1957, 539.518573527
94.2557, 539.518572463
94.3172, 539.518571931
94.3802, 539.518567474
94.4448, 539.518569345
94.5048, 539.518565136
94.5663, 539.518565843
94.6263, 539.518564325
94.6878, 539.518560264
94.7509, 539.518562048
94.8109, 539.518560363
94.8724, 539.518560611
94.9324, 539.518557156
94.9939, 539.518555169
95.0569, 539.518551384
95.1215, 539.518556776
95.1815, 539.518551843
95.243, 539.518553482
95.303, 539.518550321
95.3645, 539.518552534
95.4245, 539.518548204
95.486, 539.518546304
95.5491, 539.518543085
95.6137, 539.518544145
95.6737, 539.518542864
95.7352, 539.518537529
95.7982, 539.518538575
95.8582, 539.518540014
95.9182, 539.518543276
95.9782, 539.518540637
96.0397, 539.518534395
96.1027, 539.518535816
96.1627, 539.518535954
96.2227, 539.518532022
96.2842, 539.518534747
96.3442, 539.518532212
96.4057, 539.518530417
96.4688, 539.518528886
96.5334, 539.518527377
96.5996, 539.518527011
96.6675, 539.518525733
96.7371, 539.518521758
96.8084, 539.518520273
96.8815, 539.518521271
96.9415, 539.518521802
97.0015, 539.518515909
97.063, 539.518517559
97.123, 539.518513384
97.1845, 539.518516899
97.2445, 539.518514367
97.306, 539.518510957
97.3691, 539.518506764
97.4337, 539.518509649
97.4937, 539.518508289
97.5552, 539.518510103
97.6152, 539.518508254
97.6767, 539.518506093
97.7397, 539.518501460
97.8043, 539.518503631
97.8643, 539.518499261
97.9258, 539.518499135
97.9889, 539.518496325
98.0535, 539.518498273
98.1135, 539.518495740
98.175, 539.518495774
98.235, 539.518494624
98.2965, 539.518494064
98.3595, 539.518491196
98.4241, 539.518488162
98.4904, 539.518490015
98.5504, 539.518487952
98.6119, 539.518486263
98.6749, 539.518488700
98.7349, 539.518486771
98.7964, 539.518484693
98.8594, 539.518481272
98.924, 539.518478603
98.9903, 539.518477371
99.0582, 539.518478608
99.1182, 539.518476788
99.1797, 539.518475964
99.2427, 539.518473523
99.3073, 539.518474017
99.3673, 539.518476410
99.4273, 539.518474970
99.4888, 539.518468260
99.5518, 539.518468165
99.6165, 539.518467919
99.6827, 539.518467897
99.7506, 539.518465190
99.8202, 539.518463961
99.8915, 539.518462219
99.9646, 539.518459593
100.04, 539.518456778
100.116, 539.518457626
100.176, 539.518454487
100.238, 539.518453544
100.301, 539.518450085
100.365, 539.518455038
100.425, 539.518453667
100.487, 539.518448229
100.55, 539.518446614
100.615, 539.518449224
100.675, 539.518448065
100.736, 539.518445715
100.799, 539.518443040
100.864, 539.518446019
100.924, 539.518439618
100.985, 539.518439487
101.048, 539.518440220
101.108, 539.518440647
101.168, 539.518440160
101.23, 539.518434709
101.293, 539.518435322
101.353, 539.518431379
101.414, 539.518430896
101.477, 539.518433175
101.537, 539.518429522
101.599, 539.518429115
101.662, 539.518427446
101.727, 539.518428980
101.787, 539.518426431
101.848, 539.518427083
101.908, 539.518427425
101.968, 539.518419463
102.03, 539.518419894
102.09, 539.518419144
102.151, 539.518418579
102.214, 539.518418112
102.279, 539.518415160
102.345, 539.518416591
102.405, 539.518413537
102.466, 539.518412459
102.529, 539.518409541
102.594, 539.518409726
102.654, 539.518411025
102.714, 539.518405924
102.776, 539.518407121
102.836, 539.518405713
102.897, 539.518403861
102.96, 539.518402957
103.025, 539.518403188
103.085, 539.518400184
103.146, 539.518397498
103.209, 539.518398654
103.269, 539.518395628
103.331, 539.518397279
103.391, 539.518392982
103.452, 539.518393198
103.512, 539.518392877
103.574, 539.518390464
103.637, 539.518387009
103.701, 539.518389827
103.761, 539.518390712
103.821, 539.518388008
103.883, 539.518384109
103.946, 539.518380609
104.011, 539.518381755
104.071, 539.518382451
104.131, 539.518378378
104.192, 539.518379894
104.252, 539.518379465
104.314, 539.518376462
104.377, 539.518374092
104.441, 539.518369720
104.507, 539.518371818
104.567, 539.518373091
104.627, 539.518371000
104.689, 539.518370055
104.752, 539.518366849
104.817, 539.518366937
104.877, 539.518366394
104.938, 539.518361722
105.001, 539.518366429
105.061, 539.518363220
105.123, 539.518358855
105.186, 539.518358720
105.25, 539.518359525
105.31, 539.518359574
105.37, 539.518354230
105.432, 539.518354646
105.492, 539.518353726
105.553, 539.518351792
105.616, 539.518352572
105.676, 539.518353687
105.736, 539.518348894
105.798, 539.518346803
105.861, 539.518346259
105.925, 539.518344627
105.992, 539.518345579
106.052, 539.518342200
106.113, 539.518339806
106.176, 539.518338914
106.241, 539.518339268
106.301, 539.518336585
106.362, 539.518337147
106.422, 539.518332864
106.484, 539.518334398
106.544, 539.518333662
106.605, 539.518332721
106.668, 539.518326879
106.733, 539.518330047
106.793, 539.518325303
106.854, 539.518329943
106.914, 539.518327019
106.976, 539.518326951
107.039, 539.518322606
107.104, 539.518322611
107.164, 539.518322866
107.224, 539.518319932
107.285, 539.518317293
107.348, 539.518316499
107.413, 539.518316627
107.473, 539.518314565
107.534, 539.518314137
107.597, 539.518314830
107.657, 539.518311236
107.719, 539.518311577
107.779, 539.518309077
107.84, 539.518308108
107.903, 539.518306401
107.968, 539.518306099
108.034, 539.518304599
108.102, 539.518302984
108.172, 539.518300880
108.243, 539.518297784
108.316, 539.518298536
108.376, 539.518295566
108.438, 539.518297430
108.498, 539.518293639
108.559, 539.518295120
108.619, 539.518291717
108.681, 539.518289562
108.744, 539.518288999
108.808, 539.518290721
108.868, 539.518289108
108.93, 539.518288296
108.993, 539.518282697
109.057, 539.518282942
109.117, 539.518282970
109.177, 539.518284656
109.237, 539.518279456
109.299, 539.518278557
109.362, 539.518278259
109.427, 539.518275377
109.493, 539.518275854
109.553, 539.518275721
109.614, 539.518274088
109.677, 539.518274979
109.737, 539.518272790
109.799, 539.518270839
109.862, 539.518268158
109.926, 539.518266944
109.993, 539.518264191
110.061, 539.518264644
110.121, 539.518263199
110.182, 539.518261492
110.245, 539.518259499
110.31, 539.518258149
110.376, 539.518256512
110.444, 539.518258238
110.504, 539.518256026
110.565, 539.518254799
110.628, 539.518255267
110.688, 539.518254243
110.75, 539.518251283
110.813, 539.518250598
110.878, 539.518248026
110.944, 539.518247198
111.012, 539.518245823
111.081, 539.518248755
111.141, 539.518247727
111.203, 539.518246775
111.266, 539.518242346
111.33, 539.518240394
111.397, 539.518240583
111.457, 539.518240110
111.518, 539.518237417
111.581, 539.518232537
111.646, 539.518237413
111.706, 539.518233806
111.767, 539.518231364
111.83, 539.518231106
111.895, 539.518226721
111.961, 539.518227819
112.021, 539.518229244
112.081, 539.518226987
112.143, 539.518225694
112.206, 539.518225942
112.266, 539.518223464
112.327, 539.518220888
112.39, 539.518221985
112.45, 539.518217483
112.512, 539.518219240
112.572, 539.518215449
112.633, 539.518214368
112.696, 539.518211460
112.761, 539.518213053
112.821, 539.518214109
112.881, 539.518208636
112.942, 539.518210972
113.002, 539.518209092
113.064, 539.518208569
113.127, 539.518204784
113.192, 539.518206735
113.252, 539.518203400
113.313, 539.518203785
113.373, 539.518200988
113.435, 539.518199911
113.498, 539.518198708
113.562, 539.518198887
113.622, 539.518198145
113.684, 539.518197428
113.747, 539.518196515
113.811, 539.518197261
113.871, 539.518193113
113.933, 539.518193909
113.993, 539.518192564
114.054, 539.518189494
114.117, 539.518187718
114.182, 539.518187671
114.248, 539.518185558
114.316, 539.518182792
114.386, 539.518181982
114.457, 539.518182931
114.517, 539.518180349
114.578, 539.518176851
114.642, 539.518177180
114.702, 539.518176655
114.763, 539.518176936
114.823, 539.518174645
114.885, 539.518171992
114.948, 539.518168514
115.012, 539.518169335
115.072, 539.518172909
115.132, 539.518169155
115.194, 539.518165844
115.257, 539.518166405
115.317, 539.518163642
115.378, 539.518161415
115.441, 539.518156031
115.506, 539.518163075
115.566, 539.518163330
115.626, 539.518156635
115.687, 539.518156572
115.75, 539.518154606
115.815, 539.518154067
115.881, 539.518151108
115.949, 539.518149691
116.019, 539.518149618
116.09, 539.518148130
116.163, 539.518147304
116.238, 539.518146190
116.315, 539.518144981
116.394, 539.518143223
116.474, 539.518143548
116.534, 539.518142350
116.596, 539.518140727
116.659, 539.518137957
116.723, 539.518137202
116.79, 539.518136573
116.858, 539.518136240
116.927, 539.518132958
116.998, 539.518128282
117.072, 539.518129032
117.132, 539.518128748
117.193, 539.518129436
117.253, 539.518126954
117.315, 539.518124910
117.378, 539.518124011
117.442, 539.518123773
117.508, 539.518122258
117.576, 539.518120623
117.646, 539.518119498
117.717, 539.518116999
117.79, 539.518115440
117.865, 539.518116183
117.925, 539.518116727
117.985, 539.518112757
118.047, 539.518110299
118.11, 539.518111992
118.17, 539.518110900
118.231, 539.518106199
118.294, 539.518107068
118.354, 539.518106259
118.416, 539.518106347
118.476, 539.518106588
118.536, 539.518101831
118.597, 539.518099850
118.66, 539.518098939
118.725, 539.518098467
118.791, 539.518098718
118.851, 539.518094890
118.913, 539.518094626
118.976, 539.518091294
119.04, 539.518093676
119.1, 539.518090764
119.162, 539.518088851
119.225, 539.518086804
119.29, 539.518086229
119.356, 539.518088635
119.416, 539.518087371
119.477, 539.518082758
119.54, 539.518079681
119.605, 539.518081096
119.665, 539.518080218
119.726, 539.518075870
119.789, 539.518076960
119.849, 539.518076957
119.911, 539.518075605
119.974, 539.518073829
120.039, 539.518074028
120.099, 539.518073853
120.16, 539.518072432
120.223, 539.518067214
120.288, 539.518068656
120.348, 539.518067140
120.409, 539.518063439
120.472, 539.518064051
120.532, 539.518066904
120.592, 539.518063412
120.654, 539.518062088
120.717, 539.518060550
120.781, 539.518060440
120.848, 539.518054787
120.916, 539.518057156
120.976, 539.518058633
121.036, 539.518053492
121.097, 539.518053087
121.16, 539.518053450
121.22, 539.518049599
121.282, 539.518048642
121.345, 539.518048386
121.409, 539.518052650
121.469, 539.518050777
121.531, 539.518043433
121.594, 539.518041286
121.658, 539.518043712
121.718, 539.518040201
121.78, 539.518037135
121.843, 539.518038779
121.903, 539.518038621
121.964, 539.518038706
122.024, 539.518037913
122.086, 539.518032998
122.149, 539.518034234
122.209, 539.518032330
122.27, 539.518030525
122.333, 539.518029359
122.398, 539.518031923
122.458, 539.518027746
122.52, 539.518027515
122.583, 539.518023668
122.647, 539.518023641
122.713, 539.518020517
122.781, 539.518021488
122.841, 539.518020671
122.903, 539.518019093
122.966, 539.518015662
123.031, 539.518016493
123.091, 539.518014782
123.152, 539.518013157
123.215, 539.518012898
123.28, 539.518008920
123.346, 539.518007609
123.414, 539.518009718
123.474, 539.518008176
123.535, 539.518007692
123.598, 539.518001671
123.663, 539.518005833
123.723, 539.518002180
123.784, 539.518001262
123.847, 539.517998926
123.912, 539.517997633
123.978, 539.517996303
124.046, 539.517997555
124.106, 539.517995475
124.168, 539.517992694
124.231, 539.517991502
124.295, 539.517992527
124.355, 539.517991158
124.417, 539.517987654
124.48, 539.517988634
124.54, 539.517988066
124.601, 539.517985598
124.664, 539.517985453
124.729, 539.517983783
124.795, 539.517981760
124.863, 539.517983852
124.923, 539.517982183
124.985, 539.517982008
125.048, 539.517978156
125.112, 539.517976248
125.179, 539.517975593
125.246, 539.517976105
125.306, 539.517971366
125.368, 539.517970884
125.431, 539.517972083
125.491, 539.517968955
125.552, 539.517965021
125.615, 539.517968402
125.675, 539.517964008
125.737, 539.517963558
125.8, 539.517961033
125.865, 539.517960736
125.931, 539.517961816
125.991, 539.517963080
126.051, 539.517958906
126.112, 539.517955952
126.175, 539.517953838
126.24, 539.517954947
126.3, 539.517953364
126.362, 539.517950769
126.425, 539.517953874
126.485, 539.517948367
126.546, 539.517948189
126.609, 539.517946665
126.674, 539.517946644
126.74, 539.517946646
126.8, 539.517944531
126.861, 539.517945425
126.921, 539.517943721
126.983, 539.517940736
127.046, 539.517939953
127.111, 539.517937283
127.177, 539.517934146
127.245, 539.517932624
127.314, 539.517932138
127.386, 539.517935054
127.446, 539.517933133
127.507, 539.517929357
127.57, 539.517929074
127.635, 539.517928182
127.701, 539.517928570
127.761, 539.517924260
127.822, 539.517923624
127.886, 539.517922418
127.95, 539.517924595
128.01, 539.517921086
128.072, 539.517919449
128.135, 539.517917721
128.199, 539.517915459
128.266, 539.517915979
128.326, 539.517913971
128.387, 539.517912582
128.45, 539.517913789
128.51, 539.517913071
128.572, 539.517909536
128.635, 539.517907895
128.699, 539.517909215
128.759, 539.517906540
128.821, 539.517903775
128.884, 539.517901764
128.948, 539.517902592
129.008, 539.517903250
129.068, 539.517899075
129.13, 539.517898790
129.193, 539.517898552
129.258, 539.517899184
129.318, 539.517896869
129.379, 539.517894292
129.442, 539.517894531
129.502, 539.517893501
129.564, 539.517889159
129.627, 539.517890787
129.687, 539.517888058
129.748, 539.517885195
129.811, 539.517886257
129.871, 539.517889935
129.931, 539.517889444
129.993, 539.517880261
130.056, 539.517883152
130.116, 539.517885066
130.176, 539.517882179
130.237, 539.517879683
130.3, 539.517874352
130.365, 539.517873791
130.431, 539.517874225
130.491, 539.517874689
130.551, 539.517871855
130.613, 539.517867446
130.676, 539.517870365
130.736, 539.517865770
130.797, 539.517868402
130.857, 539.517866494
130.919, 539.517862176
130.982, 539.517863339
131.042, 539.517861934
131.103, 539.517860033
131.166, 539.517858607
131.231, 539.517856759
131.297, 539.517859514
131.357, 539.517858129
131.418, 539.517857894
131.482, 539.517853326
131.546, 539.517853349
131.606, 539.517855361
131.666, 539.517853632
131.728, 539.517850882
131.791, 539.517847410
131.855, 539.517848850
131.915, 539.517843400
131.977, 539.517847032
132.037, 539.517843864
132.098, 539.517843940
132.158, 539.517839422
132.22, 539.517836529
132.283, 539.517838012
132.343, 539.517838205
132.403, 539.517839393
132.463, 539.517834645
132.524, 539.517834611
132.587, 539.517830955
132.652, 539.517832263
132.712, 539.517830588
132.773, 539.517828015
132.837, 539.517830287
132.897, 539.517827126
132.958, 539.517828658
133.018, 539.517825912
133.08, 539.517822047
133.143, 539.517818461
133.207, 539.517821709
133.267, 539.517821936
133.327, 539.517818630
133.389, 539.517814829
133.452, 539.517816139
133.512, 539.517813793
133.573, 539.517812162
133.636, 539.517811562
133.701, 539.517813342
133.761, 539.517810952
133.822, 539.517811816
133.882, 539.517809001
133.944, 539.517805075
134.007, 539.517806181
134.067, 539.517800589
134.128, 539.517802084
134.188, 539.517802888
134.248, 539.517802118
134.31, 539.517801828
134.373, 539.517801843
134.433, 539.517800498
134.494, 539.517796592
134.557, 539.517795274
134.622, 539.517797441
134.682, 539.517796009
134.744, 539.517792701
134.807, 539.517788000
134.871, 539.517796094
134.931, 539.517788367
134.993, 539.517786992
135.056, 539.517785658
135.12, 539.517784362
135.187, 539.517783379
135.255, 539.517782808
135.324, 539.517783134
135.384, 539.517780693
135.446, 539.517778599
135.509, 539.517779445
135.569, 539.517775041
135.63, 539.517772259
135.693, 539.517773399
135.753, 539.517774732
135.813, 539.517769835
135.875, 539.517769997
135.935, 539.517770309
135.995, 539.517767789
136.056, 539.517767079
136.119, 539.517766441
136.184, 539.517763490
136.25, 539.517762925
136.318, 539.517760307
136.388, 539.517760511
136.448, 539.517757106
136.509, 539.517756899
136.572, 539.517756329
136.637, 539.517755941
136.703, 539.517755294
136.771, 539.517752642
136.84, 539.517752384
136.912, 539.517750641
136.985, 539.517751917
137.045, 539.517745963
137.106, 539.517744197
137.169, 539.517745432
137.229, 539.517744336
137.291, 539.517743461
137.354, 539.517743352
137.418, 539.517742371
137.485, 539.517740057
137.553, 539.517738964
137.622, 539.517735728
137.693, 539.517736725
137.753, 539.517732736
137.815, 539.517730682
137.878, 539.517734521
137.938, 539.517734257
138, 539.517730358
138.063, 539.517727424
138.127, 539.517730327
138.187, 539.517727195
138.249, 539.517728132
138.309, 539.517725869
138.37, 539.517724741
138.433, 539.517722155
138.498, 539.517722112
138.564, 539.517719009
138.632, 539.517718966
138.702, 539.517716732
138.773, 539.517714698
138.846, 539.517713042
138.921, 539.517713916
138.981, 539.517714806
139.041, 539.517708980
139.102, 539.517708417
139.165, 539.517707039
139.23, 539.517707156
139.29, 539.517702387
139.352, 539.517702694
139.412, 539.517703645
139.472, 539.517703640
139.533, 539.517699570
139.596, 539.517703357
139.656, 539.517699945
139.718, 539.517698137
139.781, 539.517696068
139.845, 539.517696193
139.905, 539.517693871
139.967, 539.517691758
140.03, 539.517688400
140.094, 539.517687327
140.161, 539.517689850
140.221, 539.517688412
140.282, 539.517689072
140.342, 539.517686589
140.404, 539.517685210
140.467, 539.517682814
140.531, 539.517680040
140.597, 539.517680079
140.657, 539.517681831
140.717, 539.517679126
140.779, 539.517679571
140.839, 539.517675409
140.9, 539.517672973
140.964, 539.517674896
141.024, 539.517674342
141.085, 539.517668231
141.148, 539.517667565
141.213, 539.517669642
141.273, 539.517669673
141.333, 539.517666582
141.394, 539.517665620
141.457, 539.517664240
141.522, 539.517662142
141.588, 539.517663786
141.648, 539.517661703
141.71, 539.517663439
141.77, 539.517659698
141.831, 539.517654931
141.894, 539.517653685
141.959, 539.517654472
142.019, 539.517652825
142.08, 539.517651382
142.143, 539.517648477
142.208, 539.517650773
142.268, 539.517652148
142.328, 539.517649160
142.389, 539.517644548
142.452, 539.517645739
142.512, 539.517642724
142.574, 539.517641816
142.637, 539.517642156
142.697, 539.517641626
142.758, 539.517638063
142.821, 539.517638409
142.881, 539.517638460
142.941, 539.517634952
143.003, 539.517634631
143.066, 539.517632439
143.131, 539.517631501
143.197, 539.517633225
143.257, 539.517630224
143.318, 539.517629876
143.381, 539.517627952
143.446, 539.517629749
143.506, 539.517625907
143.567, 539.517622434
143.631, 539.517620935
143.695, 539.517621628
143.755, 539.517620886
143.817, 539.517617865
143.88, 539.517617757
143.944, 539.517617606
144.011, 539.517614331
144.078, 539.517613851
144.148, 539.517614459
144.208, 539.517614535
144.268, 539.517608622
144.329, 539.517612910
144.389, 539.517610540
144.451, 539.517608496
144.514, 539.517604757
144.579, 539.517606305
144.639, 539.517606743
144.699, 539.517603970
144.76, 539.517600900
144.823, 539.517600345
144.888, 539.517598030
144.954, 539.517596970
145.022, 539.517597761
145.082, 539.517594287
145.143, 539.517593339
145.206, 539.517592643
145.271, 539.517591957
145.337, 539.517591494
145.405, 539.517593728
145.465, 539.517585522
145.527, 539.517586747
145.587, 539.517587783
145.647, 539.517586440
145.708, 539.517582856
145.771, 539.517580671
145.836, 539.517582224
145.896, 539.517578880
145.957, 539.517578840
146.02, 539.517577433
146.085, 539.517576958
146.151, 539.517576602
146.219, 539.517573459
146.289, 539.517573493
146.349, 539.517570535
146.41, 539.517572342
146.47, 539.517570284
146.532, 539.517569479
146.595, 539.517565042
146.659, 539.517567840
146.719, 539.517561049
146.781, 539.517564829
146.841, 539.517562329
146.902, 539.517556438
146.965, 539.517560772
147.025, 539.517555227
147.087, 539.517559592
147.147, 539.517556711
147.208, 539.517552668
147.271, 539.517550535
147.336, 539.517548886
147.402, 539.517545897
147.47, 539.517548644
147.53, 539.517548470
147.592, 539.517549819
147.652, 539.517548000
147.713, 539.517547402
147.776, 539.517546296
147.841, 539.517543506
147.907, 539.517541522
147.975, 539.517539788
148.044, 539.517538053
148.116, 539.517538552
148.176, 539.517536739
148.237, 539.517535975
148.3, 539.517534596
148.365, 539.517533909
148.431, 539.517533296
148.499, 539.517530220
148.569, 539.517531867
148.629, 539.517526184
148.69, 539.517524763
148.753, 539.517524185
148.818, 539.517523962
148.884, 539.517524344
148.944, 539.517522611
149.006, 539.517519642
149.069, 539.517521204
149.129, 539.517522978
149.189, 539.517517769
149.25, 539.517515229
149.313, 539.517519180
149.373, 539.517513900
149.435, 539.517514730
149.495, 539.517512812
149.556, 539.517508788
149.619, 539.517507362
149.684, 539.517508117
149.744, 539.517503536
149.805, 539.517504142
149.865, 539.517503407
149.927, 539.517502797
149.99, 539.517502540
150.054, 539.517498881
150.121, 539.517501216
150.181, 539.517496193
150.242, 539.517498866
150.302, 539.517495920
150.364, 539.517498260
150.424, 539.517492806
150.485, 539.517494050
150.545, 539.517490812
150.607, 539.517492383
150.667, 539.517489208
150.728, 539.517490532
150.788, 539.517487637
150.85, 539.517484886
150.913, 539.517484358
150.977, 539.517486944
151.037, 539.517482489
151.099, 539.517481109
151.162, 539.517481526
151.222, 539.517479332
151.283, 539.517476943
151.346, 539.517476724
151.411, 539.517473262
151.477, 539.517474272
151.537, 539.517471709
151.599, 539.517472414
151.659, 539.517470423
151.72, 539.517471144
151.78, 539.517469208
151.842, 539.517463019
151.905, 539.517467895
151.965, 539.517463423
152.026, 539.517462380
152.089, 539.517465077
152.149, 539.517460038
152.211, 539.517460337
152.271, 539.517457899
152.332, 539.517459068
152.392, 539.517453308
152.454, 539.517455870
152.514, 539.517454418
152.575, 539.517455139
152.635, 539.517452607
152.697, 539.517451741
152.76, 539.517448943
152.824, 539.517449484
152.884, 539.517447396
152.946, 539.517445349
153.009, 539.517445620
153.069, 539.517445604
153.13, 539.517442165
153.193, 539.517441466
153.258, 539.517439961
153.324, 539.517439957
153.392, 539.517439812
153.462, 539.517434504
153.533, 539.517436278
153.593, 539.517435185
153.655, 539.517433326
153.718, 539.517430620
153.782, 539.517428693
153.848, 539.517428628
153.916, 539.517428182
153.986, 539.517426884
154.057, 539.517425342
154.13, 539.517423534
154.205, 539.517425143
154.265, 539.517421666
154.327, 539.517422713
154.387, 539.517421071
154.448, 539.517418080
154.511, 539.517415940
154.576, 539.517415858
154.642, 539.517414089
154.71, 539.517414626
154.77, 539.517414876
154.83, 539.517410726
154.892, 539.517410357
154.955, 539.517410986
155.015, 539.517409843
155.076, 539.517408039
155.139, 539.517406000
155.204, 539.517404608
155.27, 539.517401678
155.338, 539.517403221
155.398, 539.517399936
155.459, 539.517400644
155.519, 539.517395993
155.581, 539.517395177
155.644, 539.517396012
155.704, 539.517391719
155.765, 539.517392951
155.825, 539.517392520
155.887, 539.517389484
155.95, 539.517391015
156.01, 539.517385493
156.071, 539.517387510
156.131, 539.517383447
156.193, 539.517386263
156.253, 539.517383537
156.314, 539.517385634
156.374, 539.517382472
156.436, 539.517377573
156.499, 539.517380670
156.559, 539.517378659
156.62, 539.517376880
156.684, 539.517374331
156.748, 539.517375206
156.808, 539.517373078
156.87, 539.517371605
156.933, 539.517369577
156.997, 539.517368828
157.064, 539.517366719
157.131, 539.517368675
157.191, 539.517365264
157.253, 539.517367924
157.313, 539.517360832
157.374, 539.517360170
157.437, 539.517364468
157.497, 539.517360265
157.559, 539.517357301
157.622, 539.517354875
157.687, 539.517355440
157.747, 539.517354562
157.808, 539.517354263
157.871, 539.517350619
157.936, 539.517353002
157.996, 539.517352004
158.057, 539.517350957
158.12, 539.517347934
158.185, 539.517346341
158.251, 539.517347496
158.311, 539.517345060
158.373, 539.517344142
158.436, 539.517344927
158.496, 539.517340028
158.557, 539.517340097
158.617, 539.517340808
158.677, 539.517339208
158.739, 539.517337522
158.802, 539.517335182
158.866, 539.517335637
158.926, 539.517333257
158.988, 539.517333727
159.048, 539.517327509
159.109, 539.517330410
159.169, 539.517329877
159.231, 539.517329501
159.294, 539.517325544
159.358, 539.517326701
159.418, 539.517326387
159.48, 539.517322659
159.543, 539.517318723
159.608, 539.517319018
159.668, 539.517316890
159.729, 539.517320277
159.789, 539.517316413
159.851, 539.517314631
159.914, 539.517315349
159.974, 539.517315034
160.035, 539.517314382
160.098, 539.517308208
160.163, 539.517309970
160.223, 539.517309473
160.284, 539.517309057
160.347, 539.517307495
160.412, 539.517309767
160.472, 539.517304056
160.533, 539.517304531
160.593, 539.517303757
160.655, 539.517301896
160.718, 539.517296906
160.783, 539.517297195
160.843, 539.517295926
160.904, 539.517295459
160.967, 539.517295530
161.027, 539.517292072
161.089, 539.517289596
161.152, 539.517292577
161.212, 539.517291403
161.273, 539.517291633
161.333, 539.517290474
161.395, 539.517290110
161.458, 539.517285142
161.522, 539.517286447
161.582, 539.517286421
161.644, 539.517281366
161.707, 539.517281643
161.767, 539.517278690
161.828, 539.517281660
161.888, 539.517276441
161.95, 539.517277512
162.01, 539.517277392
162.071, 539.517275067
162.134, 539.517272640
162.199, 539.517271706
162.265, 539.517273092
162.325, 539.517269709
162.387, 539.517266420
162.45, 539.517266102
162.514, 539.517265120
162.581, 539.517265504
162.641, 539.517263412
162.702, 539.517261110
162.765, 539.517264573
162.825, 539.517258136
162.887, 539.517256105
162.95, 539.517254678
163.014, 539.517256992
163.074, 539.517254672
163.136, 539.517251976
163.199, 539.517251567
163.263, 539.517253349
163.323, 539.517251603
163.385, 539.517247916
163.448, 539.517247548
163.513, 539.517245332
163.579, 539.517246617
163.639, 539.517246284
163.7, 539.517243720
163.763, 539.517243506
163.828, 539.517242686
163.894, 539.517240599
163.962, 539.517240210
164.032, 539.517240150
164.103, 539.517235742
164.176, 539.517232495
164.251, 539.517233107
164.311, 539.517231140
164.373, 539.517229811
164.436, 539.517228570
164.5, 539.517229760
164.56, 539.517226802
164.622, 539.517227714
164.682, 539.517224438
164.743, 539.517222866
164.806, 539.517219756
164.871, 539.517223330
164.931, 539.517221079
164.992, 539.517220742
165.055, 539.517219574
165.12, 539.517216531
165.186, 539.517215354
165.254, 539.517215330
165.324, 539.517215716
165.384, 539.517211894
165.445, 539.517213945
165.505, 539.517212009
165.567, 539.517210962
165.63, 539.517206091
165.694, 539.517205358
165.761, 539.517201828
165.828, 539.517202996
165.888, 539.517201739
165.95, 539.517201781
166.01, 539.517200541
166.071, 539.517200724
166.131, 539.517198015
166.193, 539.517196775
166.256, 539.517196506
166.321, 539.517194848
166.387, 539.517195304
166.447, 539.517188794
166.508, 539.517189893
166.568, 539.517191891
166.628, 539.517188495
166.69, 539.517186511
166.753, 539.517188148
166.813, 539.517186005
166.874, 539.517185236
166.937, 539.517183991
167.002, 539.517179365
167.068, 539.517181478
167.128, 539.517179372
167.19, 539.517175549
167.253, 539.517176000
167.313, 539.517176621
167.373, 539.517173383
167.434, 539.517174059
167.494, 539.517170998
167.556, 539.517167795
167.619, 539.517170368
167.679, 539.517171166
167.739, 539.517164965
167.8, 539.517166158
167.86, 539.517165994
167.922, 539.517163620
167.985, 539.517165147
168.045, 539.517165928
168.105, 539.517159179
168.166, 539.517162151
168.226, 539.517161953
168.288, 539.517156896
168.351, 539.517157330
168.411, 539.517155516
168.472, 539.517154738
168.535, 539.517152646
168.6, 539.517149716
168.666, 539.517152215
168.726, 539.517149734
168.788, 539.517145427
168.851, 539.517146370
168.911, 539.517145362
168.972, 539.517143546
169.035, 539.517144972
169.095, 539.517141344
169.157, 539.517143230
169.217, 539.517138883
169.278, 539.517138699
169.341, 539.517134079
169.406, 539.517136671
169.466, 539.517136449
169.528, 539.517134813
169.591, 539.517132299
169.655, 539.517129575
169.721, 539.517132418
169.781, 539.517130177
169.843, 539.517129953
169.906, 539.517127909
169.971, 539.517126040
170.037, 539.517124312
170.105, 539.517124614
170.165, 539.517122703
170.226, 539.517119239
170.289, 539.517119184
170.354, 539.517118318
170.42, 539.517117929
170.488, 539.517115515
170.558, 539.517113911
170.629, 539.517113113
170.702, 539.517111679
170.777, 539.517110082
170.854, 539.517107648
170.932, 539.517105287
171.013, 539.517107281
171.073, 539.517104499
171.135, 539.517104377
171.198, 539.517105959
171.258, 539.517100436
171.319, 539.517100249
171.382, 539.517102137
171.442, 539.517094956
171.504, 539.517094855
171.567, 539.517099278
171.627, 539.517095142
171.688, 539.517093931
171.751, 539.517092083
171.816, 539.517090965
171.882, 539.517089739
171.95, 539.517087994
172.02, 539.517088518
172.08, 539.517083906
172.141, 539.517089999
172.201, 539.517084960
172.263, 539.517085159
172.323, 539.517082646
172.384, 539.517082115
172.447, 539.517082235
172.507, 539.517075516
172.569, 539.517077986
172.629, 539.517074958
172.69, 539.517077086
172.75, 539.517073144
172.812, 539.517072765
172.875, 539.517072147
172.939, 539.517069797
173.005, 539.517069321
173.073, 539.517068991
173.143, 539.517068649
173.214, 539.517064548
173.287, 539.517060981
173.362, 539.517063478
173.422, 539.517060792
173.484, 539.517058386
173.547, 539.517057695
173.611, 539.517054642
173.678, 539.517057504
173.738, 539.517053544
173.799, 539.517053555
173.859, 539.517054201
173.919, 539.517054859
173.979, 539.517050917
174.041, 539.517048467
174.104, 539.517049451
174.164, 539.517048389
174.225, 539.517044891
174.288, 539.517044356
174.353, 539.517042828
174.419, 539.517041823
174.487, 539.517039599
174.557, 539.517037756
174.628, 539.517039347
174.688, 539.517038690
174.749, 539.517038131
174.812, 539.517032729
174.877, 539.517034378
174.937, 539.517033054
174.999, 539.517031550
175.062, 539.517030711
175.126, 539.517029913
175.192, 539.517027520
175.26, 539.517027570
175.32, 539.517026109
175.382, 539.517025989
175.445, 539.517021577
175.509, 539.517020938
175.576, 539.517018876
175.644, 539.517020785
175.704, 539.517022155
175.764, 539.517017500
175.825, 539.517015111
175.888, 539.517015993
175.948, 539.517013610
176.01, 539.517015565
176.07, 539.517011205
176.131, 539.517008411
176.194, 539.517008990
176.254, 539.517006398
176.316, 539.517008745
176.376, 539.517007766
176.437, 539.517004400
176.5, 539.517001357
176.565, 539.517005692
176.625, 539.517003246
176.686, 539.516998483
176.749, 539.516996756
176.814, 539.516996286
176.88, 539.517000532
176.94, 539.516996266
177.002, 539.516992173
177.065, 539.516990721
177.129, 539.516989030
177.196, 539.516992564
177.256, 539.516989546
177.317, 539.516988180
177.38, 539.516987996
177.445, 539.516985883
177.511, 539.516983298
177.579, 539.516980597
177.648, 539.516984354
177.708, 539.516979360
177.77, 539.516980270
177.83, 539.516979619
177.891, 539.516976723
177.954, 539.516973879
178.019, 539.516976518
178.079, 539.516970196
178.141, 539.516973017
178.201, 539.516972792
178.262, 539.516970359
178.325, 539.516967809
178.39, 539.516966315
178.456, 539.516964892
178.524, 539.516963761
178.593, 539.516963162
178.665, 539.516959646
178.738, 539.516963274
178.798, 539.516960081
178.859, 539.516959500
178.922, 539.516958347
178.987, 539.516956850
179.053, 539.516955518
179.121, 539.516955500
179.191, 539.516952926
179.262, 539.516951120
179.335, 539.516946665
179.41, 539.516949383
179.47, 539.516949125
179.531, 539.516948297
179.595, 539.516945974
179.659, 539.516946190
179.719, 539.516942771
179.781, 539.516943529
179.841, 539.516940364
179.902, 539.516942341
179.962, 539.516938117
180.024, 539.516936753
180.087, 539.516934890
180.151, 539.516933182
180.218, 539.516932666
180.285, 539.516932537
180.355, 539.516931631
180.426, 539.516931184
180.499, 539.516923718
180.574, 539.516927184
180.634, 539.516925118
180.696, 539.516925287
180.756, 539.516923553
180.817, 539.516922495
180.88, 539.516920896
180.945, 539.516919536
181.011, 539.516918074
181.079, 539.516915862
181.149, 539.516916308
181.209, 539.516914307
181.27, 539.516914241
181.333, 539.516911101
181.398, 539.516910407
181.464, 539.516909719
181.532, 539.516907653
181.602, 539.516906930
181.673, 539.516906910
181.746, 539.516906163
181.821, 539.516905368
181.898, 539.516906153
181.958, 539.516901244
182.019, 539.516900657
182.082, 539.516901091
182.142, 539.516895953
182.204, 539.516896857
182.264, 539.516895954
182.325, 539.516896154
182.385, 539.516890980
182.447, 539.516890117
182.51, 539.516890544
182.57, 539.516888533
182.631, 539.516886705
182.694, 539.516886163
182.759, 539.516886620
182.819, 539.516884229
182.88, 539.516886500
182.94, 539.516881050
183.002, 539.516884097
183.062, 539.516879537
183.123, 539.516877415
183.186, 539.516877797
183.246, 539.516873112
183.308, 539.516876092
183.368, 539.516875866
183.429, 539.516873385
183.493, 539.516872092
183.557, 539.516870278
183.623, 539.516873158
183.683, 539.516867920
183.745, 539.516869251
183.805, 539.516863251
183.866, 539.516865869
183.926, 539.516866155
183.986, 539.516863697
184.048, 539.516859587
184.111, 539.516863068
184.171, 539.516857672
184.232, 539.516860125
184.292, 539.516851381
184.354, 539.516857389
184.414, 539.516852826
184.475, 539.516852600
184.538, 539.516854772
184.598, 539.516849904
184.66, 539.516852127
184.72, 539.516848693
184.781, 539.516848555
184.844, 539.516849242
184.904, 539.516841598
184.966, 539.516846454
185.026, 539.516844612
185.087, 539.516843468
185.151, 539.516842492
185.215, 539.516840958
185.281, 539.516837216
185.349, 539.516840056
185.409, 539.516836710
185.471, 539.516835502
185.534, 539.516830127
185.598, 539.516832446
185.658, 539.516831235
185.72, 539.516833942
185.78, 539.516825912
185.841, 539.516828195
185.901, 539.516824702
185.963, 539.516827554
186.023, 539.516825267
186.084, 539.516823285
186.147, 539.516822976
186.212, 539.516819875
186.278, 539.516818467
186.346, 539.516821637
186.406, 539.516820458
186.468, 539.516816403
186.531, 539.516816008
186.595, 539.516815405
186.662, 539.516814197
186.729, 539.516811247
186.799, 539.516808278
186.87, 539.516810979
186.93, 539.516806927
186.992, 539.516807660
187.052, 539.516805542
187.113, 539.516805079
187.176, 539.516801541
187.241, 539.516803645
187.301, 539.516800303
187.362, 539.516799048
187.425, 539.516800674
187.485, 539.516800121
187.547, 539.516795709
187.61, 539.516795072
187.675, 539.516793756
187.741, 539.516792245
187.809, 539.516791389
187.878, 539.516790009
187.95, 539.516789615
188.023, 539.516790191
188.083, 539.516787691
188.144, 539.516785490
188.207, 539.516782934
188.272, 539.516781843
188.338, 539.516779271
188.406, 539.516780054
188.466, 539.516777699
188.528, 539.516776494
188.591, 539.516775886
188.655, 539.516776780
188.715, 539.516773988
188.777, 539.516773737
188.84, 539.516771022
188.904, 539.516768820
188.971, 539.516766433
189.038, 539.516771151
189.098, 539.516770850
189.16, 539.516767802
189.223, 539.516762531
189.288, 539.516763176
189.348, 539.516762434
189.409, 539.516762431
189.472, 539.516763822
189.532, 539.516760793
189.594, 539.516756003
189.657, 539.516759498
189.717, 539.516757240
189.778, 539.516755362
189.841, 539.516755043
189.906, 539.516752366
189.972, 539.516749226
190.04, 539.516752046
190.1, 539.516749056
190.161, 539.516747186
190.224, 539.516746123
190.289, 539.516743150
190.355, 539.516744192
190.415, 539.516743070
190.477, 539.516746339
190.537, 539.516741168
190.598, 539.516737287
190.661, 539.516739212
190.721, 539.516736530
190.783, 539.516737997
190.843, 539.516733592
190.904, 539.516733936
190.964, 539.516733384
191.026, 539.516732536
191.089, 539.516729217
191.154, 539.516730517
191.214, 539.516725747
191.275, 539.516727989
191.335, 539.516725691
191.397, 539.516726582
191.457, 539.516722188
191.518, 539.516720583
191.581, 539.516723033
191.641, 539.516720181
191.703, 539.516715187
191.766, 539.516718571
191.826, 539.516716340
191.887, 539.516713157
191.95, 539.516714594
192.01, 539.516714952
192.07, 539.516713196
192.132, 539.516711564
192.195, 539.516710100
192.259, 539.516705775
192.325, 539.516705085
192.393, 539.516710081
192.453, 539.516702177
192.515, 539.516706003
192.575, 539.516701212
192.636, 539.516700440
192.699, 539.516700818
192.759, 539.516701120
192.819, 539.516698767
192.881, 539.516696040
192.944, 539.516695733
193.009, 539.516695597
193.075, 539.516694048
193.143, 539.516692157
193.212, 539.516692050
193.284, 539.516687548
193.357, 539.516687064
193.432, 539.516690261
193.492, 539.516683277
193.553, 539.516687113
193.613, 539.516678591
193.675, 539.516681773
193.735, 539.516677464
193.796, 539.516681429
193.856, 539.516676461
193.918, 539.516677855
193.978, 539.516675846
194.039, 539.516673785
194.102, 539.516674320
194.162, 539.516671320
194.224, 539.516671120
194.287, 539.516668754
194.351, 539.516669163
194.411, 539.516663775
194.473, 539.516667083
194.533, 539.516665415
194.594, 539.516664214
194.657, 539.516663828
194.722, 539.516662627
194.788, 539.516659606
194.856, 539.516659152
194.926, 539.516662028
194.986, 539.516657831
195.047, 539.516657701
195.11, 539.516654781
195.175, 539.516656231
195.235, 539.516652975
195.296, 539.516653080
195.356, 539.516645606
195.418, 539.516650910
195.478, 539.516646437
195.539, 539.516647178
195.599, 539.516646361
195.661, 539.516647402
195.721, 539.516646298
195.782, 539.516644211
195.845, 539.516641831
195.91, 539.516638466
195.976, 539.516640504
196.036, 539.516637158
196.098, 539.516635145
196.161, 539.516634417
196.225, 539.516633007
196.292, 539.516634013
196.352, 539.516629645
196.413, 539.516637266
196.473, 539.516628491
196.535, 539.516630787
196.595, 539.516626967
196.656, 539.516626645
196.719, 539.516624765
196.784, 539.516622214
196.85, 539.516623439
196.91, 539.516623576
196.97, 539.516620777
197.031, 539.516623049
197.091, 539.516618474
197.153, 539.516618702
197.213, 539.516618671
197.274, 539.516615902
197.337, 539.516613837
197.402, 539.516614688
197.462, 539.516613348
197.524, 539.516613070
197.587, 539.516611021
197.651, 539.516606409
197.717, 539.516604600
197.785, 539.516603075
197.855, 539.516602384
197.926, 539.516599915
197.999, 539.516600188
198.059, 539.516600427
198.119, 539.516597626
198.181, 539.516598669
198.241, 539.516596406
198.302, 539.516596789
198.362, 539.516594667
198.424, 539.516596236
198.484, 539.516590774
198.545, 539.516590161
198.608, 539.516590327
198.668, 539.516584803
198.73, 539.516587870
198.79, 539.516585898
198.851, 539.516585885
198.914, 539.516584255
198.979, 539.516582911
199.045, 539.516582426
199.113, 539.516581869
199.183, 539.516578757
199.254, 539.516575896
199.327, 539.516579361
199.387, 539.516574540
199.449, 539.516574076
199.512, 539.516575935
199.572, 539.516572031
199.633, 539.516570217
199.696, 539.516568794
199.761, 539.516566214
199.827, 539.516567021
199.887, 539.516567536
199.947, 539.516565890
200.009, 539.516562686
200.072, 539.516565549
200.132, 539.516562769
200.193, 539.516559768
200.256, 539.516559783
200.316, 539.516559155
200.378, 539.516557008
200.441, 539.516559491
200.501, 539.516556140
200.562, 539.516552575
200.625, 539.516554265
200.685, 539.516553459
200.747, 539.516551479
200.81, 539.516547804
200.874, 539.516548363
200.934, 539.516548865
200.994, 539.516546367
201.056, 539.516547377
201.116, 539.516545272
201.177, 539.516543873
201.24, 539.516543527
201.305, 539.516542068
201.371, 539.516537942
201.439, 539.516538967
201.499, 539.516538726
201.561, 539.516535576
201.624, 539.516533473
201.688, 539.516534343
201.748, 539.516530778
201.81, 539.516532964
201.87, 539.516531497
201.931, 539.516533910
201.991, 539.516528366
202.053, 539.516528615
202.113, 539.516520864
202.174, 539.516526879
202.234, 539.516524470
202.296, 539.516521480
202.359, 539.516524007
202.419, 539.516515926
202.48, 539.516519321
202.54, 539.516518218
202.602, 539.516515028
202.665, 539.516513776
202.729, 539.516516716
202.789, 539.516511520
202.851, 539.516511686
202.911, 539.516509889
202.972, 539.516509330
203.036, 539.516509805
203.096, 539.516506662
203.157, 539.516505855
203.22, 539.516506882
203.28, 539.516503235
203.342, 539.516501307
203.405, 539.516503508
203.465, 539.516502453
203.526, 539.516494324
203.589, 539.516496678
203.649, 539.516496081
203.711, 539.516498094
203.771, 539.516494743
203.832, 539.516492505
203.895, 539.516496466
203.955, 539.516489042
204.017, 539.516489450
204.077, 539.516489481
204.137, 539.516489110
204.198, 539.516488068
204.261, 539.516483741
204.326, 539.516488253
204.386, 539.516482866
204.447, 539.516480428
204.51, 539.516481920
204.57, 539.516479561
204.632, 539.516477725
204.695, 539.516481558
204.755, 539.516476030
204.816, 539.516477011
204.876, 539.516476179
204.938, 539.516473393
205.001, 539.516476516
205.061, 539.516474543
205.122, 539.516470726
205.185, 539.516470887
205.245, 539.516468624
205.307, 539.516463078
205.37, 539.516464570
205.43, 539.516464179
205.492, 539.516464101
205.555, 539.516461089
205.619, 539.516460306
205.685, 539.516459901
205.753, 539.516461025
205.813, 539.516459004
205.875, 539.516457005
205.938, 539.516456074
206.002, 539.516455115
206.069, 539.516452311
206.137, 539.516449320
206.206, 539.516447944
206.277, 539.516444800
206.351, 539.516446222
206.411, 539.516446588
206.471, 539.516445134
206.532, 539.516441030
206.595, 539.516444134
206.655, 539.516440393
206.717, 539.516440228
206.78, 539.516437180
206.844, 539.516442818
206.904, 539.516439869
206.966, 539.516436931
207.029, 539.516433033
207.093, 539.516433807
207.153, 539.516429160
207.215, 539.516428600
207.278, 539.516431273
207.338, 539.516427140
207.399, 539.516425520
207.462, 539.516428045
207.522, 539.516422414
207.584, 539.516424325
207.644, 539.516421858
207.705, 539.516422215
207.765, 539.516422254
207.825, 539.516418394
207.887, 539.516421845
207.947, 539.516418498
208.008, 539.516414142
208.072, 539.516413256
208.136, 539.516412154
208.202, 539.516410901
208.27, 539.516411457
208.33, 539.516409659
208.392, 539.516408910
208.455, 539.516407264
208.519, 539.516406231
208.586, 539.516405500
208.654, 539.516403240
208.723, 539.516403822
208.783, 539.516403837
208.843, 539.516403257
208.905, 539.516400657
208.968, 539.516398970
209.032, 539.516397096
209.098, 539.516394587
209.166, 539.516393876
209.236, 539.516392561
209.307, 539.516390678
209.38, 539.516387685
209.455, 539.516387936
209.515, 539.516388792
209.575, 539.516386216
209.637, 539.516385275
209.7, 539.516385843
209.76, 539.516382853
209.821, 539.516379142
209.884, 539.516379073
209.949, 539.516379388
210.009, 539.516377732
210.07, 539.516378742
210.13, 539.516378536
210.192, 539.516377133
210.255, 539.516374901
210.32, 539.516372433
210.386, 539.516370360
210.454, 539.516370426
210.514, 539.516369637
210.575, 539.516367176
210.638, 539.516363661
210.703, 539.516365025
210.763, 539.516363103
210.824, 539.516363535
210.884, 539.516364954
210.944, 539.516362448
211.006, 539.516359666
211.069, 539.516358180
211.134, 539.516357445
211.2, 539.516357394
211.268, 539.516355502
211.337, 539.516355155
211.409, 539.516352653
211.482, 539.516352853
211.542, 539.516348214
211.603, 539.516348192
211.666, 539.516345922
211.731, 539.516348323
211.791, 539.516345793
211.852, 539.516342089
211.915, 539.516344319
211.975, 539.516341881
212.037, 539.516341362
212.1, 539.516338634
212.165, 539.516333331
212.231, 539.516337079
212.291, 539.516336124
212.352, 539.516336831
212.412, 539.516334660
212.474, 539.516335798
212.534, 539.516331139
212.595, 539.516330119
212.658, 539.516327952
212.723, 539.516325892
212.789, 539.516328581
212.849, 539.516326466
212.911, 539.516324556
212.974, 539.516325432
213.034, 539.516318693
213.095, 539.516322105
213.155, 539.516319288
213.217, 539.516322562
213.277, 539.516317188
213.338, 539.516320341
213.398, 539.516313808
213.46, 539.516313578
213.523, 539.516312138
213.587, 539.516310929
213.654, 539.516312241
213.714, 539.516307482
213.775, 539.516309156
213.835, 539.516307400
213.897, 539.516308429
213.957, 539.516308084
214.018, 539.516305642
214.081, 539.516304310
214.146, 539.516298073
214.212, 539.516300411
214.272, 539.516298310
214.333, 539.516297984
214.396, 539.516298429
214.456, 539.516295793
214.518, 539.516294076
214.581, 539.516294252
214.641, 539.516293069
214.702, 539.516292202
214.766, 539.516291878
214.83, 539.516287895
214.896, 539.516288158
214.956, 539.516289426
215.016, 539.516283841
215.078, 539.516288933
215.138, 539.516287075
215.199, 539.516281552
215.262, 539.516282873
215.322, 539.516280328
215.384, 539.516277334
215.447, 539.516275257
215.512, 539.516276603
215.572, 539.516277028
215.632, 539.516275614
215.693, 539.516271877
215.756, 539.516275668
215.816, 539.516271767
215.878, 539.516271417
215.941, 539.516270293
216.005, 539.516267343
216.071, 539.516269385
216.131, 539.516264469
216.193, 539.516269334
216.253, 539.516267090
216.314, 539.516267207
216.374, 539.516259621
216.436, 539.516258282
216.499, 539.516258657
216.559, 539.516257109
216.621, 539.516256277
216.684, 539.516254192
216.748, 539.516250605
216.814, 539.516252595
216.874, 539.516253124
216.934, 539.516251106
216.996, 539.516249982
217.059, 539.516251462
217.119, 539.516244235
217.18, 539.516245237
217.24, 539.516243978
217.302, 539.516245064
217.362, 539.516243701
217.423, 539.516240811
217.486, 539.516237637
217.551, 539.516240214
217.611, 539.516237944
217.673, 539.516235224
217.736, 539.516238900
217.796, 539.516233317
217.857, 539.516230586
217.92, 539.516234309
217.98, 539.516231613
218.042, 539.516231129
218.105, 539.516227571
218.169, 539.516225782
218.236, 539.516224114
218.303, 539.516227186
218.363, 539.516224848
218.425, 539.516222204
218.488, 539.516222366
218.548, 539.516223658
218.608, 539.516219981
218.669, 539.516222114
218.729, 539.516217188
218.791, 539.516217753
218.851, 539.516210744
218.912, 539.516213395
218.972, 539.516208355
219.034, 539.516209386
219.094, 539.516209414
219.154, 539.516210399
219.214, 539.516207155
219.275, 539.516208285
219.335, 539.516205364
219.397, 539.516203473
219.46, 539.516206048
219.52, 539.516200461
219.581, 539.516200391
219.645, 539.516201931
219.705, 539.516200304
219.766, 539.516197335
219.829, 539.516197236
219.894, 539.516193448
219.96, 539.516197731
220.02, 539.516194778
220.081, 539.516195392
220.141, 539.516192604
220.203, 539.516192065
220.266, 539.516189068
220.331, 539.516185471
220.397, 539.516187451
220.457, 539.516190070
220.517, 539.516189053
220.578, 539.516185981
220.641, 539.516182008
220.706, 539.516181059
220.772, 539.516180780
220.84, 539.516177909
220.91, 539.516176832
220.981, 539.516177255
221.041, 539.516176261
221.102, 539.516173808
221.165, 539.516172951
221.23, 539.516171188
221.296, 539.516168178
221.364, 539.516167959
221.434, 539.516170324
221.494, 539.516166601
221.555, 539.516165138
221.618, 539.516162974
221.683, 539.516165857
221.743, 539.516164923
221.804, 539.516160520
221.867, 539.516159406
221.932, 539.516160499
221.992, 539.516156850
222.054, 539.516155960
222.117, 539.516155393
222.181, 539.516150247
222.247, 539.516152308
222.307, 539.516152884
222.367, 539.516149782
222.429, 539.516152184
222.489, 539.516150573
222.55, 539.516147439
222.614, 539.516145471
222.678, 539.516142798
222.744, 539.516144995
222.804, 539.516146243
222.864, 539.516138923
222.926, 539.516140255
222.986, 539.516138904
223.047, 539.516138879
223.11, 539.516133654
223.175, 539.516132223
223.241, 539.516139704
223.301, 539.516133063
223.363, 539.516133116
223.423, 539.516132076
223.484, 539.516131467
223.547, 539.516129756
223.612, 539.516126179
223.678, 539.516125284
223.746, 539.516123091
223.816, 539.516124830
223.876, 539.516124989
223.936, 539.516123047
223.997, 539.516121097
224.06, 539.516120291
224.125, 539.516118538
224.191, 539.516120651
224.251, 539.516118091
224.312, 539.516114656
224.376, 539.516113856
224.44, 539.516113012
224.506, 539.516111338
224.574, 539.516109518
224.644, 539.516107944
224.715, 539.516107941
224.788, 539.516104086
224.863, 539.516105960
224.923, 539.516103956
224.985, 539.516100926
225.048, 539.516103603
225.108, 539.516101995
225.169, 539.516099840
225.232, 539.516098048
225.297, 539.516096520
225.363, 539.516094829
225.431, 539.516093631
225.501, 539.516097205
225.561, 539.516090673
225.622, 539.516090320
225.685, 539.516093449
225.745, 539.516086830
225.807, 539.516088271
225.867, 539.516084508
225.928, 539.516087163
225.988, 539.516086816
226.05, 539.516082214
226.113, 539.516084679
226.173, 539.516080893
226.234, 539.516081220
226.294, 539.516077196
226.356, 539.516077711
226.416, 539.516077376
226.477, 539.516075145
226.54, 539.516076241
226.6, 539.516071726
226.662, 539.516073591
226.722, 539.516070563
226.783, 539.516065540
226.846, 539.516066516
226.906, 539.516066743
226.966, 539.516069958
227.026, 539.516064884
227.088, 539.516062036
227.151, 539.516059842
227.215, 539.516058564
227.282, 539.516061461
227.342, 539.516061766
227.402, 539.516055779
227.463, 539.516059673
227.523, 539.516057317
227.585, 539.516053799
227.648, 539.516055310
227.708, 539.516054494
227.769, 539.516052303
227.832, 539.516047226
227.897, 539.516048742
227.957, 539.516048925
228.017, 539.516046120
228.078, 539.516044503
228.141, 539.516043709
228.206, 539.516043088
228.272, 539.516042661
228.34, 539.516040778
228.41, 539.516042307
228.47, 539.516038999
228.531, 539.516037959
228.594, 539.516038528
228.654, 539.516036768
228.716, 539.516035786
228.779, 539.516030421
228.843, 539.516033134
228.903, 539.516031214
228.965, 539.516031165
229.028, 539.516027718
229.092, 539.516028785
229.152, 539.516029773
229.212, 539.516020760
229.274, 539.516022534
229.334, 539.516022963
229.394, 539.516020346
229.455, 539.516019899
229.518, 539.516018446
229.583, 539.516018710
229.643, 539.516017134
229.705, 539.516017989
229.765, 539.516017377
229.826, 539.516013615
229.889, 539.516014161
229.949, 539.516009677
230.011, 539.516011893
230.071, 539.516010343
230.132, 539.516005832
230.195, 539.516004855
230.26, 539.516008519
230.32, 539.516006058
230.381, 539.516001256
230.444, 539.516001007
230.509, 539.516000694
230.575, 539.516000634
230.643, 539.515998652
230.713, 539.515996811
230.784, 539.515999826
230.844, 539.515997958
230.905, 539.515995174
230.968, 539.515993454
231.033, 539.515992865
231.099, 539.515991718
231.167, 539.515991271
231.237, 539.515987593
231.308, 539.515987677
231.368, 539.515986360
231.43, 539.515983669
231.493, 539.515985728
231.553, 539.515982483
231.614, 539.515977337
231.677, 539.515978342
231.737, 539.515980048
231.797, 539.515980443
231.857, 539.515977373
231.919, 539.515976497
231.982, 539.515974383
232.046, 539.515973709
232.113, 539.515971567
232.18, 539.515972489
232.24, 539.515972523
232.3, 539.515969551
232.362, 539.515963393
232.425, 539.515967736
232.485, 539.515967465
232.547, 539.515964702
232.61, 539.515961673
232.674, 539.515961211
232.74, 539.515961288
232.8, 539.515961693
232.86, 539.515957439
232.922, 539.515958222
232.982, 539.515954786
233.043, 539.515956649
233.103, 539.515951597
233.165, 539.515949703
233.228, 539.515950349
233.288, 539.515949223
233.349, 539.515951582
233.409, 539.515947425
233.471, 539.515946186
233.534, 539.515946169
233.599, 539.515945857
233.665, 539.515944531
233.733, 539.515943292
233.802, 539.515941931
233.874, 539.515941587
233.947, 539.515939052
234.022, 539.515939433
234.082, 539.515933742
234.143, 539.515933056
234.206, 539.515934192
234.266, 539.515930358
234.328, 539.515931009
234.388, 539.515928260
234.449, 539.515927622
234.512, 539.515930847
234.572, 539.515923417
234.634, 539.515924537
234.694, 539.515924840
234.754, 539.515925024
234.814, 539.515921338
234.875, 539.515921090
234.938, 539.515921606
234.998, 539.515920132
235.06, 539.515916102
235.123, 539.515914776
235.187, 539.515916224
235.247, 539.515918996
235.307, 539.515915357
235.369, 539.515909142
235.432, 539.515911794
235.492, 539.515910238
235.553, 539.515909772
235.616, 539.515906536
235.681, 539.515906335
235.747, 539.515905739
235.815, 539.515903887
235.885, 539.515906792
235.945, 539.515904030
236.006, 539.515901804
236.069, 539.515900221
236.134, 539.515896786
236.2, 539.515894941
236.268, 539.515897972
236.328, 539.515893757
236.39, 539.515895318
236.45, 539.515891168
236.511, 539.515892646
236.571, 539.515888346
236.633, 539.515890490
236.693, 539.515887600
236.754, 539.515890290
236.814, 539.515885467
236.876, 539.515883469
236.939, 539.515884620
236.999, 539.515882131
237.06, 539.515880391
237.123, 539.515877931
237.188, 539.515878038
237.248, 539.515875965
237.309, 539.515874439
237.372, 539.515879629
237.432, 539.515877845
237.494, 539.515872587
237.557, 539.515870535
237.621, 539.515870336
237.688, 539.515868789
237.756, 539.515869700
237.816, 539.515869320
237.877, 539.515866109
237.94, 539.515864181
238.005, 539.515862048
238.071, 539.515863611
238.131, 539.515864197
238.191, 539.515861406
238.252, 539.515861947
238.312, 539.515856459
238.374, 539.515859575
238.434, 539.515855654
238.495, 539.515851547
238.558, 539.515852515
238.618, 539.515852978
238.678, 539.515851533
238.74, 539.515849905
238.803, 539.515848752
238.868, 539.515849138
238.928, 539.515847496
238.989, 539.515845687
239.052, 539.515847006
239.112, 539.515842561
239.174, 539.515844097
239.234, 539.515840259
239.295, 539.515841199
239.355, 539.515839256
239.417, 539.515838851
239.48, 539.515836301
239.544, 539.515834220
239.611, 539.515831729
239.678, 539.515831969
239.738, 539.515832336
239.798, 539.515832967
239.858, 539.515830778
239.92, 539.515828732
239.983, 539.515827756
240.048, 539.515824686
240.114, 539.515825125
240.174, 539.515824295
240.235, 539.515824826
240.295, 539.515819926
240.357, 539.515818874
240.42, 539.515819665
240.48, 539.515816015
240.541, 539.515818219
240.601, 539.515814191
240.663, 539.515815003
240.723, 539.515815241
240.783, 539.515813290
240.844, 539.515810441
240.907, 539.515809141
240.972, 539.515805180
241.038, 539.515809869
241.098, 539.515805751
241.16, 539.515803442
241.223, 539.515806806
241.283, 539.515805459
241.344, 539.515806439
241.404, 539.515804734
241.466, 539.515798251
241.529, 539.515799858
241.589, 539.515799984
241.649, 539.515798297
241.71, 539.515795946
241.773, 539.515791909
241.838, 539.515793265
241.898, 539.515793252
241.959, 539.515792732
242.022, 539.515795047
242.082, 539.515790245
242.144, 539.515786693
242.207, 539.515787342
242.267, 539.515786598
242.328, 539.515782855
242.392, 539.515781722
242.456, 539.515781817
242.516, 539.515782904
242.576, 539.515779047
242.638, 539.515781225
242.698, 539.515779324
242.759, 539.515777439
242.822, 539.515773692
242.887, 539.515777958
242.947, 539.515773254
243.008, 539.515776488
243.068, 539.515773052
243.13, 539.515769273
243.193, 539.515767871
243.257, 539.515764882
243.324, 539.515767722
243.384, 539.515764985
243.445, 539.515765035
243.505, 539.515763935
243.567, 539.515760901
243.63, 539.515759892
243.694, 539.515763741
243.754, 539.515757121
243.816, 539.515757615
243.876, 539.515756749
243.937, 539.515755595
244, 539.515750591
244.065, 539.515751603
244.125, 539.515749267
244.186, 539.515749027
244.25, 539.515749068
244.31, 539.515748364
244.371, 539.515747074
244.434, 539.515746241
244.499, 539.515746706
244.559, 539.515746036
244.62, 539.515743495
244.683, 539.515742441
244.748, 539.515740105
244.814, 539.515739802
244.882, 539.515739330
244.952, 539.515740474
245.012, 539.515734905
245.073, 539.515732049
245.136, 539.515733280
245.196, 539.515732905
245.258, 539.515729322
245.321, 539.515732319
245.381, 539.515728733
245.442, 539.515729514
245.502, 539.515727925
245.564, 539.515727721
245.627, 539.515726321
245.691, 539.515723036
245.757, 539.515724102
245.817, 539.515722491
245.879, 539.515718992
245.942, 539.515721243
246.002, 539.515720394
246.064, 539.515716478
246.127, 539.515717248
246.187, 539.515718238
246.247, 539.515716452
246.308, 539.515709760
246.371, 539.515715088
246.431, 539.515710896
246.493, 539.515706768
246.556, 539.515706573
246.62, 539.515706380
246.686, 539.515705342
246.754, 539.515702417
246.824, 539.515699870
246.895, 539.515699849
246.968, 539.515698278
247.043, 539.515699899
247.103, 539.515696838
247.165, 539.515697744
247.225, 539.515695480
247.286, 539.515695581
247.346, 539.515694049
247.408, 539.515694650
247.468, 539.515689470
247.529, 539.515687271
247.592, 539.515687239
247.657, 539.515688515
247.717, 539.515687462
247.778, 539.515685892
247.841, 539.515684778
247.906, 539.515679389
247.972, 539.515680141
248.032, 539.515679563
248.094, 539.515680099
248.154, 539.515676677
248.215, 539.515677726
248.275, 539.515678114
248.335, 539.515676744
248.397, 539.515672669
248.46, 539.515675107
248.52, 539.515671099
248.581, 539.515669949
248.644, 539.515671006
248.704, 539.515667259
248.766, 539.515665258
248.829, 539.515664047
248.894, 539.515663881
248.96, 539.515664774
249.02, 539.515663978
249.081, 539.515661507
249.144, 539.515663820
249.204, 539.515656679
249.266, 539.515655835
249.329, 539.515654302
249.393, 539.515655822
249.453, 539.515652398
249.515, 539.515652807
249.575, 539.515652602
249.636, 539.515648981
249.699, 539.515648897
249.764, 539.515648012
249.83, 539.515647741
249.898, 539.515643616
249.968, 539.515642493
250.039, 539.515641240
250.112, 539.515641126
250.187, 539.515641487
250.247, 539.515639158
250.309, 539.515638434
250.372, 539.515639755
250.432, 539.515634503
250.493, 539.515635957
250.553, 539.515637049
250.613, 539.515634336
250.675, 539.515632066
250.738, 539.515631499
250.802, 539.515629090
250.869, 539.515631212
250.929, 539.515626468
