0.06, 529.015771302
0.12, 529.018811574
0.18, 529.018342337
0.2415, 529.017865921
0.304538, 529.017378675
0.369151, 529.016875601
0.43538, 529.016363749
0.503264, 529.015839164
0.572846, 529.015301337
0.644167, 529.014751186
0.717271, 529.014193483
0.792203, 529.013615420
0.869008, 529.013030801
0.947733, 529.012430120
1.02843, 529.011809936
1.11114, 529.011177464
1.19592, 529.010805152
1.28281, 529.010723715
1.37188, 529.010724091
1.43188, 529.010722652
1.49338, 529.010721772
1.55642, 529.010719360
1.62103, 529.010720836
1.68103, 529.010720845
1.74103, 529.010721216
1.80103, 529.010714937
1.86253, 529.010715628
1.92253, 529.010717174
1.98253, 529.010716752
2.04403, 529.010715605
2.10707, 529.010711637
2.17169, 529.010708668
2.23791, 529.010708869
2.29791, 529.010705715
2.35941, 529.010708630
2.41941, 529.010706384
2.48091, 529.010706520
2.54091, 529.010703779
2.60241, 529.010702784
2.66545, 529.010701692
2.73007, 529.010696782
2.79629, 529.010698800
2.85629, 529.010696204
2.91779, 529.010696561
2.97779, 529.010696286
3.03929, 529.010694766
3.10233, 529.010695938
3.16233, 529.010694057
3.22383, 529.010688937
3.28687, 529.010689358
3.34687, 529.010691682
3.40687, 529.010689675
3.46837, 529.010685824
3.53141, 529.010685937
3.59141, 529.010686123
3.65141, 529.010682046
3.71291, 529.010684342
3.77291, 529.010682307
3.83441, 529.010682635
3.89441, 529.010676700
3.95591, 529.010680781
4.01591, 529.010674300
4.07741, 529.010678824
4.13741, 529.010673370
4.19891, 529.010675779
4.25891, 529.010673643
4.32041, 529.010669868
4.38344, 529.010669506
4.44806, 529.010670014
4.50806, 529.010669094
4.56956, 529.010669358
4.62956, 529.010665412
4.69106, 529.010664118
4.7541, 529.010662368
4.81871, 529.010664961
4.87871, 529.010661629
4.94021, 529.010657355
5.00325, 529.010657193
5.06786, 529.010656463
5.13409, 529.010657444
5.19409, 529.010659172
5.25409, 529.010653840
5.31559, 529.010653029
5.37863, 529.010655550
5.43863, 529.010648719
5.50013, 529.010649780
5.56013, 529.010650282
5.62013, 529.010646916
5.68163, 529.010647393
5.74163, 529.010647893
5.80163, 529.010646065
5.86313, 529.010644311
5.92616, 529.010644100
5.99078, 529.010641756
6.05701, 529.010638918
6.12489, 529.010640451
6.18489, 529.010639851
6.24639, 529.010635231
6.30943, 529.010634786
6.37404, 529.010634112
6.44027, 529.010631325
6.50815, 529.010632361
6.56815, 529.010632358
6.62965, 529.010625228
6.69269, 529.010628587
6.75269, 529.010626793
6.81419, 529.010624851
6.87723, 529.010623888
6.94184, 529.010627555
7.00184, 529.010621525
7.06334, 529.010619955
7.12638, 529.010618458
7.19099, 529.010620935
7.25099, 529.010618455
7.31249, 529.010618316
7.37553, 529.010616047
7.44014, 529.010613262
7.50637, 529.010612071
7.57426, 529.010610881
7.64384, 529.010608456
7.71516, 529.010612305
7.77516, 529.010606619
7.83666, 529.010609341
7.89666, 529.010606914
7.95816, 529.010605088
8.0212, 529.010601523
8.08581, 529.010600639
8.15204, 529.010600574
8.21992, 529.010601291
8.27992, 529.010601451
8.33992, 529.010600421
8.40142, 529.010599831
8.46446, 529.010597391
8.52908, 529.010595833
8.5953, 529.010594016
8.66319, 529.010595690
8.72319, 529.010598270
8.78319, 529.010592796
8.84469, 529.010590965
8.90773, 529.010584220
8.97234, 529.010586046
9.03234, 529.010585233
9.09384, 529.010582209
9.15688, 529.010581883
9.22149, 529.010582880
9.28149, 529.010578879
9.34299, 529.010581534
9.40299, 529.010579574
9.46449, 529.010578749
9.52753, 529.010575274
9.59214, 529.010574824
9.65837, 529.010577357
9.71837, 529.010572071
9.77987, 529.010573009
9.83987, 529.010567852
9.90137, 529.010570140
9.96137, 529.010569859
10.0229, 529.010567395
10.0859, 529.010568819
10.1459, 529.010564196
10.2074, 529.010566574
10.2674, 529.010566096
10.3289, 529.010562306
10.3919, 529.010561166
10.4566, 529.010562061
10.5166, 529.010558596
10.5781, 529.010560779
10.6381, 529.010559124
10.6996, 529.010554164
10.7626, 529.010553850
10.8272, 529.010553862
10.8872, 529.010552064
10.9487, 529.010550704
11.0117, 529.010550177
11.0764, 529.010550775
11.1364, 529.010548738
11.1979, 529.010545049
11.2609, 529.010544113
11.3255, 529.010545121
11.3855, 529.010541161
11.447, 529.010541145
11.51, 529.010540582
11.5747, 529.010537142
11.6409, 529.010536897
11.7088, 529.010539058
11.7688, 529.010532321
11.8303, 529.010537880
11.8903, 529.010533537
11.9518, 529.010534593
12.0118, 529.010533435
12.0733, 529.010529820
12.1363, 529.010527221
12.2009, 529.010527221
12.2609, 529.010525572
12.3224, 529.010530490
12.3824, 529.010522949
12.4439, 529.010525329
12.5039, 529.010521132
12.5654, 529.010518601
12.6285, 529.010521955
12.6885, 529.010521058
12.75, 529.010518907
12.813, 529.010517906
12.8776, 529.010516587
12.9438, 529.010516387
13.0117, 529.010510295
13.0813, 529.010514050
13.1413, 529.010509264
13.2028, 529.010508713
13.2658, 529.010507534
13.3305, 529.010506950
13.3967, 529.010505797
13.4646, 529.010505183
13.5342, 529.010500552
13.6055, 529.010502466
13.6655, 529.010504138
13.7255, 529.010500902
13.787, 529.010500311
13.85, 529.010497076
13.9146, 529.010497455
13.9746, 529.010498547
14.0346, 529.010495340
14.0961, 529.010496186
14.1561, 529.010495861
14.2176, 529.010490784
14.2807, 529.010489261
14.3453, 529.010487830
14.4115, 529.010484236
14.4794, 529.010486165
14.5394, 529.010482504
14.6009, 529.010484344
14.6609, 529.010483815
14.7224, 529.010481071
14.7854, 529.010483588
14.8454, 529.010484883
14.9054, 529.010476490
14.9669, 529.010475834
15.03, 529.010476613
15.09, 529.010477103
15.15, 529.010474707
15.2115, 529.010474476
15.2745, 529.010475315
15.3345, 529.010471806
15.396, 529.010468434
15.459, 529.010467241
15.5237, 529.010467733
15.5837, 529.010467890
15.6437, 529.010463981
15.7052, 529.010462600
15.7682, 529.010461680
15.8328, 529.010463253
15.8928, 529.010458844
15.9543, 529.010458491
16.0173, 529.010458353
16.082, 529.010456733
16.1482, 529.010458993
16.2082, 529.010458089
16.2697, 529.010455723
16.3327, 529.010454245
16.3973, 529.010452072
16.4636, 529.010451102
16.5315, 529.010448692
16.601, 529.010449875
16.661, 529.010446154
16.7225, 529.010444916
16.7856, 529.010443796
16.8502, 529.010443212
16.9164, 529.010441897
16.9843, 529.010443274
17.0443, 529.010438124
17.1058, 529.010440675
17.1658, 529.010434671
17.2273, 529.010438835
17.2873, 529.010433842
17.3488, 529.010432360
17.4118, 529.010431822
17.4764, 529.010436556
17.5364, 529.010435137
17.5979, 529.010430324
17.661, 529.010428154
17.7256, 529.010426168
17.7918, 529.010425851
17.8597, 529.010423874
17.9293, 529.010421279
18.0006, 529.010424970
18.0606, 529.010421887
18.1221, 529.010420940
18.1852, 529.010419213
18.2498, 529.010421545
18.3098, 529.010416788
18.3713, 529.010415649
18.4343, 529.010415730
18.4943, 529.010415423
18.5558, 529.010409152
18.6188, 529.010409944
18.6788, 529.010406146
18.7403, 529.010405678
18.8034, 529.010406428
18.8634, 529.010405541
18.9249, 529.010407330
18.9849, 529.010403113
19.0464, 529.010402804
19.1094, 529.010403578
19.1694, 529.010399238
19.2309, 529.010401615
19.2909, 529.010400328
19.3524, 529.010397179
19.4155, 529.010398209
19.4755, 529.010397432
19.537, 529.010395047
19.6, 529.010395756
19.66, 529.010392993
19.7215, 529.010393054
19.7815, 529.010389831
19.843, 529.010389281
19.906, 529.010388595
19.9706, 529.010384685
20.0369, 529.010382940
20.1048, 529.010386230
20.1648, 529.010381749
20.2263, 529.010384718
20.2863, 529.010379393
20.3478, 529.010382428
20.4078, 529.010381016
20.4693, 529.010380709
20.5323, 529.010374376
20.5969, 529.010376193
20.6569, 529.010372762
20.7184, 529.010373806
20.7784, 529.010368913
20.8399, 529.010369896
20.8999, 529.010367309
20.9614, 529.010368720
21.0214, 529.010367892
21.0829, 529.010366897
21.1459, 529.010364015
21.2106, 529.010363154
21.2768, 529.010361990
21.3447, 529.010362579
21.4047, 529.010360900
21.4662, 529.010359771
21.5292, 529.010356151
21.5938, 529.010354191
21.66, 529.010356849
21.72, 529.010355969
21.7815, 529.010355127
21.8446, 529.010353302
21.9092, 529.010352955
21.9754, 529.010350339
22.0433, 529.010351933
22.1033, 529.010347691
22.1648, 529.010345391
22.2279, 529.010344808
22.2925, 529.010346621
22.3525, 529.010342383
22.414, 529.010340257
22.477, 529.010343311
22.537, 529.010339350
22.5985, 529.010339573
22.6585, 529.010336912
22.72, 529.010338720
22.78, 529.010333423
22.8415, 529.010337364
22.9015, 529.010333339
22.963, 529.010333887
23.023, 529.010329157
23.0845, 529.010331256
23.1445, 529.010328508
23.206, 529.010328618
23.266, 529.010327835
23.3275, 529.010325775
23.3905, 529.010324064
23.4552, 529.010324691
23.5152, 529.010325965
23.5752, 529.010321159
23.6367, 529.010321129
23.6997, 529.010318478
23.7643, 529.010314073
23.8305, 529.010316959
23.8905, 529.010316346
23.952, 529.010317534
24.012, 529.010310619
24.0735, 529.010314095
24.1335, 529.010312578
24.195, 529.010314334
24.255, 529.010308202
24.3165, 529.010310329
24.3765, 529.010305993
24.438, 529.010304626
24.5011, 529.010306375
24.5611, 529.010303705
24.6226, 529.010304192
24.6826, 529.010300723
24.7441, 529.010298893
24.8071, 529.010302315
24.8671, 529.010296568
24.9286, 529.010295990
24.9916, 529.010294589
25.0563, 529.010296844
25.1163, 529.010295334
25.1778, 529.010293177
25.2408, 529.010291581
25.3054, 529.010294842
25.3654, 529.010291681
25.4269, 529.010288390
25.4899, 529.010287783
25.5546, 529.010288445
25.6146, 529.010284634
25.6761, 529.010283778
25.7391, 529.010281586
25.8037, 529.010279263
25.8699, 529.010279610
25.9299, 529.010276443
25.9914, 529.010278845
26.0514, 529.010275420
26.1129, 529.010273931
26.176, 529.010278891
26.236, 529.010275162
26.2975, 529.010273233
26.3605, 529.010271932
26.4251, 529.010271339
26.4914, 529.010270056
26.5592, 529.010270841
26.6192, 529.010264700
26.6807, 529.010263136
26.7438, 529.010264135
26.8038, 529.010264656
26.8638, 529.010261003
26.9253, 529.010260666
26.9883, 529.010261744
27.0483, 529.010261294
27.1098, 529.010253928
27.1729, 529.010257903
27.2329, 529.010256086
27.2944, 529.010256769
27.3544, 529.010251922
27.4159, 529.010250510
27.4789, 529.010248679
27.5435, 529.010252044
27.6035, 529.010247068
27.665, 529.010250114
27.725, 529.010248472
27.7865, 529.010241720
27.8495, 529.010242853
27.9095, 529.010245941
27.9695, 529.010242170
28.031, 529.010244400
28.091, 529.010236767
28.1525, 529.010240651
28.2125, 529.010235722
28.274, 529.010237622
28.334, 529.010234133
28.3955, 529.010237352
28.4555, 529.010230390
28.517, 529.010231691
28.577, 529.010228247
28.6385, 529.010233908
28.6985, 529.010230261
28.76, 529.010228453
28.8231, 529.010225944
28.8877, 529.010224083
28.9539, 529.010227071
29.0139, 529.010230076
29.0739, 529.010223985
29.1354, 529.010221452
29.1985, 529.010220905
29.2631, 529.010219126
29.3293, 529.010220853
29.3893, 529.010216289
29.4508, 529.010214601
29.5138, 529.010214202
29.5785, 529.010214064
29.6447, 529.010208544
29.7126, 529.010209819
29.7726, 529.010212005
29.8326, 529.010208134
29.8941, 529.010205667
29.9571, 529.010205104
30.0217, 529.010203101
30.0879, 529.010204045
30.1479, 529.010202476
30.2094, 529.010201701
30.2725, 529.010198477
30.3371, 529.010199391
30.3971, 529.010202411
30.4571, 529.010192807
30.5186, 529.010199354
30.5786, 529.010195323
30.6401, 529.010195533
30.7001, 529.010191489
30.7616, 529.010197585
30.8216, 529.010190998
30.8831, 529.010193585
30.9431, 529.010191126
31.0046, 529.010187393
31.0676, 529.010186688
31.1322, 529.010187911
31.1922, 529.010186159
31.2537, 529.010182713
31.3168, 529.010181324
31.3814, 529.010180600
31.4476, 529.010179088
31.5155, 529.010180624
31.5755, 529.010176795
31.637, 529.010179262
31.697, 529.010174544
31.7585, 529.010174065
31.8215, 529.010169768
31.8862, 529.010172496
31.9462, 529.010170406
32.0077, 529.010171394
32.0677, 529.010166155
32.1292, 529.010165679
32.1922, 529.010167227
32.2522, 529.010164096
32.3137, 529.010163450
32.3767, 529.010162910
32.4414, 529.010162627
32.5076, 529.010159970
32.5755, 529.010158072
32.645, 529.010157308
32.7164, 529.010157679
32.7764, 529.010153042
32.8379, 529.010153171
32.8979, 529.010153784
32.9579, 529.010151655
33.0194, 529.010149899
33.0824, 529.010146620
33.147, 529.010146313
33.2132, 529.010148087
33.2732, 529.010147733
33.3347, 529.010147042
33.3978, 529.010144598
33.4624, 529.010147133
33.5224, 529.010141061
33.5839, 529.010143514
33.6439, 529.010138371
33.7054, 529.010135132
33.7684, 529.010138642
33.8284, 529.010136889
33.8899, 529.010136310
33.953, 529.010133924
34.0176, 529.010135868
34.0776, 529.010134161
34.1391, 529.010131543
34.2021, 529.010130477
34.2667, 529.010130351
34.333, 529.010123991
34.4009, 529.010126104
34.4609, 529.010126477
34.5209, 529.010123873
34.5824, 529.010123574
34.6454, 529.010119787
34.71, 529.010120475
34.77, 529.010123043
34.83, 529.010117034
34.8915, 529.010117354
34.9515, 529.010115955
35.013, 529.010114863
35.076, 529.010118636
35.136, 529.010112090
35.1975, 529.010109313
35.2606, 529.010113888
35.3206, 529.010108949
35.3821, 529.010110917
35.4421, 529.010109463
35.5036, 529.010109441
35.5666, 529.010103351
35.6312, 529.010108207
35.6912, 529.010100702
35.7527, 529.010102272
35.8127, 529.010104295
35.8727, 529.010099885
35.9342, 529.010093121
35.9973, 529.010097921
36.0573, 529.010101589
36.1173, 529.010097117
36.1788, 529.010094841
36.2418, 529.010095651
36.3018, 529.010091916
36.3633, 529.010095786
36.4233, 529.010090623
36.4848, 529.010094040
36.5448, 529.010090794
36.6063, 529.010087661
36.6693, 529.010085707
36.734, 529.010086121
36.794, 529.010084624
36.8555, 529.010084793
36.9155, 529.010081871
36.977, 529.010079225
37.04, 529.010080368
37.1, 529.010078274
37.1615, 529.010077573
37.2245, 529.010076177
37.2891, 529.010070945
37.3554, 529.010070357
37.4233, 529.010071073
37.4833, 529.010073360
37.5433, 529.010074334
37.6033, 529.010073049
37.6648, 529.010069030
37.7278, 529.010064261
37.7924, 529.010062280
37.8586, 529.010063186
37.9186, 529.010067528
37.9786, 529.010063082
38.0401, 529.010059434
38.1032, 529.010060507
38.1632, 529.010058797
38.2247, 529.010059681
38.2847, 529.010056043
38.3462, 529.010058979
38.4062, 529.010054901
38.4677, 529.010057626
38.5277, 529.010051668
38.5892, 529.010052877
38.6492, 529.010051377
38.7107, 529.010052231
38.7707, 529.010048744
38.8322, 529.010051114
38.8922, 529.010043947
38.9537, 529.010044422
39.0137, 529.010042026
39.0752, 529.010042699
39.1352, 529.010039695
39.1967, 529.010038595
39.2597, 529.010038127
39.3243, 529.010038048
39.3906, 529.010038376
39.4506, 529.010039756
39.5106, 529.010035994
39.5721, 529.010037584
39.6321, 529.010034249
39.6936, 529.010030580
39.7566, 529.010028830
39.8212, 529.010030282
39.8812, 529.010027265
39.9427, 529.010028882
40.0027, 529.010027271
40.0642, 529.010024016
40.1272, 529.010024860
40.1872, 529.010027359
40.2472, 529.010021346
40.3087, 529.010021902
40.3687, 529.010021899
40.4302, 529.010021613
40.4933, 529.010015578
40.5579, 529.010019488
40.6179, 529.010016256
40.6794, 529.010014400
40.7424, 529.010011143
40.807, 529.010013965
40.867, 529.010008950
40.9285, 529.010011930
40.9885, 529.010009043
41.05, 529.010008360
41.1131, 529.010010122
41.1731, 529.010006938
41.2346, 529.010003743
41.2976, 529.010003062
41.3622, 529.010002056
41.4285, 529.009997839
41.4963, 529.010001035
41.5563, 529.009997614
41.6178, 529.009996734
41.6809, 529.009998938
41.7409, 529.009996749
41.8024, 529.009994232
41.8654, 529.009995046
41.9254, 529.009991222
41.9869, 529.009992312
42.0469, 529.009989719
42.1084, 529.009985736
42.1715, 529.009987299
42.2315, 529.009987188
42.293, 529.009987699
42.353, 529.009984199
42.4145, 529.009984334
42.4745, 529.009980409
42.536, 529.009980666
42.596, 529.009976986
42.6575, 529.009977001
42.7175, 529.009976832
42.779, 529.009976975
42.839, 529.009973707
42.9005, 529.009975713
42.9605, 529.009973163
43.022, 529.009970520
43.085, 529.009974208
43.145, 529.009972351
43.2065, 529.009972255
43.2695, 529.009964581
43.3341, 529.009965217
43.3941, 529.009961861
43.4556, 529.009962116
43.5156, 529.009961745
43.5771, 529.009959083
43.6402, 529.009960608
43.7002, 529.009960813
43.7602, 529.009956525
43.8217, 529.009957904
43.8817, 529.009957545
43.9432, 529.009955909
44.0062, 529.009953411
44.0708, 529.009953887
44.1308, 529.009951227
44.1923, 529.009947183
44.2554, 529.009950009
44.3154, 529.009947743
44.3769, 529.009948339
44.4369, 529.009944809
44.4984, 529.009948429
44.5584, 529.009944637
44.6199, 529.009944071
44.6829, 529.009941663
44.7475, 529.009940322
44.8138, 529.009940295
44.8816, 529.009935857
44.9512, 529.009941235
45.0112, 529.009934311
45.0727, 529.009934025
45.1358, 529.009932724
45.2004, 529.009935807
45.2604, 529.009931864
45.3219, 529.009931064
45.3849, 529.009930025
45.4495, 529.009925346
45.5157, 529.009927451
45.5757, 529.009926603
45.6372, 529.009926392
45.7003, 529.009926020
45.7649, 529.009924721
45.8311, 529.009918433
45.899, 529.009923105
45.959, 529.009914505
46.0205, 529.009920336
46.0805, 529.009917387
46.142, 529.009917911
46.202, 529.009915879
46.2635, 529.009911462
46.3265, 529.009912424
46.3865, 529.009914699
46.4465, 529.009909318
46.508, 529.009911802
46.568, 529.009907492
46.6295, 529.009907552
46.6895, 529.009906113
46.751, 529.009905489
46.8141, 529.009905905
46.8741, 529.009904633
46.9356, 529.009900697
46.9986, 529.009900445
47.0632, 529.009901654
47.1232, 529.009901431
47.1847, 529.009898639
47.2478, 529.009898345
47.3124, 529.009896182
47.3786, 529.009896232
47.4386, 529.009890097
47.5001, 529.009892626
47.5601, 529.009891295
47.6216, 529.009890054
47.6847, 529.009887143
47.7493, 529.009889806
47.8093, 529.009883967
47.8708, 529.009883291
47.9338, 529.009883186
47.9984, 529.009879689
48.0646, 529.009883021
48.1246, 529.009878830
48.1861, 529.009881287
48.2461, 529.009877076
48.3076, 529.009875136
48.3707, 529.009878653
48.4307, 529.009876257
48.4922, 529.009873670
48.5552, 529.009871977
48.6198, 529.009871386
48.6861, 529.009870575
48.7539, 529.009868394
48.8235, 529.009868792
48.8835, 529.009865921
48.945, 529.009866637
49.005, 529.009864801
49.0665, 529.009860226
49.1296, 529.009859875
49.1942, 529.009864036
49.2542, 529.009862890
49.3157, 529.009860124
49.3787, 529.009855253
49.4433, 529.009859391
49.5033, 529.009856846
49.5648, 529.009854883
49.6279, 529.009850753
49.6925, 529.009855135
49.7525, 529.009851929
49.814, 529.009850725
49.877, 529.009848485
49.9416, 529.009849099
50.0016, 529.009847893
50.0631, 529.009846592
50.1262, 529.009845526
50.1908, 529.009841299
50.257, 529.009844576
50.317, 529.009838978
50.3785, 529.009837666
50.4416, 529.009841106
50.5016, 529.009837764
50.5631, 529.009838312
50.6231, 529.009836175
50.6846, 529.009834453
50.7476, 529.009832640
50.8122, 529.009831156
50.8784, 529.009832351
50.9384, 529.009833718
50.9984, 529.009830148
51.0599, 529.009827767
51.123, 529.009828289
51.183, 529.009830065
51.243, 529.009825384
51.3045, 529.009823295
51.3675, 529.009820135
51.4321, 529.009821457
51.4921, 529.009824050
51.5521, 529.009821345
51.6136, 529.009818626
51.6767, 529.009819150
51.7367, 529.009817216
51.7982, 529.009815496
51.8612, 529.009812389
51.9258, 529.009812574
51.9858, 529.009814148
52.0458, 529.009810526
52.1073, 529.009812749
52.1673, 529.009810953
52.2288, 529.009804043
52.2918, 529.009805901
52.3518, 529.009803255
52.4133, 529.009808217
52.4733, 529.009804587
52.5348, 529.009803303
52.5979, 529.009798967
52.6625, 529.009797186
52.7287, 529.009801130
52.7887, 529.009798458
52.8502, 529.009798986
52.9102, 529.009796075
52.9717, 529.009794829
53.0348, 529.009796003
53.0948, 529.009794548
53.1563, 529.009790690
53.2193, 529.009788780
53.2839, 529.009785255
53.3501, 529.009785847
53.4101, 529.009786214
53.4701, 529.009787597
53.5301, 529.009785738
53.5916, 529.009784167
53.6547, 529.009780744
53.7193, 529.009779060
53.7855, 529.009779642
53.8455, 529.009778425
53.907, 529.009778579
53.967, 529.009773484
54.0285, 529.009775310
54.0885, 529.009773718
54.15, 529.009774679
54.21, 529.009772544
54.2715, 529.009772983
54.3315, 529.009770733
54.393, 529.009771919
54.453, 529.009770922
54.5145, 529.009769579
54.5776, 529.009763998
54.6422, 529.009765218
54.7022, 529.009769527
54.7622, 529.009760434
54.8237, 529.009762852
54.8837, 529.009759276
54.9452, 529.009753647
55.0082, 529.009757625
55.0682, 529.009761446
55.1282, 529.009757016
55.1897, 529.009756513
55.2527, 529.009755811
55.3174, 529.009752876
55.3836, 529.009751768
55.4515, 529.009748899
55.5211, 529.009749992
55.5811, 529.009748424
55.6426, 529.009745812
55.7056, 529.009747254
55.7656, 529.009742946
55.8271, 529.009746576
55.8871, 529.009741602
55.9486, 529.009747737
56.0086, 529.009740670
56.0701, 529.009740147
56.1331, 529.009736914
56.1977, 529.009737084
56.2577, 529.009739515
56.3177, 529.009732795
56.3792, 529.009733748
56.4392, 529.009733711
56.5007, 529.009733842
56.5607, 529.009731337
56.6222, 529.009732168
56.6822, 529.009728107
56.7437, 529.009726531
56.8068, 529.009726088
56.8714, 529.009726983
56.9314, 529.009726661
56.9929, 529.009721919
57.0559, 529.009719469
57.1205, 529.009721278
57.1805, 529.009716421
57.242, 529.009718167
57.302, 529.009720545
57.362, 529.009717295
57.4235, 529.009717458
57.4835, 529.009713916
57.545, 529.009717441
57.605, 529.009711506
57.6665, 529.009710995
57.7296, 529.009711528
57.7896, 529.009707286
57.8511, 529.009706516
57.9141, 529.009707802
57.9741, 529.009701867
58.0356, 529.009704921
58.0956, 529.009700294
58.1571, 529.009702908
58.2171, 529.009702562
58.2786, 529.009702206
58.3417, 529.009699784
58.4063, 529.009700069
58.4663, 529.009696717
58.5278, 529.009693803
58.5908, 529.009695361
58.6508, 529.009693817
58.7123, 529.009694693
58.7723, 529.009693042
58.8338, 529.009693288
58.8938, 529.009688638
58.9553, 529.009687021
59.0183, 529.009685938
59.083, 529.009686029
59.143, 529.009686946
59.203, 529.009684176
59.2645, 529.009681855
59.3275, 529.009682068
59.3875, 529.009679801
59.449, 529.009678525
59.512, 529.009677672
59.5767, 529.009674883
59.6429, 529.009673498
59.7108, 529.009673948
59.7708, 529.009673631
59.8323, 529.009675924
59.8923, 529.009671648
59.9538, 529.009669867
60.0168, 529.009667955
60.0814, 529.009665722
60.1476, 529.009664332
60.2155, 529.009664627
60.2755, 529.009662568
60.337, 529.009662011
60.4001, 529.009663411
60.4601, 529.009662000
60.5216, 529.009659199
60.5846, 529.009657524
60.6492, 529.009657112
60.7154, 529.009655055
60.7833, 529.009651999
60.8529, 529.009651002
60.9242, 529.009654122
60.9842, 529.009648368
61.0457, 529.009649506
61.1057, 529.009648121
61.1672, 529.009650090
61.2272, 529.009648397
61.2887, 529.009645687
61.3518, 529.009645683
61.4164, 529.009642797
61.4826, 529.009644738
61.5426, 529.009644794
61.6026, 529.009639017
61.6641, 529.009642785
61.7241, 529.009638373
61.7856, 529.009637176
61.8486, 529.009637737
61.9086, 529.009637719
61.9701, 529.009634091
62.0332, 529.009634755
62.0932, 529.009631760
62.1547, 529.009632456
62.2147, 529.009628167
62.2762, 529.009631678
62.3362, 529.009625580
62.3977, 529.009628230
62.4577, 529.009628184
62.5192, 529.009624806
62.5822, 529.009624561
62.6468, 529.009623643
62.7131, 529.009621943
62.781, 529.009620273
62.8505, 529.009616063
62.9219, 529.009618315
62.9819, 529.009616835
63.0434, 529.009617481
63.1034, 529.009611827
63.1649, 529.009614765
63.2249, 529.009614986
63.2849, 529.009610289
63.3464, 529.009610832
63.4064, 529.009607932
63.4679, 529.009607820
63.5309, 529.009613668
63.5909, 529.009604741
63.6524, 529.009607632
63.7124, 529.009604588
63.7739, 529.009603117
63.8369, 529.009604865
63.8969, 529.009599110
63.9584, 529.009600270
64.0184, 529.009600788
64.0784, 529.009597422
64.1399, 529.009594456
64.203, 529.009594680
64.263, 529.009594467
64.3245, 529.009591968
64.3875, 529.009591491
64.4521, 529.009589959
64.5183, 529.009587946
64.5862, 529.009586005
64.6558, 529.009588708
64.7158, 529.009585386
64.7773, 529.009585269
64.8403, 529.009583090
64.905, 529.009583113
64.965, 529.009579725
65.0265, 529.009582151
65.0865, 529.009578602
65.148, 529.009577796
65.211, 529.009576422
65.2756, 529.009577155
65.3356, 529.009574165
65.3971, 529.009575055
65.4571, 529.009576168
65.5171, 529.009571791
65.5786, 529.009570707
65.6417, 529.009570403
65.7063, 529.009563478
65.7725, 529.009566021
65.8325, 529.009564102
65.894, 529.009564511
65.954, 529.009558602
66.0155, 529.009564828
66.0755, 529.009558052
66.137, 529.009559088
66.197, 529.009556198
66.2585, 529.009558950
66.3185, 529.009554586
66.38, 529.009555804
66.44, 529.009552021
66.5015, 529.009553960
66.5615, 529.009552983
66.623, 529.009556507
66.683, 529.009551097
66.7445, 529.009550810
66.8075, 529.009549549
66.8721, 529.009547615
66.9384, 529.009546977
67.0063, 529.009545241
67.0758, 529.009543211
67.1472, 529.009544066
67.2072, 529.009542400
67.2687, 529.009542458
67.3287, 529.009541680
67.3902, 529.009539459
67.4532, 529.009540496
67.5132, 529.009532902
67.5747, 529.009535336
67.6347, 529.009533090
67.6962, 529.009532217
67.7592, 529.009530278
67.8238, 529.009531047
67.8838, 529.009529350
67.9453, 529.009527841
68.0084, 529.009525733
68.073, 529.009527359
68.133, 529.009525253
68.1945, 529.009523231
68.2575, 529.009524181
68.3175, 529.009519858
68.379, 529.009526519
68.439, 529.009519488
68.5005, 529.009516645
68.5636, 529.009522052
68.6236, 529.009517255
68.6851, 529.009508607
68.7481, 529.009514644
68.8081, 529.009516109
68.8681, 529.009512803
68.9296, 529.009509033
68.9927, 529.009510215
69.0527, 529.009508891
69.1142, 529.009509285
69.1742, 529.009503916
69.2357, 529.009500868
69.2987, 529.009504287
69.3587, 529.009505290
69.4187, 529.009499538
69.4802, 529.009496581
69.5432, 529.009500588
69.6032, 529.009498650
69.6647, 529.009497878
69.7278, 529.009498391
69.7878, 529.009494528
69.8493, 529.009495303
69.9093, 529.009494053
69.9708, 529.009490623
70.0338, 529.009488085
70.0984, 529.009489929
70.1584, 529.009488414
70.2199, 529.009488758
70.2799, 529.009488398
70.3414, 529.009488575
70.4014, 529.009482887
70.4629, 529.009485247
70.5229, 529.009485416
70.5829, 529.009479968
70.6444, 529.009481525
70.7044, 529.009479433
70.7659, 529.009478351
70.829, 529.009477045
70.8936, 529.009470862
70.9598, 529.009473630
71.0198, 529.009472646
71.0813, 529.009472160
71.1443, 529.009474089
71.2043, 529.009469803
71.2658, 529.009469516
71.3289, 529.009469037
71.3935, 529.009469041
71.4535, 529.009465520
71.515, 529.009463156
71.578, 529.009464018
71.638, 529.009462743
71.6995, 529.009462427
71.7626, 529.009459799
71.8272, 529.009462452
71.8872, 529.009456874
71.9487, 529.009458536
72.0087, 529.009456122
72.0702, 529.009454175
72.1332, 529.009455471
72.1932, 529.009448317
72.2547, 529.009450515
72.3147, 529.009448853
72.3762, 529.009449200
72.4362, 529.009446050
72.4977, 529.009450184
72.5577, 529.009445837
72.6192, 529.009446466
72.6792, 529.009442808
72.7407, 529.009445518
72.8007, 529.009443146
72.8622, 529.009440158
72.9252, 529.009442082
72.9852, 529.009436770
73.0467, 529.009439601
73.1067, 529.009436764
73.1682, 529.009436615
73.2313, 529.009435790
73.2959, 529.009434349
73.3621, 529.009432704
73.43, 529.009428520
73.4996, 529.009427661
73.5709, 529.009429794
73.6309, 529.009427043
73.6924, 529.009430536
73.7524, 529.009428408
73.8139, 529.009424058
73.8769, 529.009420008
73.9416, 529.009425124
74.0016, 529.009417837
74.0631, 529.009418877
74.1231, 529.009421943
74.1831, 529.009419645
74.2446, 529.009420595
74.3046, 529.009415976
74.3661, 529.009417043
74.4261, 529.009414940
74.4876, 529.009414100
74.5506, 529.009411635
74.6152, 529.009411101
74.6814, 529.009410058
74.7493, 529.009406722
74.8189, 529.009408227
74.8789, 529.009404975
74.9404, 529.009402587
75.0034, 529.009401038
75.0681, 529.009403181
75.1281, 529.009402163
75.1896, 529.009402585
75.2496, 529.009398960
75.3111, 529.009397545
75.3741, 529.009397260
75.4387, 529.009394441
75.5049, 529.009392497
75.5728, 529.009391435
75.6424, 529.009389805
75.7137, 529.009391162
75.7737, 529.009390906
75.8352, 529.009390363
75.8983, 529.009387993
75.9629, 529.009387194
76.0291, 529.009386340
76.097, 529.009384099
76.1666, 529.009383187
76.2379, 529.009382577
76.311, 529.009379169
76.3859, 529.009379957
76.4459, 529.009378611
76.5074, 529.009378666
76.5674, 529.009378359
76.6289, 529.009373216
76.692, 529.009371993
76.7566, 529.009372481
76.8166, 529.009371745
76.8781, 529.009371357
76.9411, 529.009371354
77.0057, 529.009367851
77.072, 529.009365534
77.1398, 529.009362160
77.2094, 529.009366950
77.2694, 529.009364356
77.3309, 529.009363721
77.394, 529.009363218
77.4586, 529.009360174
77.5248, 529.009361747
77.5848, 529.009358756
77.6463, 529.009357025
77.7093, 529.009354026
77.774, 529.009352481
77.8402, 529.009354149
77.9002, 529.009354167
77.9602, 529.009351412
78.0217, 529.009349180
78.0847, 529.009349010
78.1493, 529.009346246
78.2156, 529.009341243
78.2835, 529.009343909
78.3435, 529.009346901
78.4035, 529.009344567
78.465, 529.009339912
78.528, 529.009342272
78.588, 529.009337596
78.6495, 529.009340992
78.7095, 529.009336351
78.771, 529.009336482
78.831, 529.009333511
78.8925, 529.009334578
78.9525, 529.009333197
79.014, 529.009336055
79.074, 529.009330908
79.1355, 529.009330400
79.1985, 529.009330050
79.2631, 529.009329653
79.3294, 529.009327369
79.3973, 529.009329381
79.4573, 529.009327728
79.5188, 529.009325701
79.5818, 529.009322147
79.6464, 529.009323932
79.7064, 529.009318691
79.7679, 529.009321409
79.8279, 529.009321862
79.8879, 529.009318520
79.9494, 529.009317453
80.0124, 529.009316990
80.0771, 529.009318064
80.1371, 529.009314096
80.1986, 529.009311509
80.2616, 529.009311587
80.3216, 529.009310111
80.3831, 529.009312921
80.4431, 529.009307385
80.5046, 529.009307376
80.5676, 529.009306111
80.6322, 529.009305583
80.6985, 529.009304652
80.7664, 529.009300231
80.8359, 529.009302496
80.8959, 529.009298495
80.9574, 529.009300731
81.0174, 529.009298518
81.0789, 529.009297429
81.142, 529.009295951
81.2066, 529.009292887
81.2728, 529.009293696
81.3328, 529.009292070
81.3943, 529.009291510
81.4574, 529.009288420
81.522, 529.009291044
81.582, 529.009289906
81.6435, 529.009288025
81.7065, 529.009285920
81.7711, 529.009284870
81.8373, 529.009282838
81.9052, 529.009282270
81.9748, 529.009282648
82.0348, 529.009282099
82.0963, 529.009279185
82.1594, 529.009278024
82.224, 529.009275463
82.2902, 529.009277361
82.3502, 529.009271100
82.4117, 529.009273563
82.4717, 529.009270148
82.5332, 529.009271647
82.5932, 529.009271309
82.6547, 529.009267308
82.7177, 529.009265745
82.7823, 529.009266117
82.8423, 529.009264127
82.9038, 529.009261846
82.9669, 529.009260969
83.0315, 529.009259889
83.0977, 529.009264380
83.1577, 529.009256081
83.2192, 529.009256260
83.2792, 529.009256726
83.3392, 529.009254518
83.4007, 529.009256120
83.4607, 529.009253308
83.5222, 529.009253361
83.5822, 529.009250588
83.6437, 529.009250578
83.7068, 529.009250406
83.7714, 529.009248461
83.8376, 529.009247458
83.9055, 529.009245870
83.9751, 529.009242330
84.0464, 529.009243499
84.1064, 529.009242493
84.1679, 529.009243010
84.2279, 529.009239592
84.2894, 529.009240612
84.3494, 529.009240126
84.4109, 529.009240256
84.4709, 529.009236757
84.5324, 529.009237299
84.5924, 529.009235654
84.6539, 529.009235957
84.7139, 529.009231245
84.7754, 529.009233353
84.8354, 529.009230194
84.8969, 529.009230779
84.9569, 529.009229592
85.0184, 529.009229816
85.0784, 529.009225964
85.1399, 529.009225760
85.2029, 529.009225073
85.2675, 529.009222004
85.3338, 529.009224419
85.3938, 529.009222664
85.4553, 529.009218065
85.5183, 529.009218521
85.5783, 529.009217016
85.6398, 529.009214057
85.7028, 529.009214478
85.7628, 529.009213762
85.8243, 529.009212738
85.8874, 529.009217739
85.9474, 529.009210554
86.0089, 529.009206869
86.0719, 529.009209685
86.1319, 529.009207374
86.1934, 529.009209801
86.2534, 529.009205249
86.3149, 529.009204386
86.378, 529.009204025
86.4426, 529.009203876
86.5088, 529.009203911
86.5688, 529.009200572
86.6303, 529.009200121
86.6933, 529.009197843
86.758, 529.009197500
86.8242, 529.009195137
86.8921, 529.009197719
86.9521, 529.009192924
87.0136, 529.009190696
87.0766, 529.009194272
87.1366, 529.009191478
87.1981, 529.009187178
87.2611, 529.009185922
87.3258, 529.009187995
87.3858, 529.009187189
87.4473, 529.009184541
87.5103, 529.009185766
87.5703, 529.009184067
87.6318, 529.009183947
87.6948, 529.009179375
87.7594, 529.009179387
87.8194, 529.009177779
87.8809, 529.009176178
87.944, 529.009175642
88.0086, 529.009174724
88.0748, 529.009174307
88.1427, 529.009170080
88.2123, 529.009170976
88.2723, 529.009170803
88.3338, 529.009169017
88.3968, 529.009168231
88.4614, 529.009165536
88.5277, 529.009167546
88.5877, 529.009160856
88.6492, 529.009163158
88.7092, 529.009159611
88.7707, 529.009161993
88.8307, 529.009160078
88.8922, 529.009158342
88.9552, 529.009161375
89.0152, 529.009155093
89.0767, 529.009155168
89.1367, 529.009154465
89.1982, 529.009156317
89.2582, 529.009154193
89.3197, 529.009148982
89.3827, 529.009152069
89.4427, 529.009148764
89.5042, 529.009147589
89.5673, 529.009150344
89.6273, 529.009150657
89.6873, 529.009144041
89.7488, 529.009147561
89.8088, 529.009143174
89.8703, 529.009144174
89.9303, 529.009142664
89.9918, 529.009142161
90.0548, 529.009135548
90.1194, 529.009140711
90.1794, 529.009134912
90.2409, 529.009133878
90.304, 529.009135902
90.364, 529.009131431
90.4255, 529.009132745
90.4855, 529.009127880
90.547, 529.009130562
90.607, 529.009130720
90.667, 529.009126572
90.7285, 529.009124689
90.7915, 529.009128424
90.8515, 529.009124214
90.913, 529.009125759
90.973, 529.009123987
91.0345, 529.009123934
91.0975, 529.009123605
91.1622, 529.009121447
91.2284, 529.009118372
91.2963, 529.009117229
91.3659, 529.009115509
91.4372, 529.009115442
91.5103, 529.009117786
91.5703, 529.009110853
91.6318, 529.009113806
91.6918, 529.009108616
91.7533, 529.009108364
91.8163, 529.009107977
91.8809, 529.009105430
91.9472, 529.009104594
92.015, 529.009106219
92.075, 529.009104405
92.1365, 529.009105007
92.1965, 529.009100444
92.258, 529.009099891
92.3211, 529.009100374
92.3811, 529.009096526
92.4426, 529.009099277
92.5026, 529.009100599
92.5626, 529.009095813
92.6241, 529.009097518
92.6841, 529.009090148
92.7456, 529.009090652
92.8056, 529.009092522
92.8656, 529.009090600
92.9271, 529.009090112
92.9901, 529.009089301
93.0547, 529.009086965
93.121, 529.009088166
93.181, 529.009082570
93.2425, 529.009082840
93.3025, 529.009082691
93.364, 529.009080394
93.427, 529.009081412
93.487, 529.009075536
93.5485, 529.009077570
93.6085, 529.009080379
93.6685, 529.009075908
93.73, 529.009075887
93.793, 529.009073529
93.8576, 529.009069954
93.9239, 529.009069074
93.9918, 529.009069245
94.0518, 529.009069226
94.1133, 529.009066288
94.1763, 529.009068350
94.2363, 529.009064679
94.2978, 529.009062446
94.3608, 529.009063731
94.4208, 529.009061070
94.4823, 529.009062557
94.5423, 529.009060227
94.6038, 529.009061548
94.6638, 529.009054950
94.7253, 529.009059922
94.7853, 529.009057015
94.8468, 529.009057690
94.9068, 529.009054132
94.9683, 529.009056617
95.0283, 529.009052103
95.0898, 529.009053350
95.1498, 529.009050605
95.2113, 529.009049560
95.2744, 529.009048306
95.339, 529.009048454
95.399, 529.009044155
95.4605, 529.009043454
95.5235, 529.009044793
95.5835, 529.009038216
95.645, 529.009044570
95.705, 529.009040770
95.7665, 529.009040929
95.8265, 529.009035640
95.888, 529.009039794
95.948, 529.009033891
96.0095, 529.009035378
96.0695, 529.009034095
96.131, 529.009030455
96.1941, 529.009034733
96.2541, 529.009032273
96.3156, 529.009031033
96.3786, 529.009029842
96.4432, 529.009029570
96.5094, 529.009030779
96.5694, 529.009026998
96.6309, 529.009024469
96.694, 529.009022482
96.7586, 529.009021910
96.8248, 529.009021684
96.8927, 529.009020048
96.9623, 529.009020056
97.0223, 529.009013986
97.0838, 529.009015062
97.1438, 529.009012828
97.2053, 529.009018843
97.2653, 529.009013046
97.3268, 529.009010914
97.3898, 529.009013424
97.4498, 529.009008363
97.5113, 529.009008288
97.5744, 529.009007696
97.639, 529.009006404
97.7052, 529.009003372
97.7731, 529.009004039
97.8331, 529.009002302
97.8946, 529.009001479
97.9576, 529.009003628
98.0176, 529.009000900
98.0791, 529.009003645
98.1391, 529.008996523
98.2006, 529.008998089
98.2606, 529.008994293
98.3221, 529.008996389
98.3821, 529.008994201
98.4436, 529.008993498
98.5067, 529.008992977
98.5713, 529.008991438
98.6375, 529.008985387
98.7054, 529.008991112
98.7654, 529.008985296
98.8269, 529.008988410
98.8869, 529.008979945
98.9484, 529.008984300
99.0084, 529.008980151
99.0699, 529.008983287
99.1299, 529.008979648
99.1914, 529.008978983
99.2544, 529.008980812
99.3144, 529.008976484
99.3759, 529.008977452
99.4359, 529.008973762
99.4974, 529.008975043
99.5574, 529.008973321
99.6189, 529.008974536
99.6789, 529.008973882
99.7404, 529.008969879
99.8035, 529.008968519
99.8681, 529.008969102
99.9281, 529.008964699
99.9896, 529.008967053
100.05, 529.008961602
100.111, 529.008962818
100.171, 529.008962731
100.233, 529.008961377
100.296, 529.008961063
100.36, 529.008956562
100.426, 529.008955333
100.494, 529.008956151
100.554, 529.008958071
100.614, 529.008954429
100.676, 529.008952728
100.739, 529.008950166
100.803, 529.008949545
100.87, 529.008943904
100.938, 529.008948346
100.998, 529.008946992
101.059, 529.008948548
101.119, 529.008942719
101.181, 529.008945293
101.241, 529.008942042
101.302, 529.008945422
101.362, 529.008939488
101.424, 529.008942319
101.484, 529.008939177
101.545, 529.008944364
101.605, 529.008936011
101.667, 529.008932822
101.73, 529.008934419
101.79, 529.008935344
101.85, 529.008933494
101.911, 529.008933267
101.974, 529.008931194
102.039, 529.008932515
102.099, 529.008929048
102.16, 529.008924930
102.223, 529.008928178
102.283, 529.008926108
102.345, 529.008921014
102.408, 529.008925936
102.468, 529.008920388
102.529, 529.008919362
102.592, 529.008920126
102.652, 529.008916190
102.714, 529.008918155
102.774, 529.008918205
102.834, 529.008915633
102.895, 529.008914121
102.958, 529.008912530
103.023, 529.008914936
103.083, 529.008910358
103.145, 529.008910170
103.208, 529.008908284
103.272, 529.008905492
103.338, 529.008907413
103.398, 529.008905025
103.46, 529.008906369
103.52, 529.008905916
103.581, 529.008902080
103.644, 529.008897914
103.709, 529.008897924
103.769, 529.008899564
103.829, 529.008897707
103.891, 529.008899522
103.951, 529.008896384
104.012, 529.008899375
104.072, 529.008893947
104.134, 529.008897122
104.194, 529.008892922
104.255, 529.008892306
104.318, 529.008888237
104.383, 529.008888703
104.443, 529.008885996
104.504, 529.008892103
104.564, 529.008886865
104.626, 529.008882921
104.689, 529.008884055
104.749, 529.008884159
104.809, 529.008882386
104.87, 529.008884423
104.93, 529.008877631
104.992, 529.008878929
105.052, 529.008874510
105.113, 529.008877597
105.173, 529.008875355
105.235, 529.008875701
105.295, 529.008875026
105.356, 529.008876598
105.416, 529.008869233
105.478, 529.008869192
105.541, 529.008868335
105.605, 529.008868210
105.672, 529.008866877
105.74, 529.008865103
105.809, 529.008865966
105.869, 529.008862020
105.931, 529.008861031
105.994, 529.008858992
106.058, 529.008860450
106.118, 529.008857327
106.18, 529.008857070
106.243, 529.008853457
106.307, 529.008856906
106.367, 529.008853883
106.429, 529.008855183
106.489, 529.008851369
106.55, 529.008849613
106.613, 529.008851052
106.673, 529.008850204
106.735, 529.008845038
106.798, 529.008843808
106.863, 529.008845856
106.923, 529.008844482
106.984, 529.008844695
107.044, 529.008840071
107.106, 529.008843507
107.166, 529.008839487
107.227, 529.008839059
107.29, 529.008839052
107.355, 529.008839391
107.415, 529.008835556
107.476, 529.008835776
107.536, 529.008834829
107.598, 529.008834233
107.661, 529.008828280
107.725, 529.008834234
107.785, 529.008827676
107.847, 529.008830050
107.907, 529.008827149
107.968, 529.008825575
108.031, 529.008826529
108.091, 529.008824085
108.153, 529.008825951
108.213, 529.008823218
108.274, 529.008824890
108.334, 529.008819826
108.396, 529.008818333
108.459, 529.008820742
108.519, 529.008815345
108.58, 529.008815404
108.64, 529.008816078
108.7, 529.008814207
108.762, 529.008808867
108.825, 529.008811984
108.885, 529.008810821
108.947, 529.008808730
109.01, 529.008807480
109.074, 529.008810390
109.134, 529.008805180
109.196, 529.008805652
109.256, 529.008804799
109.317, 529.008805815
109.377, 529.008802046
109.439, 529.008803840
109.499, 529.008801082
109.56, 529.008797904
109.623, 529.008799922
109.683, 529.008797575
109.745, 529.008796541
109.808, 529.008795287
109.872, 529.008795916
109.932, 529.008790058
109.994, 529.008791050
110.054, 529.008788503
110.115, 529.008785581
110.178, 529.008787510
110.238, 529.008785897
110.3, 529.008787340
110.36, 529.008788685
110.42, 529.008783206
110.481, 529.008782981
110.544, 529.008780573
110.609, 529.008781664
110.669, 529.008780460
110.731, 529.008778924
110.794, 529.008777868
110.858, 529.008777460
110.924, 529.008773058
110.992, 529.008774347
111.052, 529.008774689
111.112, 529.008772422
111.174, 529.008771602
111.237, 529.008771851
111.297, 529.008770410
111.358, 529.008766993
111.421, 529.008768037
111.481, 529.008764426
111.543, 529.008767022
111.603, 529.008763566
111.664, 529.008766343
111.724, 529.008760036
111.786, 529.008760763
111.846, 529.008757275
111.907, 529.008760643
111.967, 529.008755768
112.029, 529.008756984
112.089, 529.008754547
112.15, 529.008753737
112.213, 529.008748590
112.278, 529.008753927
112.338, 529.008750119
112.4, 529.008751911
112.46, 529.008749106
112.521, 529.008749620
112.581, 529.008746842
112.643, 529.008745013
112.706, 529.008744250
112.77, 529.008743434
112.836, 529.008743472
112.896, 529.008739683
112.958, 529.008741305
113.018, 529.008737031
113.079, 529.008738675
113.139, 529.008733393
113.201, 529.008732986
113.264, 529.008738123
113.324, 529.008731056
113.385, 529.008732922
113.445, 529.008732786
113.507, 529.008734341
113.567, 529.008728144
113.628, 529.008730170
113.688, 529.008728581
113.75, 529.008726008
113.813, 529.008726311
113.873, 529.008723130
113.935, 529.008720244
113.998, 529.008723112
114.058, 529.008717596
114.119, 529.008720516
114.179, 529.008717909
114.241, 529.008718299
114.301, 529.008714841
114.362, 529.008717572
114.422, 529.008713853
114.484, 529.008715553
114.544, 529.008709806
114.605, 529.008713020
114.665, 529.008713721
114.725, 529.008711594
114.787, 529.008709957
114.85, 529.008707671
114.914, 529.008707201
114.98, 529.008702930
115.048, 529.008701423
115.118, 529.008702672
115.178, 529.008697751
115.239, 529.008700755
115.299, 529.008700291
115.361, 529.008698968
115.424, 529.008697120
115.489, 529.008697599
115.549, 529.008695472
115.61, 529.008695730
115.67, 529.008693617
115.732, 529.008695180
115.792, 529.008690850
115.853, 529.008689871
115.916, 529.008692160
115.976, 529.008688867
116.038, 529.008687389
116.101, 529.008683820
116.165, 529.008683568
116.231, 529.008684543
116.291, 529.008680460
116.353, 529.008681580
116.413, 529.008678421
116.474, 529.008679505
116.534, 529.008677091
116.596, 529.008678239
116.656, 529.008673912
116.717, 529.008676922
116.777, 529.008672045
116.839, 529.008673520
116.899, 529.008671939
116.96, 529.008671409
117.023, 529.008667124
117.088, 529.008672956
117.148, 529.008663513
117.21, 529.008666365
117.27, 529.008666594
117.33, 529.008661317
117.391, 529.008665541
117.451, 529.008664211
117.513, 529.008667326
117.573, 529.008657531
117.634, 529.008659737
117.694, 529.008659680
117.756, 529.008656009
117.819, 529.008653733
117.883, 529.008653646
117.949, 529.008653504
118.017, 529.008652133
118.087, 529.008651192
118.158, 529.008649928
118.231, 529.008647579
118.306, 529.008644639
118.383, 529.008645389
118.443, 529.008643942
118.505, 529.008640807
118.568, 529.008645317
118.628, 529.008642166
118.689, 529.008640840
118.752, 529.008640003
118.817, 529.008635850
118.883, 529.008636888
118.943, 529.008634893
119.005, 529.008633287
119.068, 529.008632639
119.132, 529.008632556
119.198, 529.008634934
119.258, 529.008629999
119.32, 529.008629612
119.383, 529.008630805
119.443, 529.008628927
119.504, 529.008626981
119.567, 529.008625170
119.632, 529.008624938
119.698, 529.008624820
119.766, 529.008621300
119.836, 529.008622998
119.896, 529.008620762
119.957, 529.008620928
120.017, 529.008619734
120.079, 529.008620447
120.139, 529.008617807
120.2, 529.008621407
120.26, 529.008615296
120.322, 529.008612052
120.385, 529.008613739
120.445, 529.008608934
120.506, 529.008609135
120.566, 529.008607254
120.628, 529.008606942
120.691, 529.008605514
120.755, 529.008607706
120.815, 529.008602473
120.877, 529.008603731
120.937, 529.008601021
120.998, 529.008600232
121.062, 529.008600646
121.122, 529.008601360
121.182, 529.008596220
121.243, 529.008601002
121.303, 529.008598499
121.365, 529.008591669
121.428, 529.008594662
121.488, 529.008590113
121.549, 529.008591051
121.609, 529.008590726
121.671, 529.008590022
121.734, 529.008587739
121.798, 529.008589903
121.858, 529.008588125
121.92, 529.008585548
121.983, 529.008584774
122.047, 529.008579627
122.114, 529.008583742
122.174, 529.008577811
122.235, 529.008582068
122.295, 529.008578250
122.357, 529.008577368
122.42, 529.008574159
122.484, 529.008572443
122.55, 529.008573296
122.61, 529.008571290
122.672, 529.008569401
122.735, 529.008569046
122.8, 529.008569146
122.86, 529.008567473
122.921, 529.008564975
122.984, 529.008569403
123.044, 529.008563562
123.106, 529.008563474
123.169, 529.008561133
123.233, 529.008566092
123.293, 529.008556042
123.355, 529.008563352
123.415, 529.008560712
123.476, 529.008559515
123.539, 529.008556640
123.604, 529.008559175
123.664, 529.008552296
123.725, 529.008554836
123.785, 529.008552536
123.847, 529.008553184
123.907, 529.008550769
123.968, 529.008552311
124.028, 529.008546677
124.09, 529.008548018
124.15, 529.008549241
124.21, 529.008546580
124.271, 529.008549017
124.331, 529.008545071
124.393, 529.008542953
124.456, 529.008543675
124.516, 529.008539103
124.577, 529.008539982
124.637, 529.008539238
124.699, 529.008539018
124.762, 529.008534889
124.827, 529.008537023
124.887, 529.008534282
124.948, 529.008533804
125.011, 529.008532399
125.076, 529.008529751
125.142, 529.008528414
125.21, 529.008527088
125.279, 529.008526852
125.351, 529.008528020
125.411, 529.008521911
125.472, 529.008523608
125.532, 529.008518104
125.594, 529.008520231
125.654, 529.008519309
125.715, 529.008518708
125.778, 529.008516718
125.843, 529.008518990
125.903, 529.008515667
125.964, 529.008516414
126.024, 529.008514598
126.086, 529.008515424
126.146, 529.008515489
126.206, 529.008514125
126.267, 529.008507781
126.33, 529.008508303
126.39, 529.008508969
126.45, 529.008504899
126.512, 529.008506462
126.572, 529.008503486
126.633, 529.008500746
126.697, 529.008505384
126.757, 529.008502948
126.818, 529.008502215
126.881, 529.008496306
126.946, 529.008502692
127.006, 529.008498843
127.067, 529.008497649
127.13, 529.008497302
127.195, 529.008495441
127.261, 529.008492833
127.329, 529.008490985
127.399, 529.008490188
127.47, 529.008488998
127.543, 529.008487459
127.618, 529.008485253
127.695, 529.008486557
127.755, 529.008482328
127.816, 529.008482166
127.879, 529.008480144
127.944, 529.008481586
128.004, 529.008482027
128.064, 529.008477094
128.125, 529.008477307
128.185, 529.008474965
128.247, 529.008475402
128.307, 529.008472067
128.368, 529.008473714
128.428, 529.008472082
128.49, 529.008469082
128.553, 529.008469802
128.613, 529.008468230
128.674, 529.008465576
128.737, 529.008464922
128.802, 529.008468101
128.862, 529.008462648
128.924, 529.008461467
128.987, 529.008463789
129.047, 529.008461491
129.108, 529.008457235
129.171, 529.008459079
129.231, 529.008458846
129.293, 529.008456836
129.356, 529.008455767
129.42, 529.008457430
129.48, 529.008453359
129.542, 529.008455523
129.602, 529.008453141
129.663, 529.008451962
129.726, 529.008451566
129.791, 529.008449486
129.857, 529.008452673
129.917, 529.008446553
129.979, 529.008447782
130.039, 529.008447785
130.099, 529.008445504
130.16, 529.008443087
130.223, 529.008443121
130.283, 529.008442093
130.345, 529.008440509
130.408, 529.008438669
130.472, 529.008437071
130.539, 529.008439971
130.599, 529.008435357
130.66, 529.008433562
130.723, 529.008432445
130.788, 529.008432360
130.854, 529.008433195
130.914, 529.008425447
130.975, 529.008430605
131.035, 529.008428514
131.097, 529.008427326
131.16, 529.008422702
131.225, 529.008425819
131.285, 529.008423382
131.346, 529.008423599
131.406, 529.008416953
131.468, 529.008417809
131.528, 529.008421120
131.588, 529.008417866
131.649, 529.008419571
131.709, 529.008416867
131.771, 529.008414289
131.834, 529.008411749
131.898, 529.008412980
131.958, 529.008411428
132.02, 529.008411045
132.083, 529.008409833
132.147, 529.008409387
132.214, 529.008408433
132.282, 529.008406310
132.351, 529.008408600
132.411, 529.008403493
132.473, 529.008402436
132.536, 529.008406180
132.596, 529.008401057
132.657, 529.008401793
132.717, 529.008400065
132.779, 529.008394772
132.842, 529.008397180
132.902, 529.008393933
132.963, 529.008394980
133.023, 529.008390789
133.085, 529.008390390
133.148, 529.008392285
133.208, 529.008387308
133.269, 529.008390780
133.329, 529.008387526
133.391, 529.008388717
133.451, 529.008387032
133.512, 529.008387405
133.572, 529.008385211
133.634, 529.008379151
133.697, 529.008381484
133.757, 529.008377849
133.818, 529.008378966
133.878, 529.008376248
133.94, 529.008377161
134, 529.008377636
134.06, 529.008376528
134.121, 529.008375819
134.184, 529.008375158
134.249, 529.008375236
134.309, 529.008370714
134.37, 529.008372354
134.43, 529.008369152
134.492, 529.008365813
134.555, 529.008366800
134.615, 529.008368938
134.675, 529.008365359
134.736, 529.008363411
134.799, 529.008367013
134.859, 529.008364072
134.921, 529.008359571
134.984, 529.008357515
135.049, 529.008359212
135.109, 529.008357573
135.17, 529.008357597
135.23, 529.008355816
135.292, 529.008356943
135.352, 529.008351881
135.413, 529.008352467
135.473, 529.008349088
135.535, 529.008350705
135.595, 529.008350810
135.655, 529.008349516
135.716, 529.008346639
135.779, 529.008346643
135.839, 529.008344062
135.901, 529.008348790
135.961, 529.008344281
136.022, 529.008342473
136.085, 529.008341920
136.15, 529.008339795
136.216, 529.008337513
136.284, 529.008339882
136.344, 529.008341182
136.404, 529.008340548
136.465, 529.008336431
136.528, 529.008336617
136.588, 529.008331697
136.65, 529.008330970
136.713, 529.008335231
136.773, 529.008330061
136.834, 529.008332531
136.894, 529.008329022
136.956, 529.008326736
137.019, 529.008328623
137.079, 529.008321992
137.141, 529.008321775
137.204, 529.008320685
137.268, 529.008320288
137.334, 529.008318539
137.402, 529.008317932
137.472, 529.008318525
137.532, 529.008315018
137.593, 529.008314171
137.656, 529.008313972
137.721, 529.008314339
137.781, 529.008312435
137.843, 529.008310270
137.906, 529.008313181
137.966, 529.008303942
138.027, 529.008309141
138.087, 529.008304359
138.149, 529.008307387
138.209, 529.008302491
138.27, 529.008302599
138.33, 529.008301941
138.392, 529.008300308
138.455, 529.008299197
138.519, 529.008299037
138.585, 529.008301410
138.645, 529.008294114
138.707, 529.008296335
138.767, 529.008296929
138.827, 529.008293832
138.888, 529.008292229
138.951, 529.008293704
139.011, 529.008288494
139.073, 529.008291120
139.133, 529.008288379
139.194, 529.008287574
139.258, 529.008286253
139.322, 529.008287300
139.382, 529.008283149
139.444, 529.008283972
139.504, 529.008281849
139.565, 529.008280687
139.628, 529.008282768
139.688, 529.008281268
139.75, 529.008281542
139.81, 529.008279026
139.871, 529.008276608
139.934, 529.008275347
139.999, 529.008278919
140.059, 529.008273915
140.12, 529.008271411
140.183, 529.008268083
140.248, 529.008270722
140.308, 529.008268492
140.369, 529.008271628
140.429, 529.008265731
140.491, 529.008267796
140.551, 529.008264686
140.612, 529.008262796
140.676, 529.008265778
140.736, 529.008259595
140.797, 529.008261969
140.857, 529.008262791
140.917, 529.008257621
140.979, 529.008257144
141.042, 529.008252014
141.106, 529.008255142
141.166, 529.008253771
141.228, 529.008251781
141.291, 529.008253883
141.351, 529.008248665
141.412, 529.008247602
141.475, 529.008250401
141.535, 529.008249185
141.597, 529.008247068
141.66, 529.008244917
141.724, 529.008246058
141.784, 529.008242740
141.846, 529.008239447
141.909, 529.008242697
141.969, 529.008238500
142.03, 529.008238880
142.09, 529.008243920
142.15, 529.008237769
142.212, 529.008238462
142.272, 529.008237835
142.333, 529.008236775
142.396, 529.008230137
142.461, 529.008237504
142.521, 529.008229910
142.583, 529.008231087
142.643, 529.008229018
142.704, 529.008227581
142.767, 529.008229111
142.827, 529.008226216
142.889, 529.008224164
142.952, 529.008225139
143.012, 529.008217746
143.073, 529.008221772
143.133, 529.008219379
143.195, 529.008219559
143.255, 529.008215246
143.316, 529.008214543
143.379, 529.008216533
143.439, 529.008215503
143.501, 529.008217694
143.561, 529.008213299
143.622, 529.008215053
143.682, 529.008212473
143.744, 529.008210898
143.807, 529.008206949
143.871, 529.008211956
143.931, 529.008204888
143.993, 529.008204124
144.056, 529.008204752
144.116, 529.008202111
144.177, 529.008204353
144.237, 529.008200528
144.299, 529.008200899
144.359, 529.008197347
144.42, 529.008201191
144.48, 529.008197205
144.542, 529.008199041
144.602, 529.008197140
144.663, 529.008197091
144.726, 529.008196357
144.791, 529.008192003
144.857, 529.008195640
144.917, 529.008192082
144.979, 529.008188828
145.042, 529.008185940
145.106, 529.008189592
145.166, 529.008182997
145.228, 529.008186806
145.288, 529.008183403
145.349, 529.008180086
145.412, 529.008182750
145.472, 529.008178865
145.534, 529.008179412
145.594, 529.008177936
145.655, 529.008180455
145.715, 529.008174054
145.777, 529.008173711
145.84, 529.008177152
145.9, 529.008172698
145.961, 529.008173306
146.021, 529.008174234
146.081, 529.008169786
146.143, 529.008168920
146.206, 529.008168075
146.271, 529.008167448
146.337, 529.008166175
146.405, 529.008167829
146.465, 529.008161111
146.526, 529.008165182
146.586, 529.008163102
146.648, 529.008160514
146.711, 529.008161273
146.771, 529.008160925
146.832, 529.008152460
146.895, 529.008156550
146.955, 529.008154015
147.017, 529.008153303
147.08, 529.008155010
147.14, 529.008154650
147.201, 529.008153519
147.264, 529.008152147
147.329, 529.008153178
147.389, 529.008150560
147.451, 529.008146222
147.514, 529.008149236
147.574, 529.008144766
147.635, 529.008146322
147.695, 529.008141894
147.757, 529.008143403
147.817, 529.008143461
147.877, 529.008138354
147.938, 529.008136617
148.001, 529.008139013
148.061, 529.008132316
148.123, 529.008133688
148.183, 529.008135484
148.243, 529.008134927
148.304, 529.008131351
148.367, 529.008135669
148.427, 529.008132579
148.489, 529.008131603
148.552, 529.008130398
148.616, 529.008129088
148.682, 529.008124651
148.75, 529.008124551
148.82, 529.008118755
148.891, 529.008123619
148.951, 529.008122220
149.013, 529.008120287
149.076, 529.008120347
149.136, 529.008116830
149.197, 529.008118216
149.257, 529.008116617
149.319, 529.008116041
149.382, 529.008112165
149.446, 529.008110263
149.513, 529.008108814
149.581, 529.008108428
149.65, 529.008109019
149.71, 529.008106378
149.772, 529.008108167
149.832, 529.008107597
149.893, 529.008104589
149.956, 529.008104773
150.016, 529.008102914
150.078, 529.008105193
150.138, 529.008100603
150.199, 529.008102033
150.259, 529.008098447
150.321, 529.008095853
150.384, 529.008097370
150.444, 529.008092822
150.505, 529.008094415
150.565, 529.008093958
150.627, 529.008093028
150.69, 529.008092934
150.754, 529.008094840
150.814, 529.008089755
150.876, 529.008086902
150.939, 529.008086249
151.004, 529.008086413
151.064, 529.008082934
151.125, 529.008082788
151.188, 529.008080209
151.253, 529.008080097
151.319, 529.008082440
151.379, 529.008080130
151.44, 529.008077789
151.503, 529.008077556
151.568, 529.008078213
151.628, 529.008074156
151.69, 529.008072745
151.753, 529.008074629
151.813, 529.008070182
151.874, 529.008070610
151.934, 529.008072607
151.994, 529.008069714
152.056, 529.008068060
152.119, 529.008065904
152.183, 529.008067613
152.243, 529.008067107
152.305, 529.008063259
152.368, 529.008065645
152.428, 529.008064619
152.489, 529.008062887
152.552, 529.008063398
152.612, 529.008058977
152.674, 529.008056356
152.737, 529.008059232
152.797, 529.008056095
152.858, 529.008054898
152.921, 529.008053675
152.986, 529.008054306
153.046, 529.008051448
153.108, 529.008051292
153.171, 529.008049138
153.235, 529.008048222
153.301, 529.008047800
153.369, 529.008045908
153.439, 529.008044419
153.51, 529.008044671
153.57, 529.008043879
153.632, 529.008043869
153.695, 529.008042783
153.759, 529.008040717
153.826, 529.008037480
153.893, 529.008040456
153.953, 529.008036222
154.015, 529.008036959
154.075, 529.008033893
154.136, 529.008030832
154.199, 529.008035732
154.259, 529.008032801
154.321, 529.008031448
154.384, 529.008029351
154.449, 529.008031918
154.509, 529.008023917
154.57, 529.008026314
154.63, 529.008021718
154.692, 529.008021379
154.755, 529.008026353
154.815, 529.008021717
154.876, 529.008017923
154.939, 529.008017127
155.004, 529.008017294
155.064, 529.008019476
155.124, 529.008015574
155.185, 529.008013721
155.248, 529.008011813
155.313, 529.008016219
155.373, 529.008011672
155.434, 529.008009628
155.498, 529.008011542
155.558, 529.008011016
155.619, 529.008003758
155.682, 529.008007157
155.742, 529.008003327
155.804, 529.008003818
155.864, 529.008008277
155.924, 529.008002615
155.985, 529.008000642
156.048, 529.008001398
156.108, 529.007998430
156.17, 529.007996889
156.233, 529.007998304
156.293, 529.007997399
156.354, 529.007995229
156.417, 529.007992971
156.482, 529.007995627
156.542, 529.007992145
156.603, 529.007991714
156.666, 529.007987823
156.731, 529.007988772
156.791, 529.007987607
156.852, 529.007987758
156.912, 529.007986088
156.974, 529.007981327
157.037, 529.007984992
157.097, 529.007980508
157.158, 529.007980251
157.222, 529.007986466
157.282, 529.007979443
157.343, 529.007979818
157.403, 529.007976740
157.465, 529.007975465
157.528, 529.007975512
157.588, 529.007974863
157.649, 529.007972589
157.712, 529.007972343
157.777, 529.007971315
157.843, 529.007972639
157.903, 529.007967595
157.964, 529.007969996
158.024, 529.007969413
158.086, 529.007969634
158.146, 529.007960522
158.207, 529.007964532
158.267, 529.007962117
158.329, 529.007963809
158.389, 529.007960449
158.45, 529.007961488
158.51, 529.007955741
158.572, 529.007958638
158.632, 529.007956616
158.693, 529.007956627
158.753, 529.007949711
158.815, 529.007954470
158.875, 529.007956576
158.935, 529.007952865
158.996, 529.007951951
159.059, 529.007949677
159.124, 529.007947448
159.19, 529.007945670
159.258, 529.007947481
159.318, 529.007943339
159.38, 529.007941240
159.443, 529.007944108
159.503, 529.007940769
159.564, 529.007938834
159.627, 529.007939080
159.687, 529.007940546
159.747, 529.007936773
159.809, 529.007932847
159.872, 529.007933291
159.932, 529.007935171
159.992, 529.007932265
160.053, 529.007933859
160.113, 529.007928821
160.175, 529.007932106
160.235, 529.007930123
160.296, 529.007931242
160.356, 529.007926513
160.418, 529.007928553
160.478, 529.007923569
160.539, 529.007927580
160.599, 529.007921848
160.661, 529.007924897
160.721, 529.007925387
160.781, 529.007920856
160.842, 529.007919152
160.905, 529.007916833
160.97, 529.007920226
161.03, 529.007915910
161.091, 529.007918839
161.151, 529.007909526
161.213, 529.007910842
161.273, 529.007909971
161.334, 529.007908664
161.397, 529.007912814
161.457, 529.007907094
161.519, 529.007905320
161.582, 529.007908771
161.642, 529.007904485
161.704, 529.007904243
161.767, 529.007904715
161.827, 529.007905787
161.887, 529.007902040
161.948, 529.007900313
162.011, 529.007897383
162.076, 529.007898741
162.136, 529.007899056
162.196, 529.007898969
162.257, 529.007892380
162.32, 529.007895045
162.38, 529.007890193
162.442, 529.007891978
162.502, 529.007889641
162.563, 529.007885717
162.626, 529.007890216
162.686, 529.007888037
162.748, 529.007887078
162.811, 529.007885268
162.875, 529.007882589
162.942, 529.007880184
163.01, 529.007883303
163.07, 529.007881151
163.131, 529.007879396
163.194, 529.007879856
163.254, 529.007878410
163.316, 529.007878688
163.376, 529.007875679
163.437, 529.007872947
163.5, 529.007873926
163.56, 529.007873360
163.622, 529.007871971
163.685, 529.007869922
163.749, 529.007870081
163.809, 529.007868606
163.871, 529.007869525
163.931, 529.007867798
163.992, 529.007862024
164.055, 529.007863956
164.115, 529.007861445
164.177, 529.007859863
164.24, 529.007862800
164.3, 529.007859201
164.361, 529.007858344
164.424, 529.007859543
164.484, 529.007858050
164.546, 529.007856634
164.609, 529.007856453
164.674, 529.007852951
164.74, 529.007854728
164.8, 529.007851843
164.861, 529.007849524
164.924, 529.007850174
164.984, 529.007847768
165.046, 529.007849903
165.106, 529.007843923
165.167, 529.007845055
165.227, 529.007843920
165.289, 529.007839208
165.352, 529.007842962
165.412, 529.007836834
165.473, 529.007841312
165.533, 529.007838172
165.595, 529.007840290
165.655, 529.007832303
165.716, 529.007836673
165.776, 529.007835148
165.838, 529.007836739
165.898, 529.007832365
165.959, 529.007832101
166.022, 529.007831124
166.087, 529.007832394
166.147, 529.007830948
166.209, 529.007826860
166.272, 529.007828597
166.332, 529.007826962
166.393, 529.007824115
166.456, 529.007824539
166.516, 529.007818723
166.578, 529.007822627
166.638, 529.007818539
166.699, 529.007816834
166.762, 529.007820913
166.822, 529.007818252
166.884, 529.007819495
166.944, 529.007815541
167.005, 529.007818649
167.065, 529.007813580
167.127, 529.007810444
167.19, 529.007812801
167.25, 529.007809995
167.311, 529.007808643
167.374, 529.007807987
167.439, 529.007809675
167.499, 529.007806296
167.56, 529.007808242
167.62, 529.007805261
167.682, 529.007808803
167.742, 529.007806183
167.803, 529.007800419
167.866, 529.007800353
167.931, 529.007799200
167.997, 529.007795024
168.065, 529.007796458
168.125, 529.007794371
168.187, 529.007791703
168.25, 529.007796984
168.31, 529.007794007
168.371, 529.007792538
168.434, 529.007792762
168.494, 529.007789652
168.556, 529.007787302
168.619, 529.007791056
168.679, 529.007785883
168.74, 529.007787360
168.8, 529.007784848
168.862, 529.007783950
168.925, 529.007782964
168.989, 529.007781664
169.056, 529.007779748
169.123, 529.007778325
169.193, 529.007779517
169.253, 529.007778611
169.315, 529.007774865
169.378, 529.007770397
169.442, 529.007776263
169.502, 529.007771204
169.564, 529.007774220
169.624, 529.007770425
169.685, 529.007768996
169.748, 529.007774031
169.808, 529.007767979
169.87, 529.007766938
169.933, 529.007765888
169.997, 529.007763148
170.064, 529.007762920
170.131, 529.007759287
170.201, 529.007762293
170.261, 529.007760094
170.323, 529.007760723
170.383, 529.007760482
170.444, 529.007762116
170.504, 529.007756802
170.566, 529.007756551
170.629, 529.007753736
170.693, 529.007755062
170.753, 529.007752487
170.815, 529.007751921
170.878, 529.007752366
170.938, 529.007748816
170.999, 529.007747623
171.062, 529.007747937
171.122, 529.007746875
171.184, 529.007747743
171.244, 529.007743023
171.305, 529.007741698
171.368, 529.007743791
171.428, 529.007742610
171.49, 529.007740805
171.553, 529.007739705
171.617, 529.007737689
171.684, 529.007735533
171.752, 529.007734027
171.821, 529.007733850
171.892, 529.007734186
171.952, 529.007731479
172.014, 529.007730229
172.077, 529.007732070
172.137, 529.007728414
172.199, 529.007729650
172.259, 529.007725392
172.32, 529.007724792
172.383, 529.007725394
172.443, 529.007720690
172.505, 529.007720252
172.568, 529.007721225
172.628, 529.007719858
172.689, 529.007721477
172.749, 529.007720548
172.811, 529.007715710
172.874, 529.007718737
172.934, 529.007714438
172.995, 529.007714135
173.058, 529.007717098
173.118, 529.007712075
173.18, 529.007712057
173.243, 529.007710226
173.307, 529.007706886
173.374, 529.007705936
173.441, 529.007708716
173.501, 529.007706906
173.563, 529.007704446
173.626, 529.007704807
173.686, 529.007703325
173.747, 529.007706249
173.807, 529.007699667
173.869, 529.007698790
173.932, 529.007699140
173.992, 529.007697380
174.054, 529.007694326
174.117, 529.007693258
174.181, 529.007695384
174.241, 529.007693410
174.303, 529.007694766
174.363, 529.007689188
174.424, 529.007689240
174.484, 529.007689322
174.544, 529.007689700
174.604, 529.007686279
174.666, 529.007687580
174.726, 529.007683487
174.787, 529.007689863
174.847, 529.007685780
174.909, 529.007684078
174.972, 529.007682757
175.036, 529.007685110
175.096, 529.007682064
175.158, 529.007679469
175.221, 529.007674195
175.285, 529.007680760
175.345, 529.007675048
175.407, 529.007671989
175.47, 529.007673621
175.53, 529.007673165
175.592, 529.007672401
175.655, 529.007669382
175.719, 529.007665439
175.785, 529.007666429
175.845, 529.007664586
175.907, 529.007663211
175.97, 529.007665465
176.03, 529.007664642
176.091, 529.007661700
176.154, 529.007662188
176.214, 529.007659581
176.276, 529.007656815
176.339, 529.007657677
176.399, 529.007658306
176.459, 529.007656904
176.521, 529.007654049
176.584, 529.007656101
176.644, 529.007651947
176.705, 529.007654290
176.765, 529.007652347
176.827, 529.007652157
176.89, 529.007650100
176.954, 529.007652374
177.014, 529.007645175
177.076, 529.007643654
177.139, 529.007644505
177.199, 529.007640074
177.26, 529.007639362
177.323, 529.007639913
177.383, 529.007640923
177.443, 529.007636162
177.505, 529.007638999
177.565, 529.007636400
177.626, 529.007639111
177.686, 529.007633600
177.748, 529.007635094
177.808, 529.007632045
177.869, 529.007632578
177.929, 529.007629901
177.991, 529.007630786
178.051, 529.007631304
178.111, 529.007629060
178.172, 529.007627636
178.235, 529.007625145
178.3, 529.007628211
178.36, 529.007623064
178.421, 529.007626926
178.481, 529.007624061
178.543, 529.007622778
178.606, 529.007618226
178.671, 529.007615965
178.737, 529.007620103
178.797, 529.007615976
178.858, 529.007615612
178.921, 529.007615544
178.986, 529.007615046
179.052, 529.007611908
179.12, 529.007611524
179.19, 529.007610813
179.261, 529.007609580
179.334, 529.007609981
179.394, 529.007606593
179.456, 529.007608273
179.516, 529.007605563
179.577, 529.007606553
179.637, 529.007602119
179.699, 529.007604065
179.759, 529.007603130
179.82, 529.007602309
179.883, 529.007598983
179.948, 529.007598949
180.014, 529.007596913
180.082, 529.007597025
180.142, 529.007596388
180.203, 529.007593699
180.266, 529.007595843
180.326, 529.007592374
180.388, 529.007588894
180.451, 529.007589067
180.511, 529.007588315
180.572, 529.007586794
180.635, 529.007586539
180.7, 529.007586062
180.766, 529.007589000
180.826, 529.007579866
180.888, 529.007581401
180.948, 529.007575865
181.009, 529.007579152
181.069, 529.007578971
181.131, 529.007577164
181.194, 529.007576699
181.258, 529.007577821
181.318, 529.007574664
181.38, 529.007572117
181.443, 529.007573682
181.503, 529.007570761
181.564, 529.007573207
181.624, 529.007568088
181.686, 529.007567321
181.749, 529.007568858
181.809, 529.007565932
181.871, 529.007565368
181.934, 529.007562299
181.998, 529.007563665
182.058, 529.007562325
182.12, 529.007560126
182.183, 529.007559223
182.247, 529.007559448
182.307, 529.007558705
182.369, 529.007556093
182.432, 529.007558686
182.492, 529.007556631
182.553, 529.007552941
182.616, 529.007551916
182.681, 529.007550881
182.747, 529.007553195
182.807, 529.007552321
182.869, 529.007550562
182.932, 529.007550713
182.992, 529.007544745
183.053, 529.007546464
183.113, 529.007547136
183.173, 529.007541105
183.235, 529.007544550
183.295, 529.007538584
183.356, 529.007543964
183.416, 529.007536525
183.478, 529.007536062
183.541, 529.007538139
183.601, 529.007534997
183.662, 529.007532210
183.725, 529.007533115
183.785, 529.007530804
183.847, 529.007530931
183.907, 529.007531939
183.967, 529.007530263
184.028, 529.007528251
184.091, 529.007532864
184.151, 529.007527170
184.213, 529.007526239
184.276, 529.007523987
184.341, 529.007522699
184.407, 529.007526391
184.467, 529.007524462
184.528, 529.007522096
184.591, 529.007521121
184.656, 529.007518982
184.722, 529.007517737
184.79, 529.007517384
184.86, 529.007513423
184.931, 529.007511800
185.004, 529.007510493
185.079, 529.007512139
185.139, 529.007510559
185.2, 529.007507017
185.264, 529.007510883
185.324, 529.007503461
185.385, 529.007504844
185.445, 529.007504455
185.507, 529.007505426
185.567, 529.007502649
185.628, 529.007503051
185.688, 529.007501456
185.75, 529.007500773
185.813, 529.007501437
185.873, 529.007496744
185.934, 529.007496452
185.997, 529.007496317
186.062, 529.007496575
186.122, 529.007492054
186.183, 529.007493839
186.243, 529.007490445
186.305, 529.007491107
186.365, 529.007487920
186.426, 529.007492300
186.486, 529.007486716
186.548, 529.007491282
186.608, 529.007486422
186.669, 529.007487624
186.729, 529.007482131
186.791, 529.007484987
186.851, 529.007481451
186.912, 529.007482514
186.972, 529.007480110
187.034, 529.007481557
187.094, 529.007477179
187.155, 529.007475088
187.218, 529.007477568
187.278, 529.007476090
187.34, 529.007472164
187.403, 529.007474740
187.463, 529.007472046
187.524, 529.007471343
187.587, 529.007470790
187.652, 529.007468679
187.718, 529.007468541
187.786, 529.007467059
187.856, 529.007463235
187.927, 529.007465279
187.987, 529.007464358
188.048, 529.007462513
188.111, 529.007463625
188.171, 529.007456055
188.233, 529.007457701
188.293, 529.007454693
188.354, 529.007455850
188.414, 529.007453352
188.476, 529.007457665
188.536, 529.007452679
188.597, 529.007457177
188.657, 529.007451570
188.719, 529.007451561
188.782, 529.007451962
188.842, 529.007448487
188.904, 529.007446236
188.967, 529.007447501
189.027, 529.007443080
189.088, 529.007446911
189.148, 529.007443694
189.21, 529.007440641
189.273, 529.007443441
189.333, 529.007439957
189.394, 529.007443414
189.454, 529.007438737
189.516, 529.007433202
189.579, 529.007438964
189.639, 529.007436183
189.7, 529.007434441
189.763, 529.007438307
189.823, 529.007431706
189.885, 529.007432080
189.945, 529.007430270
190.006, 529.007431253
190.066, 529.007426666
190.128, 529.007430025
190.188, 529.007424551
190.249, 529.007427038
190.309, 529.007424392
190.371, 529.007424174
190.434, 529.007426063
190.494, 529.007418988
190.555, 529.007417179
190.618, 529.007423265
190.678, 529.007416688
190.74, 529.007416596
190.803, 529.007418465
190.863, 529.007414410
190.924, 529.007413338
190.987, 529.007415166
191.047, 529.007410459
191.109, 529.007409372
191.172, 529.007410653
191.232, 529.007410337
191.293, 529.007406313
191.356, 529.007410013
191.416, 529.007406107
191.478, 529.007406998
191.538, 529.007403322
191.599, 529.007405750
191.659, 529.007399020
191.721, 529.007402045
191.781, 529.007398296
191.842, 529.007399980
191.902, 529.007394417
191.964, 529.007394885
192.024, 529.007398044
192.084, 529.007393842
192.145, 529.007395846
192.205, 529.007393077
192.267, 529.007391105
192.33, 529.007392711
192.39, 529.007390493
192.451, 529.007389562
192.514, 529.007387395
192.579, 529.007385892
192.645, 529.007385056
192.713, 529.007384810
192.783, 529.007385096
192.843, 529.007381227
192.904, 529.007379904
192.967, 529.007383414
193.027, 529.007376802
193.089, 529.007378265
193.149, 529.007375753
193.21, 529.007374758
193.273, 529.007374709
193.338, 529.007377011
193.398, 529.007371449
193.459, 529.007370564
193.522, 529.007372603
193.582, 529.007368699
193.644, 529.007365610
193.707, 529.007369703
193.767, 529.007364834
193.829, 529.007365202
193.889, 529.007364617
193.95, 529.007364006
194.013, 529.007365730
194.073, 529.007360935
194.135, 529.007362938
194.195, 529.007358700
194.256, 529.007358479
194.319, 529.007356581
194.384, 529.007358058
194.444, 529.007354098
194.505, 529.007353431
194.568, 529.007352788
194.633, 529.007354399
194.693, 529.007352735
194.754, 529.007350765
194.817, 529.007350933
194.877, 529.007345850
194.939, 529.007345339
195.002, 529.007348829
195.062, 529.007345097
195.123, 529.007343389
195.186, 529.007342209
195.251, 529.007340768
195.317, 529.007344591
195.377, 529.007338105
195.439, 529.007340773
195.499, 529.007334838
195.56, 529.007337158
195.62, 529.007334773
195.682, 529.007333398
195.745, 529.007332046
195.809, 529.007332847
195.869, 529.007329712
195.931, 529.007331308
195.991, 529.007329037
196.052, 529.007328957
196.116, 529.007324816
196.18, 529.007327842
196.24, 529.007323108
196.302, 529.007323790
196.362, 529.007321357
196.423, 529.007321831
196.483, 529.007319816
196.545, 529.007321048
196.605, 529.007318516
196.666, 529.007317098
196.729, 529.007316735
196.794, 529.007318627
196.854, 529.007315210
196.915, 529.007315082
196.978, 529.007313127
197.043, 529.007312241
197.109, 529.007314760
197.169, 529.007312405
197.231, 529.007308789
197.294, 529.007309621
197.354, 529.007306688
197.415, 529.007304364
197.478, 529.007305907
197.538, 529.007306787
197.598, 529.007303301
197.66, 529.007302090
197.723, 529.007301211
197.787, 529.007302278
197.847, 529.007297969
197.909, 529.007297529
197.972, 529.007296689
198.037, 529.007298657
198.097, 529.007292979
198.158, 529.007295864
198.218, 529.007292265
198.28, 529.007295033
198.34, 529.007291817
198.401, 529.007288116
198.464, 529.007291877
198.524, 529.007287154
198.586, 529.007290414
198.646, 529.007287121
198.707, 529.007280951
198.77, 529.007286943
198.83, 529.007283086
198.892, 529.007276387
198.955, 529.007281818
199.015, 529.007280278
199.076, 529.007277647
199.139, 529.007279659
199.199, 529.007276926
199.261, 529.007275626
199.324, 529.007274460
199.388, 529.007273976
199.455, 529.007271958
199.522, 529.007271517
199.592, 529.007267221
199.663, 529.007269373
199.723, 529.007265257
199.785, 529.007266887
199.845, 529.007269378
199.905, 529.007267263
199.966, 529.007261817
200.029, 529.007261211
200.094, 529.007261431
200.154, 529.007261319
200.215, 529.007260607
200.279, 529.007261383
200.339, 529.007256954
200.4, 529.007255425
200.463, 529.007256037
200.523, 529.007253061
200.585, 529.007253279
200.645, 529.007248945
200.706, 529.007251119
200.766, 529.007245972
200.828, 529.007252580
200.888, 529.007248091
200.949, 529.007244705
201.012, 529.007247360
201.072, 529.007244121
201.134, 529.007246633
201.194, 529.007241811
201.255, 529.007242751
201.315, 529.007240675
201.377, 529.007240963
201.437, 529.007241111
201.497, 529.007237730
201.558, 529.007238087
201.618, 529.007236569
201.68, 529.007236242
201.743, 529.007235658
201.807, 529.007230672
201.873, 529.007233155
201.933, 529.007229462
201.995, 529.007227178
202.058, 529.007228354
202.118, 529.007224473
202.18, 529.007230893
202.24, 529.007226130
202.301, 529.007226258
202.361, 529.007221127
202.423, 529.007224231
202.483, 529.007220609
202.544, 529.007222883
202.604, 529.007220526
202.666, 529.007216821
202.729, 529.007220909
202.789, 529.007214646
202.85, 529.007215155
202.91, 529.007210395
202.972, 529.007213082
203.032, 529.007213886
203.092, 529.007209999
203.153, 529.007211037
203.213, 529.007209162
203.275, 529.007211531
203.335, 529.007207524
203.396, 529.007210430
203.456, 529.007205661
203.518, 529.007204464
203.581, 529.007202497
203.645, 529.007202923
203.705, 529.007201193
203.767, 529.007199963
203.83, 529.007201180
203.89, 529.007199929
203.951, 529.007195100
204.014, 529.007197931
204.074, 529.007195544
204.136, 529.007193877
204.199, 529.007194313
204.259, 529.007192176
204.32, 529.007191935
204.383, 529.007193678
204.443, 529.007187467
204.505, 529.007188478
204.565, 529.007186534
204.626, 529.007185657
204.689, 529.007183892
204.754, 529.007186047
204.814, 529.007183725
204.876, 529.007185301
204.936, 529.007183422
204.997, 529.007182630
205.06, 529.007181648
205.125, 529.007177143
205.191, 529.007176878
205.259, 529.007176733
205.328, 529.007174754
205.4, 529.007174612
205.473, 529.007171717
205.548, 529.007170468
205.625, 529.007169108
205.703, 529.007166064
205.784, 529.007165271
205.867, 529.007161789
205.951, 529.007166497
206.011, 529.007161091
206.073, 529.007158332
206.136, 529.007159623
206.196, 529.007158849
206.257, 529.007157013
206.321, 529.007158368
206.381, 529.007155422
206.442, 529.007156641
206.502, 529.007156162
206.564, 529.007156409
206.624, 529.007153847
206.685, 529.007152084
206.748, 529.007148687
206.813, 529.007148544
206.879, 529.007152105
206.939, 529.007146529
207, 529.007147300
207.06, 529.007146746
207.122, 529.007144678
207.185, 529.007145258
207.245, 529.007139387
207.306, 529.007141784
207.366, 529.007139053
207.428, 529.007140461
207.488, 529.007137750
207.549, 529.007138446
207.609, 529.007134810
207.671, 529.007135763
207.731, 529.007130322
207.792, 529.007133537
207.852, 529.007127495
207.914, 529.007129097
207.974, 529.007129829
208.034, 529.007130822
208.094, 529.007128381
208.155, 529.007129927
208.215, 529.007124695
208.277, 529.007126098
208.337, 529.007125238
208.398, 529.007123701
208.461, 529.007123236
208.526, 529.007122422
208.592, 529.007120461
208.66, 529.007121932
208.72, 529.007116758
208.782, 529.007116581
208.845, 529.007118901
208.905, 529.007114918
208.966, 529.007112245
209.029, 529.007114055
209.089, 529.007108349
209.151, 529.007111414
209.211, 529.007109372
209.272, 529.007110469
209.332, 529.007106389
209.394, 529.007107590
209.454, 529.007105897
209.515, 529.007106752
209.575, 529.007103276
209.637, 529.007103062
209.7, 529.007105600
209.76, 529.007098669
209.821, 529.007104375
209.881, 529.007098746
209.943, 529.007094229
210.006, 529.007095397
210.066, 529.007094797
210.127, 529.007094266
210.19, 529.007095599
210.25, 529.007089727
210.312, 529.007093356
210.372, 529.007087744
210.433, 529.007091684
210.493, 529.007086396
210.555, 529.007085350
210.618, 529.007088883
210.678, 529.007086345
210.739, 529.007085250
210.802, 529.007085608
210.862, 529.007082619
210.924, 529.007085249
210.984, 529.007078527
211.045, 529.007076688
211.108, 529.007080138
211.168, 529.007078212
211.23, 529.007077509
211.293, 529.007077729
211.353, 529.007075912
211.415, 529.007074198
211.478, 529.007075475
211.538, 529.007071842
211.599, 529.007069605
211.662, 529.007070880
211.722, 529.007066133
211.784, 529.007065620
211.847, 529.007066241
211.907, 529.007065309
211.968, 529.007064201
212.031, 529.007067549
212.091, 529.007063634
212.153, 529.007061759
212.216, 529.007064992
212.276, 529.007058315
212.337, 529.007057297
212.4, 529.007061281
212.46, 529.007056647
212.522, 529.007056394
212.585, 529.007057388
212.645, 529.007055838
212.706, 529.007051317
212.769, 529.007051214
212.834, 529.007052469
212.894, 529.007050354
212.955, 529.007048439
213.018, 529.007049791
213.078, 529.007049827
213.138, 529.007044536
213.2, 529.007045539
213.26, 529.007042778
213.321, 529.007038565
213.385, 529.007041479
213.445, 529.007038553
213.506, 529.007040548
213.566, 529.007037039
213.628, 529.007039559
213.688, 529.007035694
213.749, 529.007033926
213.812, 529.007035980
213.872, 529.007032872
213.934, 529.007028940
213.997, 529.007034476
214.057, 529.007029227
214.118, 529.007029423
214.178, 529.007030315
214.238, 529.007025252
214.3, 529.007026388
214.36, 529.007023438
214.421, 529.007023956
214.481, 529.007023061
214.543, 529.007019958
214.606, 529.007020028
214.666, 529.007021192
214.726, 529.007017228
214.787, 529.007019061
214.847, 529.007016242
214.909, 529.007016901
214.969, 529.007016247
215.03, 529.007012334
215.093, 529.007012689
215.153, 529.007012683
215.215, 529.007010123
215.278, 529.007015712
215.338, 529.007010038
215.399, 529.007009912
215.462, 529.007006085
215.527, 529.007008350
215.587, 529.007004967
215.648, 529.007002909
215.711, 529.007006708
215.771, 529.007000789
215.833, 529.006998897
215.896, 529.007002360
215.956, 529.006999666
216.017, 529.006995283
216.08, 529.006997203
216.14, 529.006992963
216.202, 529.006994634
216.262, 529.006994260
216.323, 529.006994748
216.383, 529.006987982
216.445, 529.006991504
216.505, 529.006991199
216.566, 529.006987025
216.63, 529.006988581
216.69, 529.006986451
216.751, 529.006985725
216.814, 529.006984065
216.879, 529.006984451
216.939, 529.006983501
217, 529.006981888
217.063, 529.006985712
217.123, 529.006979356
217.185, 529.006978510
217.248, 529.006978407
217.312, 529.006976024
217.379, 529.006975869
217.446, 529.006973475
217.516, 529.006969594
217.587, 529.006969013
217.66, 529.006969869
217.72, 529.006971463
217.78, 529.006967859
217.842, 529.006966180
217.905, 529.006969190
217.965, 529.006965710
218.027, 529.006965438
218.09, 529.006965502
218.15, 529.006958850
218.211, 529.006961885
218.271, 529.006957963
218.333, 529.006958792
218.393, 529.006960867
218.453, 529.006957563
218.514, 529.006957343
218.577, 529.006958970
218.637, 529.006952872
218.699, 529.006950460
218.762, 529.006955212
218.822, 529.006950963
218.883, 529.006948598
218.946, 529.006951292
219.006, 529.006948639
219.068, 529.006950707
219.128, 529.006945075
219.189, 529.006949934
219.249, 529.006943411
219.311, 529.006945093
219.371, 529.006940746
219.432, 529.006943567
219.492, 529.006943043
219.554, 529.006941258
219.617, 529.006941262
219.677, 529.006937124
219.738, 529.006933024
219.801, 529.006935023
219.861, 529.006934709
219.923, 529.006936723
219.983, 529.006930853
220.044, 529.006930078
220.107, 529.006930434
220.167, 529.006930146
220.229, 529.006929472
220.292, 529.006929030
220.356, 529.006923969
220.423, 529.006921417
220.491, 529.006924430
220.551, 529.006921723
220.612, 529.006919430
220.675, 529.006920764
220.735, 529.006919389
220.797, 529.006922473
220.857, 529.006921774
220.918, 529.006916438
220.981, 529.006915601
221.046, 529.006916705
221.106, 529.006916244
221.167, 529.006911996
221.23, 529.006910644
221.295, 529.006915707
221.355, 529.006909294
221.416, 529.006909948
221.476, 529.006908366
221.538, 529.006908792
221.598, 529.006905482
221.659, 529.006904927
221.722, 529.006904637
221.787, 529.006903171
221.853, 529.006904219
221.913, 529.006898816
221.975, 529.006899459
222.035, 529.006897613
222.096, 529.006898455
222.156, 529.006892430
222.218, 529.006893461
222.278, 529.006895537
222.338, 529.006889427
222.399, 529.006891427
222.459, 529.006891105
222.521, 529.006892148
222.581, 529.006888400
222.642, 529.006889026
222.702, 529.006886441
222.764, 529.006885676
222.827, 529.006887034
222.887, 529.006882179
222.948, 529.006883695
223.008, 529.006878511
223.07, 529.006880720
223.13, 529.006880657
223.191, 529.006879163
223.254, 529.006881536
223.314, 529.006878722
223.376, 529.006878299
223.439, 529.006873425
223.503, 529.006880706
223.563, 529.006875314
223.625, 529.006870000
223.688, 529.006873432
223.748, 529.006866576
223.81, 529.006869043
223.87, 529.006869251
223.93, 529.006865754
223.991, 529.006872765
224.051, 529.006871230
224.113, 529.006865363
224.176, 529.006862206
224.24, 529.006862761
224.3, 529.006859713
224.362, 529.006860357
224.422, 529.006859175
224.483, 529.006857871
224.546, 529.006860724
224.606, 529.006855487
224.668, 529.006853805
224.731, 529.006853604
224.795, 529.006851052
224.862, 529.006853566
224.922, 529.006852442
224.983, 529.006849663
225.046, 529.006847760
225.111, 529.006843813
225.177, 529.006844196
225.237, 529.006844069
225.298, 529.006845640
225.358, 529.006842026
225.42, 529.006841018
225.483, 529.006837847
225.548, 529.006841166
225.608, 529.006837236
225.669, 529.006837313
225.729, 529.006833209
225.791, 529.006834973
225.851, 529.006832307
225.912, 529.006834560
225.972, 529.006833386
226.034, 529.006831707
226.097, 529.006830440
226.161, 529.006829692
226.227, 529.006829437
226.295, 529.006830733
226.355, 529.006829478
226.417, 529.006824405
226.48, 529.006824275
226.545, 529.006822748
226.611, 529.006820646
226.679, 529.006823592
226.739, 529.006817795
226.8, 529.006817906
226.86, 529.006818032
226.92, 529.006813349
226.982, 529.006815784
227.042, 529.006814353
227.103, 529.006815540
227.163, 529.006810640
227.225, 529.006814020
227.285, 529.006811466
227.346, 529.006810478
227.409, 529.006811420
227.469, 529.006810877
227.531, 529.006809147
227.594, 529.006807040
227.658, 529.006807745
227.718, 529.006802235
227.78, 529.006806442
227.84, 529.006798578
227.901, 529.006800593
227.961, 529.006799606
228.023, 529.006797401
228.086, 529.006799349
228.146, 529.006792570
228.207, 529.006795646
228.267, 529.006795175
228.329, 529.006793845
228.392, 529.006793983
228.452, 529.006792375
228.513, 529.006790778
228.576, 529.006788115
228.641, 529.006791500
228.701, 529.006787449
228.763, 529.006789392
228.823, 529.006785788
228.884, 529.006789694
228.944, 529.006786199
229.006, 529.006784764
229.069, 529.006784809
229.129, 529.006784082
229.19, 529.006782014
229.253, 529.006782465
229.313, 529.006779898
229.375, 529.006780885
229.435, 529.006776539
229.496, 529.006775330
229.559, 529.006776030
229.619, 529.006770182
229.681, 529.006774654
229.741, 529.006771046
229.802, 529.006769439
229.865, 529.006769241
229.93, 529.006768903
229.996, 529.006763778
230.064, 529.006769793
230.124, 529.006766068
230.185, 529.006762193
230.248, 529.006762116
230.313, 529.006764939
230.373, 529.006759967
230.435, 529.006756966
230.498, 529.006760106
230.558, 529.006758649
230.619, 529.006756797
230.682, 529.006760644
230.742, 529.006753223
230.804, 529.006748923
230.867, 529.006755469
230.927, 529.006749183
230.988, 529.006748522
231.051, 529.006749506
231.111, 529.006750901
231.171, 529.006747199
231.233, 529.006745301
231.296, 529.006751908
231.356, 529.006743263
231.417, 529.006739198
231.48, 529.006744538
231.54, 529.006742533
231.602, 529.006740471
231.665, 529.006740944
231.725, 529.006737388
231.786, 529.006736004
231.849, 529.006737915
231.909, 529.006732942
231.971, 529.006733798
232.031, 529.006732467
232.092, 529.006733719
232.152, 529.006731952
232.214, 529.006730954
232.277, 529.006727859
232.342, 529.006728394
232.402, 529.006727556
232.463, 529.006727087
232.526, 529.006726527
232.591, 529.006725792
232.657, 529.006723181
232.725, 529.006720781
232.794, 529.006718582
232.866, 529.006718190
232.939, 529.006715276
233.014, 529.006716444
233.074, 529.006717393
233.134, 529.006714130
233.195, 529.006710005
233.258, 529.006715139
233.318, 529.006709629
233.38, 529.006708922
233.443, 529.006713460
233.503, 529.006709435
233.564, 529.006708188
233.627, 529.006705469
233.692, 529.006709417
233.752, 529.006701359
233.813, 529.006703009
233.873, 529.006700598
233.935, 529.006702723
233.995, 529.006700470
234.056, 529.006701368
234.116, 529.006697821
234.178, 529.006696933
234.241, 529.006699218
234.301, 529.006695789
234.362, 529.006690937
234.426, 529.006691958
234.486, 529.006691251
234.547, 529.006691340
234.607, 529.006690916
234.669, 529.006688948
234.732, 529.006690070
234.792, 529.006687422
234.853, 529.006690542
234.913, 529.006686184
234.975, 529.006688554
235.035, 529.006687525
235.096, 529.006683954
235.159, 529.006687356
235.219, 529.006682379
235.281, 529.006682035
235.344, 529.006679257
235.408, 529.006678690
235.474, 529.006680072
235.534, 529.006674116
235.596, 529.006676155
235.656, 529.006671479
235.717, 529.006672388
235.777, 529.006668606
235.839, 529.006670048
235.899, 529.006672623
235.959, 529.006668423
236.02, 529.006669358
236.08, 529.006668184
236.142, 529.006666834
236.205, 529.006663158
236.27, 529.006664701
236.33, 529.006663232
236.391, 529.006661846
236.454, 529.006661643
236.519, 529.006657981
236.585, 529.006656130
236.653, 529.006658332
236.713, 529.006657520
236.774, 529.006655553
236.837, 529.006653466
236.902, 529.006656766
236.962, 529.006650286
237.024, 529.006651181
237.084, 529.006647240
237.145, 529.006647912
237.205, 529.006646158
237.267, 529.006646953
237.327, 529.006649242
237.387, 529.006643011
237.448, 529.006643315
237.508, 529.006639881
237.57, 529.006640619
237.63, 529.006637970
237.691, 529.006641995
237.751, 529.006638732
237.813, 529.006637727
237.876, 529.006637965
237.936, 529.006637371
237.997, 529.006640024
238.057, 529.006634866
238.119, 529.006631531
238.182, 529.006633799
238.242, 529.006632087
238.303, 529.006632832
238.363, 529.006628895
238.425, 529.006625510
238.488, 529.006625653
238.548, 529.006625092
238.609, 529.006626371
238.669, 529.006624048
238.731, 529.006623910
238.794, 529.006622795
238.858, 529.006621020
238.925, 529.006621184
238.985, 529.006619286
239.046, 529.006619894
239.106, 529.006617891
239.168, 529.006616741
239.231, 529.006617722
239.291, 529.006611774
239.352, 529.006613480
239.412, 529.006611603
239.474, 529.006609809
239.537, 529.006610760
239.597, 529.006609946
239.658, 529.006610021
239.718, 529.006603254
239.78, 529.006608953
239.84, 529.006606719
239.901, 529.006605603
239.964, 529.006604946
240.029, 529.006607585
240.089, 529.006600720
240.15, 529.006599952
240.213, 529.006600080
240.273, 529.006596355
240.335, 529.006597863
240.395, 529.006596200
240.456, 529.006593660
240.519, 529.006593944
240.579, 529.006593966
240.639, 529.006591191
240.701, 529.006592530
240.761, 529.006592492
240.822, 529.006592642
240.882, 529.006590528
240.944, 529.006589712
241.007, 529.006587033
241.072, 529.006588948
241.132, 529.006584517
241.193, 529.006587497
241.253, 529.006580886
241.315, 529.006583565
241.375, 529.006579981
241.436, 529.006580667
241.496, 529.006579847
241.558, 529.006576856
241.621, 529.006578951
241.681, 529.006574003
241.742, 529.006576774
241.802, 529.006574148
241.864, 529.006569570
241.927, 529.006572067
241.987, 529.006570613
242.048, 529.006569388
242.111, 529.006573895
242.171, 529.006569892
242.233, 529.006568074
242.296, 529.006564158
242.36, 529.006563378
242.426, 529.006567341
242.486, 529.006562209
242.548, 529.006562863
242.608, 529.006559443
242.669, 529.006560867
242.729, 529.006560001
242.791, 529.006559001
242.854, 529.006560417
242.914, 529.006555624
242.976, 529.006554567
243.039, 529.006553976
243.103, 529.006554096
243.163, 529.006552973
243.225, 529.006548748
243.288, 529.006549472
243.348, 529.006546863
243.409, 529.006545629
243.472, 529.006544488
243.537, 529.006550172
243.597, 529.006541674
243.658, 529.006543448
243.718, 529.006542135
243.78, 529.006542765
243.84, 529.006537781
243.901, 529.006538765
243.961, 529.006540650
244.021, 529.006534988
244.083, 529.006538696
244.143, 529.006535591
244.204, 529.006534180
244.267, 529.006536094
244.327, 529.006532231
244.389, 529.006528864
244.452, 529.006531265
244.512, 529.006530235
244.573, 529.006527890
244.636, 529.006528561
244.696, 529.006527828
244.758, 529.006525366
244.821, 529.006524449
244.886, 529.006524355
244.952, 529.006525185
245.012, 529.006520512
245.073, 529.006519808
245.136, 529.006518419
245.201, 529.006520124
245.261, 529.006517998
245.323, 529.006517807
245.386, 529.006513724
245.45, 529.006520010
245.51, 529.006511448
245.572, 529.006514500
245.632, 529.006510361
245.693, 529.006507560
245.756, 529.006510894
245.816, 529.006508584
245.878, 529.006509880
245.938, 529.006508084
245.999, 529.006505506
246.062, 529.006505143
246.127, 529.006507809
246.187, 529.006509433
246.247, 529.006498910
246.308, 529.006502157
246.368, 529.006497928
246.43, 529.006501195
246.49, 529.006498450
246.551, 529.006496991
246.614, 529.006496360
246.679, 529.006497448
246.739, 529.006493455
246.801, 529.006494234
246.861, 529.006492972
246.922, 529.006487680
246.985, 529.006489553
247.045, 529.006490300
247.105, 529.006489464
247.167, 529.006487488
247.23, 529.006486615
247.294, 529.006488902
247.354, 529.006486258
247.416, 529.006480408
247.479, 529.006483547
247.539, 529.006479510
247.6, 529.006479429
247.663, 529.006480092
247.723, 529.006480895
247.783, 529.006476616
247.845, 529.006475026
247.908, 529.006473732
247.972, 529.006472080
248.039, 529.006477243
248.099, 529.006468890
248.16, 529.006470430
248.22, 529.006467470
248.282, 529.006466952
248.345, 529.006469057
248.405, 529.006465260
