0.06, 0.0198059
0.12, 0.0198364
0.18, 0.0198364
0.2415, 0.0198364
0.304538, 0.0198364
0.369151, 0.0198364
0.43538, 0.0198364
0.503264, 0.0198364
0.572846, 0.0198364
0.644167, 0.0198364
0.717271, 0.0198364
0.792203, 0.0198364
0.869008, 0.0198364
0.947733, 0.0198364
1.02843, 0.0198364
1.11114, 0.0198364
1.19592, 0.0198364
1.28281, 0.0198364
1.37188, 0.0198364
1.46318, 0.0198364
1.55676, 0.0198059
1.65268, 0.0198059
1.751, 0.0198059
1.85177, 0.0198059
1.95507, 0.0198059
2.06094, 0.0198059
2.12094, 0.0198059
2.18244, 0.0198059
2.24548, 0.0198059
2.31009, 0.0198059
2.37009, 0.0198059
2.43159, 0.0198059
2.49463, 0.0198059
2.55463, 0.0198059
2.61613, 0.0198059
2.67917, 0.0198059
2.74378, 0.0198059
2.81001, 0.0198059
2.87001, 0.0198059
2.93001, 0.0198059
2.99151, 0.0198059
3.05151, 0.0198059
3.11301, 0.0198059
3.17605, 0.0198059
3.24066, 0.0198059
3.30066, 0.0198059
3.36066, 0.0198059
3.42216, 0.0198059
3.4852, 0.0198059
3.54981, 0.0198059
3.61604, 0.0198059
3.68393, 0.0198059
3.75351, 0.0198059
3.81351, 0.0198059
3.87501, 0.0198059
3.93501, 0.0198059
3.99651, 0.0198059
4.05954, 0.0198059
4.12416, 0.0198059
4.19039, 0.0198059
4.25039, 0.0198059
4.31189, 0.0198059
4.37189, 0.0198059
4.43339, 0.0198059
4.49339, 0.0198059
4.55339, 0.0198059
4.61489, 0.0198059
4.67489, 0.0198059
4.73639, 0.0198059
4.79639, 0.0198059
4.85789, 0.0198059
4.91789, 0.0198059
4.97789, 0.0198059
5.03939, 0.0198059
5.10242, 0.0198059
5.16242, 0.0198059
5.22392, 0.0198059
5.28392, 0.0198059
5.34542, 0.0198059
5.40542, 0.0198059
5.46692, 0.0198059
5.52996, 0.0198059
5.59458, 0.0198059
5.6608, 0.0198059
5.72869, 0.0198059
5.79827, 0.0198059
5.86959, 0.0198059
5.92959, 0.0198059
5.99109, 0.0198059
6.05413, 0.0198059
6.11874, 0.0198059
6.18497, 0.0198059
6.25286, 0.0198059
6.31286, 0.0198059
6.37436, 0.0198059
6.43739, 0.0198059
6.50201, 0.0198059
6.56824, 0.0198059
6.62824, 0.0198059
6.68974, 0.0198059
6.74974, 0.0198059
6.81124, 0.0198059
6.87427, 0.0198059
6.93889, 0.0198059
7.00511, 0.0198059
7.073, 0.0198059
7.14258, 0.0198059
7.20258, 0.0198059
7.26258, 0.0198059
7.32408, 0.0198059
7.38408, 0.0198059
7.44558, 0.0198059
7.50558, 0.0198059
7.56708, 0.0198059
7.63012, 0.0198059
7.69012, 0.0198059
7.75162, 0.0198059
7.81162, 0.0198059
7.87312, 0.0198059
7.93616, 0.0198059
8.00077, 0.0198059
8.067, 0.0198059
8.13488, 0.0198059
8.19488, 0.0198059
8.25638, 0.0198059
8.31638, 0.0198059
8.37638, 0.0198059
8.43788, 0.0198059
8.50092, 0.0198059
8.56553, 0.0198059
8.62553, 0.0198059
8.68703, 0.0198059
8.75007, 0.0198059
8.81468, 0.0198059
8.87468, 0.0198059
8.93618, 0.0198059
8.99922, 0.0198059
9.06384, 0.0198059
9.12384, 0.0198059
9.18534, 0.0198059
9.24837, 0.0198059
9.31299, 0.0198059
9.37299, 0.0198059
9.43449, 0.0198059
9.49752, 0.0198059
9.56214, 0.0198059
9.62214, 0.0198059
9.68364, 0.0198059
9.74667, 0.0198059
9.81129, 0.0198059
9.87752, 0.0198059
9.9454, 0.0198059
10.0054, 0.0198059
10.0669, 0.0198059
10.1269, 0.0198059
10.1884, 0.0198059
10.2484, 0.0198059
10.3099, 0.0198059
10.3699, 0.0198059
10.4299, 0.0198059
10.4914, 0.0198059
10.5514, 0.0198059
10.6129, 0.0198059
10.6759, 0.0198059
10.7359, 0.0198059
10.7974, 0.0198059
10.8574, 0.0198059
10.9189, 0.0198059
10.9789, 0.0198059
11.0404, 0.0198059
11.1004, 0.0198059
11.1619, 0.0198059
11.2219, 0.0198059
11.2834, 0.0198059
11.3434, 0.0198059
11.4049, 0.0198059
11.468, 0.0198059
11.5326, 0.0198059
11.5926, 0.0198059
11.6541, 0.0198059
11.7141, 0.0198059
11.7756, 0.0198059
11.8386, 0.0198059
11.8986, 0.0198059
11.9601, 0.0198059
12.0232, 0.0198059
12.0878, 0.0198059
12.154, 0.0198059
12.2219, 0.0198059
12.2819, 0.0198059
12.3434, 0.0198059
12.4064, 0.0198059
12.471, 0.0198059
12.5373, 0.0198059
12.5973, 0.0198059
12.6588, 0.0198059
12.7218, 0.0198059
12.7818, 0.0198059
12.8433, 0.0198059
12.9033, 0.0198059
12.9648, 0.0198059
13.0248, 0.0198059
13.0848, 0.0198059
13.1463, 0.0198059
13.2063, 0.0198059
13.2663, 0.0198059
13.3278, 0.0198059
13.3878, 0.0198059
13.4493, 0.0198059
13.5093, 0.0198059
13.5708, 0.0198059
13.6338, 0.0198059
13.6938, 0.0198059
13.7538, 0.0198059
13.8153, 0.0198059
13.8784, 0.0198059
13.9384, 0.0198059
13.9984, 0.0198059
14.0599, 0.0198059
14.1229, 0.0198059
14.1829, 0.0198059
14.2444, 0.0198059
14.3075, 0.0198059
14.3721, 0.0198059
14.4321, 0.0198059
14.4936, 0.0198059
14.5566, 0.0198059
14.6212, 0.0198059
14.6812, 0.0198059
14.7427, 0.0198059
14.8058, 0.0198059
14.8704, 0.0198059
14.9366, 0.0198059
14.9966, 0.0198059
15.0581, 0.0198059
15.1211, 0.0198059
15.1811, 0.0198059
15.2426, 0.0198059
15.3026, 0.0198059
15.3641, 0.0198059
15.4241, 0.0198059
15.4841, 0.0198059
15.5456, 0.0198059
15.6087, 0.0198059
15.6687, 0.0198059
15.7302, 0.0198059
15.7902, 0.0198059
15.8517, 0.0198059
15.9117, 0.0198059
15.9717, 0.0198059
16.0332, 0.0198059
16.0932, 0.0198059
16.1547, 0.0198059
16.2177, 0.0198059
16.2823, 0.0198059
16.3486, 0.0198059
16.4164, 0.0198059
16.4764, 0.0198059
16.5379, 0.0198059
16.601, 0.0198059
16.661, 0.0198059
16.7225, 0.0198059
16.7855, 0.0198059
16.8455, 0.0198059
16.907, 0.0198059
16.967, 0.0198059
17.0285, 0.0198059
17.0885, 0.0198059
17.15, 0.0198059
17.2131, 0.0198059
17.2731, 0.0198059
17.3346, 0.0198059
17.3946, 0.0198059
17.4561, 0.0198059
17.5161, 0.0198059
17.5776, 0.0198059
17.6406, 0.0198059
17.7052, 0.0198059
17.7652, 0.0198059
17.8267, 0.0198059
17.8897, 0.0198059
17.9497, 0.0198059
18.0112, 0.0198059
18.0743, 0.0198059
18.1389, 0.0198059
18.1989, 0.0198059
18.2589, 0.0198059
18.3204, 0.0198059
18.3804, 0.0198059
18.4419, 0.0198059
18.5019, 0.0198059
18.5634, 0.0198059
18.6234, 0.0198059
18.6849, 0.0198059
18.7449, 0.0198059
18.8064, 0.0198059
18.8694, 0.0198059
18.934, 0.0198059
19.0003, 0.0198059
19.0682, 0.0198059
19.1377, 0.0198059
19.1977, 0.0198059
19.2592, 0.0198059
19.3192, 0.0198059
19.3807, 0.0198059
19.4407, 0.0198059
19.5022, 0.0198059
19.5622, 0.0198059
19.6237, 0.0198059
19.6868, 0.0198059
19.7514, 0.0198059
19.8176, 0.0198059
19.8776, 0.0198059
19.9391, 0.0198059
20.0022, 0.0198059
20.0622, 0.0198059
20.1222, 0.0198059
20.1837, 0.0198059
20.2467, 0.0198059
20.3113, 0.0198059
20.3775, 0.0198059
20.4454, 0.0198059
20.5054, 0.0198059
20.5669, 0.0198059
20.63, 0.0198059
20.69, 0.0198059
20.7515, 0.0198059
20.8145, 0.0198059
20.8791, 0.0198059
20.9391, 0.0198059
21.0006, 0.0198059
21.0636, 0.0198059
21.1283, 0.0198059
21.1883, 0.0198059
21.2498, 0.0198059
21.3128, 0.0198059
21.3774, 0.0198059
21.4436, 0.0198059
21.5115, 0.0198059
21.5715, 0.0198059
21.633, 0.0198059
21.6961, 0.0198059
21.7607, 0.0198059
21.8269, 0.0198059
21.8869, 0.0198059
21.9484, 0.0198059
22.0084, 0.0198059
22.0699, 0.0198059
22.1329, 0.0198059
22.1929, 0.0198059
22.2529, 0.0198059
22.3144, 0.0198059
22.3775, 0.0198059
22.4375, 0.0198059
22.499, 0.0198059
22.562, 0.0198059
22.622, 0.0198059
22.6835, 0.0198059
22.7466, 0.0198059
22.8112, 0.0198059
22.8774, 0.0198059
22.9374, 0.0198059
22.9989, 0.0198059
23.0589, 0.0198059
23.1204, 0.0198059
23.1834, 0.0198059
23.248, 0.0198059
23.3143, 0.0198059
23.3743, 0.0198059
23.4343, 0.0198059
23.4943, 0.0198059
23.5558, 0.0198059
23.6188, 0.0198059
23.6788, 0.0198059
23.7388, 0.0198059
23.8003, 0.0198059
23.8634, 0.0198059
23.928, 0.0198059
23.988, 0.0198059
24.0495, 0.0198059
24.1125, 0.0198059
24.1771, 0.0198059
24.2371, 0.0198059
24.2986, 0.0198059
24.3586, 0.0198059
24.4201, 0.0198059
24.4832, 0.0198059
24.5478, 0.0198059
24.614, 0.0198059
24.674, 0.0198059
24.7355, 0.0198059
24.7985, 0.0198059
24.8585, 0.0198059
24.92, 0.0198059
24.9831, 0.0198059
25.0431, 0.0198059
25.1046, 0.0198059
25.1676, 0.0198059
25.2276, 0.0198059
25.2876, 0.0198059
25.3491, 0.0198059
25.4121, 0.0198059
25.4768, 0.0198059
25.5368, 0.0198059
25.5983, 0.0198059
25.6583, 0.0198059
25.7198, 0.0198059
25.7828, 0.0198059
25.8474, 0.0198059
25.9136, 0.0198059
25.9815, 0.0198059
26.0511, 0.0198059
26.1111, 0.0198059
26.1726, 0.0198059
26.2326, 0.0198059
26.2941, 0.0198059
26.3541, 0.0198059
26.4156, 0.0198059
26.4756, 0.0198059
26.5371, 0.0198059
26.5971, 0.0198059
26.6586, 0.0198059
26.7186, 0.0198059
26.7801, 0.0198059
26.8401, 0.0198059
26.9016, 0.0198059
26.9646, 0.0198059
27.0293, 0.0198059
27.0893, 0.0198059
27.1508, 0.0198059
27.2108, 0.0198059
27.2723, 0.0198059
27.3323, 0.0198059
27.3938, 0.0198059
27.4568, 0.0198059
27.5214, 0.0198059
27.5876, 0.0198059
27.6555, 0.0198059
27.7155, 0.0198059
27.777, 0.0198059
27.837, 0.0198059
27.8985, 0.0198059
27.9585, 0.0198059
28.02, 0.0198059
28.08, 0.0198059
28.1415, 0.0198059
28.2015, 0.0198059
28.263, 0.0198059
28.323, 0.0198059
28.3845, 0.0198059
28.4445, 0.0198059
28.5045, 0.0198059
28.566, 0.0198059
28.6291, 0.0198059
28.6937, 0.0198059
28.7599, 0.0198059
28.8278, 0.0198059
28.8878, 0.0198059
28.9493, 0.0198059
29.0093, 0.0198059
29.0708, 0.0198059
29.1338, 0.0198059
29.1984, 0.0198059
29.2584, 0.0198059
29.3199, 0.0198059
29.383, 0.0198059
29.4476, 0.0198059
29.5076, 0.0198059
29.5691, 0.0198059
29.6291, 0.0198059
29.6891, 0.0198059
29.7506, 0.0198059
29.8106, 0.0198059
29.8721, 0.0198059
29.9321, 0.0198059
29.9936, 0.0198059
30.0566, 0.0198059
30.1166, 0.0198059
30.1781, 0.0198059
30.2412, 0.0198059
30.3058, 0.0198059
30.3658, 0.0198059
30.4273, 0.0198059
30.4873, 0.0198059
30.5488, 0.0198059
30.6088, 0.0198059
30.6703, 0.0198059
30.7303, 0.0198059
30.7918, 0.0198059
30.8518, 0.0198059
30.9118, 0.0198059
30.9733, 0.0198059
31.0363, 0.0198059
31.0963, 0.0198059
31.1578, 0.0198059
31.2178, 0.0198059
31.2793, 0.0198059
31.3393, 0.0198059
31.3993, 0.0198059
31.4608, 0.0198059
31.5238, 0.0198059
31.5885, 0.0198059
31.6485, 0.0198059
31.7085, 0.0198059
31.77, 0.0198059
31.833, 0.0198059
31.8976, 0.0198059
31.9638, 0.0198059
32.0317, 0.0198059
32.1013, 0.0198059
32.1613, 0.0198059
32.2228, 0.0198059
32.2858, 0.0198059
32.3505, 0.0198059
32.4105, 0.0198059
32.472, 0.0198059
32.535, 0.0198059
32.595, 0.0198059
32.6565, 0.0198059
32.7165, 0.0198059
32.778, 0.0198059
32.841, 0.0198059
32.901, 0.0198059
32.9625, 0.0198059
33.0256, 0.0198059
33.0902, 0.0198059
33.1564, 0.0198059
33.2164, 0.0198059
33.2779, 0.0198059
33.341, 0.0198059
33.4056, 0.0198059
33.4718, 0.0198059
33.5318, 0.0198059
33.5933, 0.0198059
33.6533, 0.0198059
33.7148, 0.0198059
33.7748, 0.0198059
33.8348, 0.0198059
33.8963, 0.0198059
33.9593, 0.0198059
34.0193, 0.0198059
34.0793, 0.0198059
34.1408, 0.0198059
34.2039, 0.0198059
34.2639, 0.0198059
34.3239, 0.0198059
34.3854, 0.0198059
34.4484, 0.0198059
34.513, 0.0198059
34.573, 0.0198059
34.6345, 0.0198059
34.6976, 0.0198059
34.7622, 0.0198059
34.8284, 0.0198059
34.8884, 0.0198059
34.9499, 0.0198059
35.0099, 0.0198059
35.0714, 0.0198059
35.1314, 0.0198059
35.1929, 0.0198059
35.2559, 0.0198059
35.3206, 0.0198059
35.3868, 0.0198059
35.4468, 0.0198059
35.5083, 0.0198059
35.5683, 0.0198059
35.6298, 0.0198059
35.6928, 0.0198059
35.7574, 0.0198059
35.8174, 0.0198059
35.8789, 0.0198059
35.9389, 0.0198059
36.0004, 0.0198059
36.0604, 0.0198059
36.1219, 0.0198059
36.1819, 0.0198059
36.2434, 0.0198059
36.3034, 0.0198059
36.3649, 0.0198059
36.4249, 0.0198059
36.4849, 0.0198059
36.5464, 0.0198059
36.6064, 0.0198059
36.6679, 0.0198059
36.731, 0.0198059
36.791, 0.0198059
36.8525, 0.0198059
36.9155, 0.0198059
36.9801, 0.0198059
37.0401, 0.0198059
37.1016, 0.0198059
37.1647, 0.0198059
37.2247, 0.0198059
37.2862, 0.0198059
37.3462, 0.0198059
37.4077, 0.0198059
37.4707, 0.0198059
37.5353, 0.0198059
37.6015, 0.0198059
37.6694, 0.0198059
37.739, 0.0198059
37.8103, 0.0198059
37.8703, 0.0198059
37.9318, 0.0198059
37.9918, 0.0198059
38.0533, 0.0198059
38.1164, 0.0198059
38.1764, 0.0198059
38.2379, 0.0198059
38.3009, 0.0198059
38.3655, 0.0198059
38.4255, 0.0198059
38.487, 0.0198059
38.547, 0.0198059
38.6085, 0.0198059
38.6685, 0.0198059
38.73, 0.0198059
38.793, 0.0198059
38.8577, 0.0198059
38.9239, 0.0198059
38.9839, 0.0198059
39.0454, 0.0198059
39.1084, 0.0198059
39.173, 0.0198059
39.2393, 0.0198059
39.2993, 0.0198059
39.3608, 0.0198059
39.4208, 0.0198059
39.4823, 0.0198059
39.5453, 0.0198059
39.6099, 0.0198059
39.6762, 0.0198059
39.744, 0.0198059
39.804, 0.0198059
39.8655, 0.0198059
39.9255, 0.0198059
39.987, 0.0198059
40.047, 0.0198059
40.107, 0.0198059
40.1685, 0.0198059
40.2285, 0.0198059
40.29, 0.0198059
40.3531, 0.0198059
40.4131, 0.0198059
40.4746, 0.0198059
40.5346, 0.0198059
40.5961, 0.0198059
40.6561, 0.0198059
40.7176, 0.0198059
40.7806, 0.0198059
40.8406, 0.0198059
40.9006, 0.0198059
40.9606, 0.0198059
41.0221, 0.0198059
41.0851, 0.0198059
41.1451, 0.0198059
41.2066, 0.0198059
41.2666, 0.0198059
41.3281, 0.0198059
41.3881, 0.0198059
41.4481, 0.0198059
41.5096, 0.0198059
41.5727, 0.0198059
41.6327, 0.0198059
41.6942, 0.0198059
41.7572, 0.0198059
41.8172, 0.0198059
41.8787, 0.0198059
41.9418, 0.0198059
42.0064, 0.0198059
42.0726, 0.0198059
42.1405, 0.0198059
42.2101, 0.0198059
42.2701, 0.0198059
42.3316, 0.0198059
42.3916, 0.0198059
42.4531, 0.0198059
42.5161, 0.0198059
42.5761, 0.0198059
42.6376, 0.0198059
42.7006, 0.0198059
42.7606, 0.0198059
42.8221, 0.0198059
42.8852, 0.0198059
42.9452, 0.0198059
43.0067, 0.0198059
43.0667, 0.0198059
43.1282, 0.0198059
43.1882, 0.0198059
43.2497, 0.0198059
43.3097, 0.0198059
43.3712, 0.0198059
43.4312, 0.0198059
43.4927, 0.0198059
43.5527, 0.0198059
43.6142, 0.0198059
43.6772, 0.0198059
43.7418, 0.0198059
43.8018, 0.0198059
43.8633, 0.0198059
43.9264, 0.0198059
43.991, 0.0198059
44.0572, 0.0198059
44.1172, 0.0198059
44.1772, 0.0198059
44.2387, 0.0198059
44.3017, 0.0198059
44.3617, 0.0198059
44.4232, 0.0198059
44.4863, 0.0198059
44.5463, 0.0198059
44.6063, 0.0198059
44.6663, 0.0198059
44.7278, 0.0198059
44.7878, 0.0198059
44.8493, 0.0198059
44.9093, 0.0198059
44.9693, 0.0198059
45.0293, 0.0198059
45.0908, 0.0198059
45.1508, 0.0198059
45.2123, 0.0198059
45.2723, 0.0198059
45.3338, 0.0198059
45.3968, 0.0198059
45.4568, 0.0198059
45.5168, 0.0198059
45.5783, 0.0198059
45.6383, 0.0198059
45.6998, 0.0198059
45.7598, 0.0198059
45.8213, 0.0198059
45.8844, 0.0198059
45.9444, 0.0198059
46.0059, 0.0198059
46.0659, 0.0198059
46.1274, 0.0198059
46.1904, 0.0198059
46.255, 0.0198059
46.3212, 0.0198059
46.3812, 0.0198059
46.4412, 0.0198059
46.5027, 0.0198059
46.5658, 0.0198059
46.6304, 0.0198059
46.6966, 0.0198059
46.7645, 0.0198059
46.8341, 0.0198059
46.8941, 0.0198059
46.9556, 0.0198059
47.0186, 0.0198059
47.0786, 0.0198059
47.1401, 0.0198059
47.2001, 0.0198059
47.2616, 0.0198059
47.3216, 0.0198059
47.3816, 0.0198059
47.4431, 0.0198059
47.5062, 0.0198059
47.5662, 0.0198059
47.6277, 0.0198059
47.6907, 0.0198059
47.7553, 0.0198059
47.8153, 0.0198059
47.8768, 0.0198059
47.9399, 0.0198059
47.9999, 0.0198059
48.0614, 0.0198059
48.1244, 0.0198059
48.189, 0.0198059
48.249, 0.0198059
48.309, 0.0198059
48.3705, 0.0198059
48.4305, 0.0198059
48.492, 0.0198059
48.555, 0.0198059
48.615, 0.0198059
48.6765, 0.0198059
48.7396, 0.0198059
48.8042, 0.0198059
48.8642, 0.0198059
48.9242, 0.0198059
48.9857, 0.0198059
49.0487, 0.0198059
49.1087, 0.0198059
49.1702, 0.0198059
49.2302, 0.0198059
49.2917, 0.0198059
49.3548, 0.0198059
49.4148, 0.0198059
49.4748, 0.0198059
49.5363, 0.0198059
49.5993, 0.0198059
49.6639, 0.0198059
49.7239, 0.0198059
49.7839, 0.0198059
49.8454, 0.0198059
49.9054, 0.0198059
49.9669, 0.0198059
50.03, 0.0198059
50.09, 0.0198059
50.15, 0.0198059
50.2115, 0.0198059
50.2745, 0.0198059
50.3345, 0.0198059
50.396, 0.0198059
50.456, 0.0198059
50.5175, 0.0198059
50.5805, 0.0198059
50.6451, 0.0198059
50.7114, 0.0198059
50.7714, 0.0198059
50.8329, 0.0198059
50.8959, 0.0198059
50.9559, 0.0198059
51.0159, 0.0198059
51.0774, 0.0198059
51.1404, 0.0198059
51.2051, 0.0198059
51.2651, 0.0198059
51.3266, 0.0198059
51.3866, 0.0198059
51.4481, 0.0198059
51.5081, 0.0198059
51.5696, 0.0198059
51.6326, 0.0198059
51.6972, 0.0198059
51.7572, 0.0198059
51.8187, 0.0198059
51.8787, 0.0198059
51.9402, 0.0198059
52.0032, 0.0198059
52.0679, 0.0198059
52.1341, 0.0198059
52.202, 0.0198059
52.262, 0.0198059
52.3235, 0.0198059
52.3865, 0.0198059
52.4465, 0.0198059
52.508, 0.0198059
52.571, 0.0198059
52.6357, 0.0198059
52.7019, 0.0198059
52.7698, 0.0198059
52.8298, 0.0198059
52.8913, 0.0198059
52.9513, 0.0198059
53.0128, 0.0198059
53.0758, 0.0198059
53.1404, 0.0198059
53.2067, 0.0198059
53.2745, 0.0198059
53.3441, 0.0198059
53.4154, 0.0198059
53.4754, 0.0198059
53.5369, 0.0198059
53.5969, 0.0198059
53.6584, 0.0198059
53.7184, 0.0198059
53.7799, 0.0198059
53.8399, 0.0198059
53.8999, 0.0198059
53.9614, 0.0198059
54.0245, 0.0198059
54.0891, 0.0198059
54.1553, 0.0198059
54.2153, 0.0198059
54.2768, 0.0198059
54.3368, 0.0198059
54.3983, 0.0198059
54.4583, 0.0198059
54.5198, 0.0198059
54.5798, 0.0198059
54.6413, 0.0198059
54.7013, 0.0198059
54.7628, 0.0198059
54.8228, 0.0198059
54.8828, 0.0198059
54.9443, 0.0198059
55.0074, 0.0198059
55.0674, 0.0198059
55.1274, 0.0198059
55.1889, 0.0198059
55.2519, 0.0198059
55.3119, 0.0198059
55.3734, 0.0198059
55.4334, 0.0198059
55.4949, 0.0198059
55.5549, 0.0198059
55.6149, 0.0198059
55.6764, 0.0198059
55.7394, 0.0198059
55.804, 0.0198059
55.864, 0.0198059
55.924, 0.0198059
55.9855, 0.0198059
56.0486, 0.0198059
56.1132, 0.0198059
56.1794, 0.0198059
56.2394, 0.0198059
56.3009, 0.0198059
56.3609, 0.0198059
56.4224, 0.0198059
56.4824, 0.0198059
56.5439, 0.0198059
56.607, 0.0198059
56.6716, 0.0198059
56.7378, 0.0198059
56.7978, 0.0198059
56.8593, 0.0198059
56.9193, 0.0198059
56.9808, 0.0198059
57.0438, 0.0198059
57.1038, 0.0198059
57.1653, 0.0198059
57.2253, 0.0198059
57.2868, 0.0198059
57.3468, 0.0198059
57.4068, 0.0198059
57.4668, 0.0198059
57.5283, 0.0198059
57.5914, 0.0198059
57.656, 0.0198059
57.7222, 0.0198059
57.7901, 0.0198059
57.8501, 0.0198059
57.9116, 0.0198059
57.9716, 0.0198059
58.0331, 0.0198059
58.0961, 0.0198059
58.1561, 0.0198059
58.2176, 0.0198059
58.2776, 0.0198059
58.3391, 0.0198059
58.4022, 0.0198059
58.4668, 0.0198059
58.5268, 0.0198059
58.5883, 0.0198059
58.6483, 0.0198059
58.7098, 0.0198059
58.7728, 0.0198059
58.8328, 0.0198059
58.8928, 0.0198059
58.9543, 0.0198059
59.0174, 0.0198059
59.082, 0.0198059
59.142, 0.0198059
59.2035, 0.0198059
59.2665, 0.0198059
59.3311, 0.0198059
59.3974, 0.0198059
59.4574, 0.0198059
59.5189, 0.0198059
59.5819, 0.0198059
59.6465, 0.0198059
59.7127, 0.0198059
59.7806, 0.0198059
59.8502, 0.0198059
59.9102, 0.0198059
59.9717, 0.0198059
60.0347, 0.0198059
60.0994, 0.0198059
60.1656, 0.0198059
60.2256, 0.0198059
60.2871, 0.0198059
60.3501, 0.0198059
60.4101, 0.0198059
60.4716, 0.0198059
60.5347, 0.0198059
60.5993, 0.0198059
60.6593, 0.0198059
60.7208, 0.0198059
60.7838, 0.0198059
60.8438, 0.0198059
60.9053, 0.0198059
60.9653, 0.0198059
61.0268, 0.0198059
61.0899, 0.0198059
61.1499, 0.0198059
61.2114, 0.0198059
61.2744, 0.0198059
61.339, 0.0198059
61.4052, 0.0198059
61.4652, 0.0198059
61.5267, 0.0198059
61.5898, 0.0198059
61.6544, 0.0198059
61.7206, 0.0198059
61.7885, 0.0198059
61.8581, 0.0198059
61.9294, 0.0198059
62.0025, 0.0198059
62.0774, 0.0198059
62.1374, 0.0198059
62.1989, 0.0198059
62.2589, 0.0198059
62.3204, 0.0198059
62.3835, 0.0198059
62.4481, 0.0198059
62.5143, 0.0198059
62.5822, 0.0198059
62.6518, 0.0198059
62.7231, 0.0198059
62.7962, 0.0198059
62.8562, 0.0198059
62.9162, 0.0198059
62.9777, 0.0198059
63.0377, 0.0198059
63.0992, 0.0198059
63.1622, 0.0198059
63.2269, 0.0198059
63.2869, 0.0198059
63.3484, 0.0198059
63.4114, 0.0198059
63.4714, 0.0198059
63.5329, 0.0198059
63.5959, 0.0198059
63.6559, 0.0198059
63.7174, 0.0198059
63.7805, 0.0198059
63.8405, 0.0198059
63.902, 0.0198059
63.965, 0.0198059
64.0296, 0.0198059
64.0896, 0.0198059
64.1511, 0.0198059
64.2142, 0.0198059
64.2742, 0.0198059
64.3357, 0.0198059
64.3987, 0.0198059
64.4633, 0.0198059
64.5233, 0.0198059
64.5848, 0.0198059
64.6448, 0.0198059
64.7063, 0.0198059
64.7693, 0.0198059
64.834, 0.0198059
64.9002, 0.0198059
64.9681, 0.0198059
65.0281, 0.0198059
65.0896, 0.0198059
65.1496, 0.0198059
65.2111, 0.0198059
65.2741, 0.0198059
65.3387, 0.0198059
65.405, 0.0198059
65.4728, 0.0198059
65.5328, 0.0198059
65.5943, 0.0198059
65.6543, 0.0198059
65.7158, 0.0198059
65.7789, 0.0198059
65.8435, 0.0198059
65.9035, 0.0198059
65.965, 0.0198059
66.025, 0.0198059
66.0865, 0.0198059
66.1495, 0.0198059
66.2095, 0.0198059
66.271, 0.0198059
66.331, 0.0198059
66.3925, 0.0198059
66.4525, 0.0198059
66.514, 0.0198059
66.574, 0.0198059
66.6355, 0.0198059
66.6955, 0.0198059
66.757, 0.0198059
66.817, 0.0198059
66.8785, 0.0198059
66.9416, 0.0198059
67.0016, 0.0198059
67.0631, 0.0198059
67.1261, 0.0198059
67.1861, 0.0198059
67.2476, 0.0198059
67.3076, 0.0198059
67.3691, 0.0198059
67.4291, 0.0198059
67.4891, 0.0198059
67.5506, 0.0198059
67.6136, 0.0198059
67.6783, 0.0198059
67.7445, 0.0198059
67.8045, 0.0198059
67.866, 0.0198059
67.926, 0.0198059
67.9875, 0.0198059
68.0505, 0.0198059
68.1105, 0.0198059
68.172, 0.0198059
68.2351, 0.0198059
68.2997, 0.0198059
68.3597, 0.0198059
68.4212, 0.0198059
68.4842, 0.0198059
68.5488, 0.0198059
68.6088, 0.0198059
68.6703, 0.0198059
68.7303, 0.0198059
68.7918, 0.0198059
68.8549, 0.0198059
68.9195, 0.0198059
68.9795, 0.0198059
69.041, 0.0198059
69.101, 0.0198059
69.1625, 0.0198059
69.2225, 0.0198059
69.284, 0.0198059
69.344, 0.0198059
69.4055, 0.0198059
69.4685, 0.0198059
69.5331, 0.0198059
69.5994, 0.0198059
69.6672, 0.0198059
69.7272, 0.0198059
69.7887, 0.0198059
69.8518, 0.0198059
69.9118, 0.0198059
69.9733, 0.0198059
70.0363, 0.0198059
70.1009, 0.0198059
70.1672, 0.0198059
70.235, 0.0198059
70.3046, 0.0198059
70.3759, 0.0198059
70.449, 0.0198059
70.509, 0.0198059
70.5705, 0.0198059
70.6336, 0.0198059
70.6936, 0.0198059
70.7551, 0.0198059
70.8151, 0.0198059
70.8766, 0.0198059
70.9396, 0.0198059
71.0042, 0.0198059
71.0705, 0.0198059
71.1383, 0.0198059
71.1983, 0.0198059
71.2598, 0.0198059
71.3229, 0.0198059
71.3829, 0.0198059
71.4429, 0.0198059
71.5044, 0.0198059
71.5644, 0.0198059
71.6259, 0.0198059
71.6889, 0.0198059
71.7535, 0.0198059
71.8135, 0.0198059
71.875, 0.0198059
71.9381, 0.0198059
72.0027, 0.0198059
72.0689, 0.0198059
72.1289, 0.0198059
72.1889, 0.0198059
72.2504, 0.0198059
72.3135, 0.0198059
72.3735, 0.0198059
72.435, 0.0198059
72.498, 0.0198059
72.558, 0.0198059
72.6195, 0.0198059
72.6795, 0.0198059
72.741, 0.0198059
72.801, 0.0198059
72.8625, 0.0198059
72.9255, 0.0198059
72.9855, 0.0198059
73.047, 0.0198059
73.107, 0.0198059
73.1685, 0.0198059
73.2316, 0.0198059
73.2962, 0.0198059
73.3624, 0.0198059
73.4224, 0.0198059
73.4839, 0.0198059
73.5469, 0.0198059
73.6116, 0.0198059
73.6716, 0.0198059
73.7331, 0.0198059
73.7931, 0.0198059
73.8546, 0.0198059
73.9146, 0.0198059
73.9761, 0.0198059
74.0391, 0.0198059
74.1037, 0.0198059
74.1699, 0.0198059
74.2378, 0.0198059
74.2978, 0.0198059
74.3578, 0.0198059
74.4193, 0.0198059
74.4793, 0.0198059
74.5408, 0.0198059
74.6039, 0.0198059
74.6639, 0.0198059
74.7254, 0.0198059
74.7884, 0.0198059
74.8484, 0.0198059
74.9099, 0.0198059
74.9729, 0.0198059
75.0329, 0.0198059
75.0944, 0.0198059
75.1575, 0.0198059
75.2175, 0.0198059
75.279, 0.0198059
75.342, 0.0198059
75.4066, 0.0198059
75.4666, 0.0198059
75.5281, 0.0198059
75.5912, 0.0198059
75.6512, 0.0198059
75.7127, 0.0198059
75.7757, 0.0198059
75.8357, 0.0198059
75.8972, 0.0198059
75.9572, 0.0198059
76.0187, 0.0198059
76.0787, 0.0198059
76.1402, 0.0198059
76.2002, 0.0198059
76.2617, 0.0198059
76.3247, 0.0198059
76.3847, 0.0198059
76.4462, 0.0198059
76.5062, 0.0198059
76.5677, 0.0198059
76.6277, 0.0198059
76.6892, 0.0198059
76.7492, 0.0198059
76.8107, 0.0198059
76.8738, 0.0198059
76.9384, 0.0198059
77.0046, 0.0198059
77.0725, 0.0198059
77.1325, 0.0198059
77.194, 0.0198059
77.257, 0.0198059
77.317, 0.0198059
77.377, 0.0198059
77.4385, 0.0198059
77.5016, 0.0198059
77.5616, 0.0198059
77.6231, 0.0198059
77.6861, 0.0198059
77.7507, 0.0198059
77.8107, 0.0198059
77.8722, 0.0198059
77.9322, 0.0198059
77.9937, 0.0198059
78.0568, 0.0198059
78.1214, 0.0198059
78.1876, 0.0198059
78.2476, 0.0198059
78.3076, 0.0198059
78.3691, 0.0198059
78.4321, 0.0198059
78.4921, 0.0198059
78.5536, 0.0198059
78.6167, 0.0198059
78.6767, 0.0198059
78.7382, 0.0198059
78.8012, 0.0198059
78.8658, 0.0198059
78.9258, 0.0198059
78.9858, 0.0198059
79.0473, 0.0198059
79.1073, 0.0198059
79.1688, 0.0198059
79.2319, 0.0198059
79.2919, 0.0198059
79.3534, 0.0198059
79.4164, 0.0198059
79.481, 0.0198059
79.541, 0.0198059
79.6025, 0.0198059
79.6656, 0.0198059
79.7256, 0.0198059
79.7871, 0.0198059
79.8501, 0.0198059
79.9147, 0.0198059
79.9809, 0.0198059
80.0488, 0.0198059
80.1184, 0.0198059
80.1784, 0.0198059
80.2399, 0.0198059
80.3029, 0.0198059
80.3676, 0.0198059
80.4338, 0.0198059
80.4938, 0.0198059
80.5553, 0.0198059
80.6153, 0.0198059
80.6768, 0.0198059
80.7368, 0.0198059
80.7983, 0.0198059
80.8613, 0.0198059
80.9213, 0.0198059
80.9828, 0.0198059
81.0428, 0.0198059
81.1043, 0.0198059
81.1643, 0.0198059
81.2258, 0.0198059
81.2858, 0.0198059
81.3458, 0.0198059
81.4073, 0.0198059
81.4704, 0.0198059
81.535, 0.0198059
81.595, 0.0198059
81.6565, 0.0198059
81.7195, 0.0198059
81.7795, 0.0198059
81.841, 0.0198059
81.904, 0.0198059
81.9687, 0.0198059
82.0287, 0.0198059
82.0902, 0.0198059
82.1502, 0.0198059
82.2117, 0.0198059
82.2717, 0.0198059
82.3332, 0.0198059
82.3962, 0.0198059
82.4608, 0.0198059
82.5208, 0.0198059
82.5823, 0.0198059
82.6453, 0.0198059
82.71, 0.0198059
82.77, 0.0198059
82.83, 0.0198059
82.8915, 0.0198059
82.9515, 0.0198059
83.013, 0.0198059
83.073, 0.0198059
83.1345, 0.0198059
83.1945, 0.0198059
83.256, 0.0198059
83.316, 0.0198059
83.3775, 0.0198059
83.4375, 0.0198059
83.499, 0.0198059
83.562, 0.0198059
83.622, 0.0198059
83.6835, 0.0198059
83.7435, 0.0198059
83.805, 0.0198059
83.868, 0.0198059
83.9327, 0.0198059
83.9989, 0.0198059
84.0668, 0.0198059
84.1363, 0.0198059
84.1963, 0.0198059
84.2578, 0.0198059
84.3178, 0.0198059
84.3793, 0.0198059
84.4424, 0.0198059
84.5024, 0.0198059
84.5639, 0.0198059
84.6269, 0.0198059
84.6869, 0.0198059
84.7484, 0.0198059
84.8084, 0.0198059
84.8699, 0.0198059
84.933, 0.0198059
84.993, 0.0198059
85.053, 0.0198059
85.1145, 0.0198059
85.1775, 0.0198059
85.2421, 0.0198059
85.3083, 0.0198059
85.3683, 0.0198059
85.4298, 0.0198059
85.4898, 0.0198059
85.5513, 0.0198059
85.6113, 0.0198059
85.6728, 0.0198059
85.7359, 0.0198059
85.7959, 0.0198059
85.8574, 0.0198059
85.9174, 0.0198059
85.9789, 0.0198059
86.0419, 0.0198059
86.1019, 0.0198059
86.1634, 0.0198059
86.2265, 0.0198059
86.2865, 0.0198059
86.348, 0.0198059
86.411, 0.0198059
86.4756, 0.0198059
86.5356, 0.0198059
86.5971, 0.0198059
86.6571, 0.0198059
86.7186, 0.0198059
86.7786, 0.0198059
86.8401, 0.0198059
86.9031, 0.0198059
86.9631, 0.0198059
87.0246, 0.0198059
87.0877, 0.0198059
87.1523, 0.0198059
87.2185, 0.0198059
87.2864, 0.0198059
87.3464, 0.0198059
87.4079, 0.0198059
87.4679, 0.0198059
87.5279, 0.0198059
87.5894, 0.0198059
87.6524, 0.0198059
87.7171, 0.0198059
87.7771, 0.0198059
87.8386, 0.0198059
87.9016, 0.0198059
87.9616, 0.0198059
88.0231, 0.0198059
88.0861, 0.0198059
88.1461, 0.0198059
88.2076, 0.0198059
88.2707, 0.0198059
88.3353, 0.0198059
88.4015, 0.0198059
88.4694, 0.0198059
88.539, 0.0198059
88.6103, 0.0198059
88.6834, 0.0198059
88.7434, 0.0198059
88.8049, 0.0198059
88.8679, 0.0198059
88.9279, 0.0198059
88.9894, 0.0198059
89.0525, 0.0198059
89.1171, 0.0198059
89.1771, 0.0198059
89.2386, 0.0198059
89.2986, 0.0198059
89.3601, 0.0198059
89.4231, 0.0198059
89.4877, 0.0198059
89.554, 0.0198059
89.6219, 0.0198059
89.6914, 0.0198059
89.7514, 0.0198059
89.8129, 0.0198059
89.8729, 0.0198059
89.9344, 0.0198059
89.9975, 0.0198059
90.0621, 0.0198059
90.1283, 0.0198059
90.1883, 0.0198059
90.2498, 0.0198059
90.3098, 0.0198059
90.3713, 0.0198059
90.4344, 0.0198059
90.4944, 0.0198059
90.5559, 0.0198059
90.6189, 0.0198059
90.6789, 0.0198059
90.7404, 0.0198059
90.8004, 0.0198059
90.8619, 0.0198059
90.9249, 0.0198059
90.9849, 0.0198059
91.0464, 0.0198059
91.1064, 0.0198059
91.1679, 0.0198059
91.231, 0.0198059
91.2956, 0.0198059
91.3618, 0.0198059
91.4218, 0.0198059
91.4833, 0.0198059
91.5433, 0.0198059
91.6048, 0.0198059
91.6678, 0.0198059
91.7325, 0.0198059
91.7925, 0.0198059
91.854, 0.0198059
91.917, 0.0198059
91.9816, 0.0198059
92.0478, 0.0198059
92.1157, 0.0198059
92.1853, 0.0198059
92.2453, 0.0198059
92.3068, 0.0198059
92.3698, 0.0198059
92.4345, 0.0198059
92.5007, 0.0198059
92.5686, 0.0198059
92.6286, 0.0198059
92.6901, 0.0198059
92.7531, 0.0198059
92.8177, 0.0198059
92.8839, 0.0198059
92.9439, 0.0198059
93.0054, 0.0198059
93.0654, 0.0198059
93.1269, 0.0198059
93.19, 0.0198059
93.2546, 0.0198059
93.3208, 0.0198059
93.3887, 0.0198059
93.4583, 0.0198059
93.5296, 0.0198059
93.5896, 0.0198059
93.6511, 0.0198059
93.7111, 0.0198059
93.7726, 0.0198059
93.8357, 0.0198059
93.9003, 0.0198059
93.9665, 0.0198059
94.0265, 0.0198059
94.088, 0.0198059
94.151, 0.0198059
94.211, 0.0198059
94.2725, 0.0198059
94.3325, 0.0198059
94.394, 0.0198059
94.454, 0.0198059
94.5155, 0.0198059
94.5755, 0.0198059
94.6355, 0.0198059
94.697, 0.0198059
94.7601, 0.0198059
94.8247, 0.0198059
94.8909, 0.0198059
94.9588, 0.0198059
95.0284, 0.0198059
95.0997, 0.0198059
95.1597, 0.0198059
95.2212, 0.0198059
95.2842, 0.0198059
95.3489, 0.0198059
95.4151, 0.0198059
95.4751, 0.0198059
95.5366, 0.0198059
95.5996, 0.0198059
95.6642, 0.0198059
95.7242, 0.0198059
95.7857, 0.0198059
95.8457, 0.0198059
95.9072, 0.0198059
95.9703, 0.0198059
96.0303, 0.0198059
96.0918, 0.0198059
96.1518, 0.0198059
96.2133, 0.0198059
96.2733, 0.0198059
96.3333, 0.0198059
96.3948, 0.0198059
96.4548, 0.0198059
96.5163, 0.0198059
96.5763, 0.0198059
96.6378, 0.0198059
96.7008, 0.0198059
96.7608, 0.0198059
96.8208, 0.0198059
96.8823, 0.0198059
96.9423, 0.0198059
97.0038, 0.0198059
97.0668, 0.0198059
97.1268, 0.0198059
97.1883, 0.0198059
97.2483, 0.0198059
97.3098, 0.0198059
97.3729, 0.0198059
97.4329, 0.0198059
97.4929, 0.0198059
97.5544, 0.0198059
97.6144, 0.0198059
97.6759, 0.0198059
97.7359, 0.0198059
97.7974, 0.0198059
97.8574, 0.0198059
97.9189, 0.0198059
97.9819, 0.0198059
98.0465, 0.0198059
98.1065, 0.0198059
98.168, 0.0198059
98.2311, 0.0198059
98.2957, 0.0198059
98.3619, 0.0198059
98.4219, 0.0198059
98.4834, 0.0198059
98.5464, 0.0198059
98.6111, 0.0198059
98.6711, 0.0198059
98.7326, 0.0198059
98.7956, 0.0198059
98.8602, 0.0198059
98.9264, 0.0198059
98.9943, 0.0198059
99.0639, 0.0198059
99.1239, 0.0198059
99.1854, 0.0198059
99.2484, 0.0198059
99.3084, 0.0198059
99.3699, 0.0198059
99.4299, 0.0198059
99.4914, 0.0198059
99.5514, 0.0198059
99.6129, 0.0198059
99.676, 0.0198059
99.7406, 0.0198059
99.8006, 0.0198059
99.8621, 0.0198059
99.9251, 0.0198059
99.9897, 0.0198059
100.05, 0.0198059
100.111, 0.0198059
100.171, 0.0198059
100.233, 0.0198059
100.296, 0.0198059
100.356, 0.0198059
100.417, 0.0198059
100.477, 0.0198059
100.539, 0.0198059
100.602, 0.0198059
100.662, 0.0198059
100.723, 0.0198059
100.783, 0.0198059
100.843, 0.0198059
100.905, 0.0198059
100.968, 0.0198059
101.032, 0.0198059
101.099, 0.0198059
101.167, 0.0198059
101.227, 0.0198059
101.288, 0.0198059
101.351, 0.0198059
101.411, 0.0198059
101.473, 0.0198059
101.536, 0.0198059
101.6, 0.0198059
101.66, 0.0198059
101.722, 0.0198059
101.785, 0.0198059
101.849, 0.0198059
101.916, 0.0198059
101.984, 0.0198059
102.044, 0.0198059
102.105, 0.0198059
102.168, 0.0198059
102.233, 0.0198059
102.293, 0.0198059
102.354, 0.0198059
102.414, 0.0198059
102.476, 0.0198059
102.539, 0.0198059
102.603, 0.0198059
102.663, 0.0198059
102.725, 0.0198059
102.788, 0.0198059
102.848, 0.0198059
102.908, 0.0198059
102.969, 0.0198059
103.032, 0.0198059
103.097, 0.0198059
103.157, 0.0198059
103.219, 0.0198059
103.279, 0.0198059
103.34, 0.0198059
103.403, 0.0198059
103.463, 0.0198059
103.525, 0.0198059
103.588, 0.0198059
103.652, 0.0198059
103.712, 0.0198059
103.774, 0.0198059
103.834, 0.0198059
103.895, 0.0198059
103.958, 0.0198059
104.023, 0.0198059
104.083, 0.0198059
104.144, 0.0198059
104.204, 0.0198059
104.266, 0.0198059
104.326, 0.0198059
104.387, 0.0198059
104.45, 0.0198059
104.515, 0.0198059
104.575, 0.0198059
104.637, 0.0198059
104.7, 0.0198059
104.764, 0.0198059
104.83, 0.0198059
104.89, 0.0198059
104.952, 0.0198059
105.012, 0.0198059
105.072, 0.0198059
105.133, 0.0198059
105.196, 0.0198059
105.261, 0.0198059
105.321, 0.0198059
105.383, 0.0198059
105.443, 0.0198059
105.504, 0.0198059
105.564, 0.0198059
105.626, 0.0198059
105.686, 0.0198059
105.747, 0.0198059
105.81, 0.0198059
105.87, 0.0198059
105.932, 0.0198059
105.995, 0.0198059
106.059, 0.0198059
106.125, 0.0198059
106.193, 0.0198059
106.263, 0.0198059
106.334, 0.0198059
106.407, 0.0198059
106.482, 0.0198059
106.542, 0.0198059
106.604, 0.0198059
106.667, 0.0198059
106.727, 0.0198059
106.788, 0.0198059
106.848, 0.0198059
106.91, 0.0198059
106.97, 0.0198059
107.031, 0.0198059
107.091, 0.0198059
107.153, 0.0198059
107.213, 0.0198059
107.274, 0.0198059
107.337, 0.0198059
107.397, 0.0198059
107.459, 0.0198059
107.522, 0.0198059
107.587, 0.0198059
107.653, 0.0198059
107.713, 0.0198059
107.773, 0.0198059
107.834, 0.0198059
107.897, 0.0198059
107.962, 0.0198059
108.028, 0.0198059
108.096, 0.0198059
108.166, 0.0198059
108.226, 0.0198059
108.287, 0.0198059
108.347, 0.0198059
108.409, 0.0198059
108.469, 0.0198059
108.53, 0.0198059
108.593, 0.0198059
108.653, 0.0198059
108.715, 0.0198059
108.775, 0.0198059
108.836, 0.0198059
108.899, 0.0198059
108.959, 0.0198059
109.021, 0.0198059
109.084, 0.0198059
109.144, 0.0198059
109.205, 0.0198059
109.268, 0.0198059
109.328, 0.0198059
109.39, 0.0198059
109.453, 0.0198059
109.517, 0.0198059
109.584, 0.0198059
109.644, 0.0198059
109.704, 0.0198059
109.765, 0.0198059
109.828, 0.0198059
109.888, 0.0198059
109.95, 0.0198059
110.013, 0.0198059
110.073, 0.0198059
110.134, 0.0198059
110.197, 0.0198059
110.262, 0.0198059
110.328, 0.0198059
110.396, 0.0198059
110.466, 0.0198059
110.526, 0.0198059
110.587, 0.0198059
110.65, 0.0198059
110.71, 0.0198059
110.772, 0.0198059
110.835, 0.0198059
110.899, 0.0198059
110.965, 0.0198059
111.033, 0.0198059
111.103, 0.0198059
111.174, 0.0198059
111.234, 0.0198059
111.296, 0.0198059
111.356, 0.0198059
111.417, 0.0198059
111.477, 0.0198059
111.539, 0.0198059
111.599, 0.0198059
111.66, 0.0198059
111.723, 0.0198059
111.788, 0.0198059
111.848, 0.0198059
111.909, 0.0198059
111.969, 0.0198059
112.031, 0.0198059
112.091, 0.0198059
112.152, 0.0198059
112.212, 0.0198059
112.274, 0.0198059
112.334, 0.0198059
112.395, 0.0198059
112.455, 0.0198059
112.517, 0.0198059
112.577, 0.0198059
112.638, 0.0198059
112.698, 0.0198059
112.758, 0.0198059
112.82, 0.0198059
112.883, 0.0198059
112.948, 0.0198059
113.008, 0.0198059
113.069, 0.0198059
113.132, 0.0198059
113.192, 0.0198059
113.252, 0.0198059
113.314, 0.0198059
113.374, 0.0198059
113.435, 0.0198059
113.495, 0.0198059
113.555, 0.0198059
113.617, 0.0198059
113.68, 0.0198059
113.74, 0.0198059
113.8, 0.0198059
113.861, 0.0198059
113.924, 0.0198059
113.984, 0.0198059
114.046, 0.0198059
114.109, 0.0198059
114.169, 0.0198059
114.23, 0.0198059
114.293, 0.0198059
114.353, 0.0198059
114.415, 0.0198059
114.475, 0.0198059
114.536, 0.0198059
114.596, 0.0198059
114.656, 0.0198059
114.718, 0.0198059
114.781, 0.0198059
114.841, 0.0198059
114.902, 0.0198059
114.965, 0.0198059
115.03, 0.0198059
115.096, 0.0198059
115.156, 0.0198059
115.218, 0.0198059
115.278, 0.0198059
115.339, 0.0198059
115.399, 0.0198059
115.459, 0.0198059
115.521, 0.0198059
115.581, 0.0198059
115.642, 0.0198059
115.702, 0.0198059
115.764, 0.0198059
115.824, 0.0198059
115.885, 0.0198059
115.948, 0.0198059
116.008, 0.0198059
116.07, 0.0198059
116.133, 0.0198059
116.197, 0.0198059
116.264, 0.0198059
116.331, 0.0198059
116.391, 0.0198059
116.453, 0.0198059
116.516, 0.0198059
116.576, 0.0198059
116.637, 0.0198059
116.701, 0.0198059
116.765, 0.0198059
116.825, 0.0198059
116.887, 0.0198059
116.95, 0.0198059
117.01, 0.0198059
117.071, 0.0198059
117.131, 0.0198059
117.193, 0.0198059
117.256, 0.0198059
117.32, 0.0198059
117.38, 0.0198059
117.442, 0.0198059
117.505, 0.0198059
117.569, 0.0198059
117.636, 0.0198059
117.704, 0.0198059
117.773, 0.0198059
117.844, 0.0198059
117.904, 0.0198059
117.966, 0.0198059
118.029, 0.0198059
118.094, 0.0198059
118.154, 0.0198059
118.215, 0.0198059
118.275, 0.0198059
118.337, 0.0198059
118.397, 0.0198059
118.458, 0.0198059
118.521, 0.0198059
118.586, 0.0198059
118.646, 0.0198059
118.707, 0.0198059
118.77, 0.0198059
118.835, 0.0198059
118.901, 0.0198059
118.961, 0.0198059
119.023, 0.0198059
119.086, 0.0198059
119.15, 0.0198059
119.21, 0.0198059
119.272, 0.0198059
119.332, 0.0198059
119.392, 0.0198059
119.452, 0.0198059
119.513, 0.0198059
119.576, 0.0198059
119.641, 0.0198059
119.707, 0.0198059
119.767, 0.0198059
119.829, 0.0198059
119.889, 0.0198059
119.95, 0.0198059
120.013, 0.0198059
120.073, 0.0198059
120.135, 0.0198059
120.198, 0.0198059
120.258, 0.0198059
120.318, 0.0198059
120.379, 0.0198059
120.442, 0.0198059
120.502, 0.0198059
120.562, 0.0198059
120.624, 0.0198059
120.687, 0.0198059
120.751, 0.0198059
120.811, 0.0198059
120.873, 0.0198059
120.936, 0.0198059
121.001, 0.0198059
121.061, 0.0198059
121.122, 0.0198059
121.182, 0.0198059
121.242, 0.0198059
121.304, 0.0198059
121.367, 0.0198059
121.431, 0.0198059
121.491, 0.0198059
121.553, 0.0198059
121.616, 0.0198059
121.676, 0.0198059
121.737, 0.0198059
121.797, 0.0198059
121.857, 0.0198059
121.919, 0.0198059
121.982, 0.0198059
122.046, 0.0198059
122.106, 0.0198059
122.168, 0.0198059
122.228, 0.0198059
122.289, 0.0198059
122.349, 0.0198059
122.411, 0.0198059
122.474, 0.0198059
122.539, 0.0198059
122.599, 0.0198059
122.659, 0.0198059
122.72, 0.0198059
122.78, 0.0198059
122.842, 0.0198059
122.902, 0.0198059
122.963, 0.0198059
123.023, 0.0198059
123.085, 0.0198059
123.148, 0.0198059
123.212, 0.0198059
123.272, 0.0198059
123.334, 0.0198059
123.397, 0.0198059
123.457, 0.0198059
123.518, 0.0198059
123.578, 0.0198059
123.64, 0.0198059
123.703, 0.0198059
123.767, 0.0198059
123.827, 0.0198059
123.889, 0.0198059
123.949, 0.0198059
124.01, 0.0198059
124.07, 0.0198059
124.132, 0.0198059
124.195, 0.0198059
124.255, 0.0198059
124.316, 0.0198059
124.376, 0.0198059
124.438, 0.0198059
124.498, 0.0198059
124.559, 0.0198059
124.619, 0.0198059
124.681, 0.0198059
124.744, 0.0198059
124.804, 0.0198059
124.866, 0.0198059
124.929, 0.0198059
124.993, 0.0198059
125.053, 0.0198059
125.115, 0.0198059
125.175, 0.0198059
125.236, 0.0198059
125.299, 0.0198059
125.364, 0.0198059
125.43, 0.0198059
125.498, 0.0198059
125.558, 0.0198059
125.619, 0.0198059
125.679, 0.0198059
125.741, 0.0198059
125.801, 0.0198059
125.862, 0.0198059
125.925, 0.0198059
125.985, 0.0198059
126.047, 0.0198059
126.11, 0.0198059
126.175, 0.0198059
126.235, 0.0198059
126.296, 0.0198059
126.356, 0.0198059
126.416, 0.0198059
126.476, 0.0198059
126.538, 0.0198059
126.601, 0.0198059
126.661, 0.0198059
126.722, 0.0198059
126.782, 0.0198059
126.844, 0.0198059
126.904, 0.0198059
126.965, 0.0198059
127.025, 0.0198059
127.087, 0.0198059
127.147, 0.0198059
127.208, 0.0198059
127.268, 0.0198059
127.33, 0.0198059
127.39, 0.0198059
127.451, 0.0198059
127.511, 0.0198059
127.573, 0.0198059
127.633, 0.0198059
127.694, 0.0198059
127.757, 0.0198059
127.822, 0.0198059
127.882, 0.0198059
127.943, 0.0198059
128.003, 0.0198059
128.065, 0.0198059
128.125, 0.0198059
128.186, 0.0198059
128.249, 0.0198059
128.309, 0.0198059
128.371, 0.0198059
128.431, 0.0198059
128.492, 0.0198059
128.555, 0.0198059
128.615, 0.0198059
128.677, 0.0198059
128.737, 0.0198059
128.798, 0.0198059
128.861, 0.0198059
128.921, 0.0198059
128.981, 0.0198059
129.043, 0.0198059
129.103, 0.0198059
129.164, 0.0198059
129.224, 0.0198059
129.286, 0.0198059
129.349, 0.0198059
129.409, 0.0198059
129.47, 0.0198059
129.534, 0.0198059
129.594, 0.0198059
129.655, 0.0198059
129.718, 0.0198059
129.778, 0.0198059
129.838, 0.0198059
129.9, 0.0198059
129.963, 0.0198059
130.023, 0.0198059
130.084, 0.0198059
130.144, 0.0198059
130.206, 0.0198059
130.266, 0.0198059
130.327, 0.0198059
130.387, 0.0198059
130.449, 0.0198059
130.512, 0.0198059
130.576, 0.0198059
130.642, 0.0198059
130.702, 0.0198059
130.764, 0.0198059
130.827, 0.0198059
130.892, 0.0198059
130.952, 0.0198059
131.013, 0.0198059
131.076, 0.0198059
131.141, 0.0198059
131.207, 0.0198059
131.267, 0.0198059
131.328, 0.0198059
131.392, 0.0198059
131.456, 0.0198059
131.516, 0.0198059
131.578, 0.0198059
131.641, 0.0198059
131.701, 0.0198059
131.762, 0.0198059
131.822, 0.0198059
131.882, 0.0198059
131.944, 0.0198059
132.004, 0.0198059
132.065, 0.0198059
132.128, 0.0198059
132.193, 0.0198059
132.259, 0.0198059
132.319, 0.0198059
132.381, 0.0198059
132.444, 0.0198059
132.508, 0.0198059
132.568, 0.0198059
132.63, 0.0198059
132.69, 0.0198059
132.751, 0.0198059
132.811, 0.0198059
132.873, 0.0198059
132.933, 0.0198059
132.994, 0.0198059
133.054, 0.0198059
133.116, 0.0198059
133.176, 0.0198059
133.237, 0.0198059
133.297, 0.0198059
133.359, 0.0198059
133.419, 0.0198059
133.48, 0.0198059
133.543, 0.0198059
133.608, 0.0198059
133.668, 0.0198059
133.729, 0.0198059
133.789, 0.0198059
133.851, 0.0198059
133.911, 0.0198059
133.972, 0.0198059
134.035, 0.0198059
134.1, 0.0198059
134.166, 0.0198059
134.226, 0.0198059
134.288, 0.0198059
134.348, 0.0198059
134.409, 0.0198059
134.469, 0.0198059
134.531, 0.0198059
134.591, 0.0198059
134.651, 0.0198059
134.712, 0.0198059
134.775, 0.0198059
134.835, 0.0198059
134.897, 0.0198059
134.957, 0.0198059
135.018, 0.0198059
135.081, 0.0198059
135.146, 0.0198059
135.212, 0.0198059
135.28, 0.0198059
135.34, 0.0198059
135.4, 0.0198059
135.462, 0.0198059
135.525, 0.0198059
135.589, 0.0198059
135.649, 0.0198059
135.711, 0.0198059
135.774, 0.0198059
135.834, 0.0198059
135.895, 0.0198059
135.958, 0.0198059
136.023, 0.0198059
136.089, 0.0198059
136.157, 0.0198059
136.227, 0.0198059
136.298, 0.0198059
136.371, 0.0198059
136.431, 0.0198059
136.493, 0.0198059
136.556, 0.0198059
136.62, 0.0198059
136.686, 0.0198059
136.754, 0.0198059
136.814, 0.0198059
136.876, 0.0198059
136.936, 0.0198059
136.997, 0.0198059
137.057, 0.0198059
137.119, 0.0198059
137.179, 0.0198059
137.24, 0.0198059
137.3, 0.0198059
137.362, 0.0198059
137.422, 0.0198059
137.483, 0.0198059
137.543, 0.0198059
137.605, 0.0198059
137.665, 0.0198059
137.725, 0.0198059
137.786, 0.0198059
137.849, 0.0198059
137.914, 0.0198059
137.974, 0.0198059
138.035, 0.0198059
138.095, 0.0198059
138.155, 0.0198059
138.217, 0.0198059
138.28, 0.0198059
138.345, 0.0198059
138.405, 0.0198059
138.466, 0.0198059
138.526, 0.0198059
138.588, 0.0198059
138.651, 0.0198059
138.711, 0.0198059
138.772, 0.0198059
138.835, 0.0198059
138.895, 0.0198059
138.957, 0.0198059
139.02, 0.0198059
139.08, 0.0198059
139.141, 0.0198059
139.201, 0.0198059
139.263, 0.0198059
139.323, 0.0198059
139.384, 0.0198059
139.444, 0.0198059
139.506, 0.0198059
139.566, 0.0198059
139.626, 0.0198059
139.687, 0.0198059
139.75, 0.0198059
139.815, 0.0198059
139.875, 0.0198059
139.936, 0.0198059
139.999, 0.0198059
140.064, 0.0198059
140.13, 0.0198059
140.19, 0.0198059
140.252, 0.0198059
140.312, 0.0198059
140.373, 0.0198059
140.433, 0.0198059
140.495, 0.0198059
140.558, 0.0198059
140.618, 0.0198059
140.679, 0.0198059
140.742, 0.0198059
140.807, 0.0198059
140.867, 0.0198059
140.928, 0.0198059
140.988, 0.0198059
141.048, 0.0198059
141.11, 0.0198059
141.173, 0.0198059
141.233, 0.0198059
141.294, 0.0198059
141.354, 0.0198059
141.416, 0.0198059
141.479, 0.0198059
141.539, 0.0198059
141.6, 0.0198059
141.66, 0.0198059
141.722, 0.0198059
141.782, 0.0198059
141.843, 0.0198059
141.903, 0.0198059
141.965, 0.0198059
142.025, 0.0198059
142.086, 0.0198059
142.15, 0.0198059
142.214, 0.0198059
142.274, 0.0198059
142.336, 0.0198059
142.396, 0.0198059
142.457, 0.0198059
142.52, 0.0198059
142.585, 0.0198059
142.651, 0.0198059
142.711, 0.0198059
142.773, 0.0198059
142.833, 0.0198059
142.894, 0.0198059
142.954, 0.0198059
143.016, 0.0198059
143.079, 0.0198059
143.139, 0.0198059
143.2, 0.0198059
143.26, 0.0198059
143.322, 0.0198059
143.382, 0.0198059
143.443, 0.0198059
143.506, 0.0198059
143.571, 0.0198059
143.637, 0.0198059
143.697, 0.0198059
143.757, 0.0198059
143.818, 0.0198059
143.878, 0.0198059
143.94, 0.0198059
144.003, 0.0198059
144.068, 0.0198059
144.128, 0.0198059
144.189, 0.0198059
144.252, 0.0198059
144.312, 0.0198059
144.372, 0.0198059
144.432, 0.0198059
144.494, 0.0198059
144.554, 0.0198059
144.614, 0.0198059
144.675, 0.0198059
144.735, 0.0198059
144.797, 0.0198059
144.86, 0.0198059
144.924, 0.0198059
144.984, 0.0198059
145.046, 0.0198059
145.109, 0.0198059
145.169, 0.0198059
145.23, 0.0198059
145.293, 0.0198059
145.358, 0.0198059
145.418, 0.0198059
145.479, 0.0198059
145.539, 0.0198059
145.601, 0.0198059
145.664, 0.0198059
145.729, 0.0198059
145.789, 0.0198059
145.85, 0.0198059
145.91, 0.0198059
145.972, 0.0198059
146.035, 0.0198059
146.099, 0.0198059
146.165, 0.0198059
146.225, 0.0198059
146.287, 0.0198059
146.347, 0.0198059
146.408, 0.0198059
146.472, 0.0198059
146.532, 0.0198059
146.593, 0.0198059
146.656, 0.0198059
146.716, 0.0198059
146.778, 0.0198059
146.841, 0.0198059
146.905, 0.0198059
146.971, 0.0198059
147.031, 0.0198059
147.093, 0.0198059
147.153, 0.0198059
147.214, 0.0198059
147.274, 0.0198059
147.334, 0.0198059
147.396, 0.0198059
147.459, 0.0198059
147.524, 0.0198059
147.584, 0.0198059
147.645, 0.0198059
147.708, 0.0198059
147.768, 0.0198059
147.83, 0.0198059
147.89, 0.0198059
147.951, 0.0198059
148.014, 0.0198059
148.079, 0.0198059
148.139, 0.0198059
148.2, 0.0198059
148.26, 0.0198059
148.322, 0.0198059
148.382, 0.0198059
148.443, 0.0198059
148.503, 0.0198059
148.565, 0.0198059
148.625, 0.0198059
148.686, 0.0198059
148.749, 0.0198059
148.814, 0.0198059
148.874, 0.0198059
148.935, 0.0198059
148.995, 0.0198059
149.057, 0.0198059
149.12, 0.0198059
149.185, 0.0198059
149.251, 0.0198059
149.319, 0.0198059
149.388, 0.0198059
149.448, 0.0198059
149.51, 0.0198059
149.573, 0.0198059
149.637, 0.0198059
149.697, 0.0198059
149.759, 0.0198059
149.819, 0.0198059
149.88, 0.0198059
149.94, 0.0198059
150.002, 0.0198059
150.065, 0.0198059
150.125, 0.0198059
150.186, 0.0198059
150.25, 0.0198059
150.31, 0.0198059
150.371, 0.0198059
150.431, 0.0198059
150.493, 0.0198059
150.553, 0.0198059
150.614, 0.0198059
150.677, 0.0198059
150.737, 0.0198059
150.799, 0.0198059
150.862, 0.0198059
150.922, 0.0198059
150.983, 0.0198059
151.043, 0.0198059
151.105, 0.0198059
151.168, 0.0198059
151.232, 0.0198059
151.298, 0.0198059
151.366, 0.0198059
151.426, 0.0198059
151.488, 0.0198059
151.551, 0.0198059
151.611, 0.0198059
151.672, 0.0198059
151.735, 0.0198059
151.795, 0.0198059
151.857, 0.0198059
151.917, 0.0198059
151.978, 0.0198059
152.038, 0.0198059
152.1, 0.0198059
152.163, 0.0198059
152.223, 0.0198059
152.284, 0.0198059
152.347, 0.0198059
152.412, 0.0198059
152.472, 0.0198059
152.534, 0.0198059
152.597, 0.0198059
152.657, 0.0198059
152.718, 0.0198059
152.778, 0.0198059
152.84, 0.0198059
152.903, 0.0198059
152.963, 0.0198059
153.024, 0.0198059
153.087, 0.0198059
153.147, 0.0198059
153.209, 0.0198059
153.269, 0.0198059
153.329, 0.0198059
153.389, 0.0198059
153.45, 0.0198059
153.51, 0.0198059
153.572, 0.0198059
153.632, 0.0198059
153.693, 0.0198059
153.753, 0.0198059
153.813, 0.0198059
153.875, 0.0198059
153.935, 0.0198059
153.995, 0.0198059
154.056, 0.0198059
154.119, 0.0198059
154.184, 0.0198059
154.25, 0.0198059
154.31, 0.0198059
154.372, 0.0198059
154.435, 0.0198059
154.495, 0.0198059
154.556, 0.0198059
154.619, 0.0198059
154.679, 0.0198059
154.741, 0.0198059
154.801, 0.0198059
154.862, 0.0198059
154.925, 0.0198059
154.985, 0.0198059
155.045, 0.0198059
155.107, 0.0198059
155.17, 0.0198059
155.23, 0.0198059
155.291, 0.0198059
155.354, 0.0198059
155.419, 0.0198059
155.479, 0.0198059
155.54, 0.0198059
155.6, 0.0198059
155.662, 0.0198059
155.722, 0.0198059
155.783, 0.0198059
155.843, 0.0198059
155.905, 0.0198059
155.965, 0.0198059
156.026, 0.0198059
156.086, 0.0198059
156.148, 0.0198059
156.208, 0.0198059
156.269, 0.0198059
156.332, 0.0198059
156.397, 0.0198059
156.463, 0.0198059
156.531, 0.0198059
156.601, 0.0198059
156.672, 0.0198059
156.745, 0.0198059
156.805, 0.0198059
156.867, 0.0198059
156.927, 0.0198059
156.988, 0.0198059
157.048, 0.0198059
157.11, 0.0198059
157.17, 0.0198059
157.231, 0.0198059
157.291, 0.0198059
157.353, 0.0198059
157.413, 0.0198059
157.474, 0.0198059
157.534, 0.0198059
157.596, 0.0198059
157.656, 0.0198059
157.717, 0.0198059
157.777, 0.0198059
157.837, 0.0198059
157.899, 0.0198059
157.959, 0.0198059
158.02, 0.0198059
158.08, 0.0198059
158.142, 0.0198059
158.205, 0.0198059
158.265, 0.0198059
158.326, 0.0198059
158.389, 0.0198059
158.449, 0.0198059
158.511, 0.0198059
158.571, 0.0198059
158.632, 0.0198059
158.692, 0.0198059
158.754, 0.0198059
158.817, 0.0198059
158.881, 0.0198059
158.941, 0.0198059
159.003, 0.0198059
159.063, 0.0198059
159.124, 0.0198059
159.184, 0.0198059
159.246, 0.0198059
159.306, 0.0198059
159.367, 0.0198059
159.427, 0.0198059
159.489, 0.0198059
159.552, 0.0198059
159.612, 0.0198059
159.673, 0.0198059
159.733, 0.0198059
159.795, 0.0198059
159.858, 0.0198059
159.918, 0.0198059
159.979, 0.0198059
160.043, 0.0198059
160.103, 0.0198059
160.164, 0.0198059
160.224, 0.0198059
160.286, 0.0198059
160.346, 0.0198059
160.407, 0.0198059
160.467, 0.0198059
160.529, 0.0198059
160.589, 0.0198059
160.65, 0.0198059
160.71, 0.0198059
160.772, 0.0198059
160.835, 0.0198059
160.895, 0.0198059
160.956, 0.0198059
161.016, 0.0198059
161.078, 0.0198059
161.141, 0.0198059
161.201, 0.0198059
161.262, 0.0198059
161.325, 0.0198059
161.39, 0.0198059
161.456, 0.0198059
161.516, 0.0198059
161.577, 0.0198059
161.637, 0.0198059
161.699, 0.0198059
161.762, 0.0198059
161.822, 0.0198059
161.883, 0.0198059
161.943, 0.0198059
162.003, 0.0198059
162.065, 0.0198059
162.128, 0.0198059
162.188, 0.0198059
162.25, 0.0198059
162.31, 0.0198059
162.371, 0.0198059
162.431, 0.0198059
162.491, 0.0198059
162.553, 0.0198059
162.616, 0.0198059
162.676, 0.0198059
162.737, 0.0198059
162.8, 0.0198059
162.865, 0.0198059
162.931, 0.0198059
162.999, 0.0198059
163.068, 0.0198059
163.14, 0.0198059
163.213, 0.0198059
163.288, 0.0198059
163.365, 0.0198059
163.425, 0.0198059
163.486, 0.0198059
163.549, 0.0198059
163.609, 0.0198059
163.671, 0.0198059
163.734, 0.0198059
163.794, 0.0198059
163.855, 0.0198059
163.918, 0.0198059
163.983, 0.0198059
164.049, 0.0198059
164.117, 0.0198059
164.177, 0.0198059
164.238, 0.0198059
164.301, 0.0198059
164.366, 0.0198059
164.432, 0.0198059
164.492, 0.0198059
164.554, 0.0198059
164.617, 0.0198059
164.681, 0.0198059
164.741, 0.0198059
164.803, 0.0198059
164.863, 0.0198059
164.923, 0.0198059
164.984, 0.0198059
165.047, 0.0198059
165.107, 0.0198059
165.169, 0.0198059
165.229, 0.0198059
165.29, 0.0198059
165.35, 0.0198059
165.412, 0.0198059
165.472, 0.0198059
165.533, 0.0198059
165.593, 0.0198059
165.655, 0.0198059
165.718, 0.0198059
165.778, 0.0198059
165.84, 0.0198059
165.903, 0.0198059
165.963, 0.0198059
166.024, 0.0198059
166.087, 0.0198059
166.147, 0.0198059
166.209, 0.0198059
166.269, 0.0198059
166.33, 0.0198059
166.39, 0.0198059
166.452, 0.0198059
166.512, 0.0198059
166.573, 0.0198059
166.636, 0.0198059
166.701, 0.0198059
166.767, 0.0198059
166.827, 0.0198059
166.888, 0.0198059
166.948, 0.0198059
167.01, 0.0198059
167.07, 0.0198059
167.131, 0.0198059
167.191, 0.0198059
167.253, 0.0198059
167.313, 0.0198059
167.374, 0.0198059
167.434, 0.0198059
167.496, 0.0198059
167.559, 0.0198059
167.624, 0.0198059
167.69, 0.0198059
167.75, 0.0198059
167.811, 0.0198059
167.871, 0.0198059
167.933, 0.0198059
167.996, 0.0198059
168.056, 0.0198059
168.117, 0.0198059
168.177, 0.0198059
168.239, 0.0198059
168.302, 0.0198059
168.367, 0.0198059
168.427, 0.0198059
168.487, 0.0198059
168.548, 0.0198059
168.611, 0.0198059
168.676, 0.0198059
168.742, 0.0198059
168.81, 0.0198059
168.879, 0.0198059
168.951, 0.0198059
169.011, 0.0198059
169.072, 0.0198059
169.135, 0.0198059
169.2, 0.0198059
169.266, 0.0198059
169.334, 0.0198059
169.404, 0.0198059
169.475, 0.0198059
169.548, 0.0198059
169.623, 0.0198059
169.7, 0.0198059
169.76, 0.0198059
169.82, 0.0198059
169.881, 0.0198059
169.941, 0.0198059
170.003, 0.0198059
170.063, 0.0198059
170.124, 0.0198059
170.184, 0.0198059
170.246, 0.0198059
170.309, 0.0198059
170.369, 0.0198059
170.43, 0.0198059
170.49, 0.0198059
170.552, 0.0198059
170.612, 0.0198059
170.673, 0.0198059
170.736, 0.0198059
170.801, 0.0198059
170.861, 0.0198059
170.922, 0.0198059
170.985, 0.0198059
171.05, 0.0198059
171.11, 0.0198059
171.172, 0.0198059
171.235, 0.0198059
171.295, 0.0198059
171.356, 0.0198059
171.416, 0.0198059
171.478, 0.0198059
171.541, 0.0198059
171.605, 0.0198059
171.665, 0.0198059
171.727, 0.0198059
171.787, 0.0198059
171.848, 0.0198059
171.911, 0.0198059
171.971, 0.0198059
172.033, 0.0198059
172.096, 0.0198059
172.16, 0.0198059
172.227, 0.0198059
172.287, 0.0198059
172.348, 0.0198059
172.408, 0.0198059
172.47, 0.0198059
172.53, 0.0198059
172.591, 0.0198059
172.654, 0.0198059
172.714, 0.0198059
172.776, 0.0198059
172.839, 0.0198059
172.903, 0.0198059
172.963, 0.0198059
173.025, 0.0198059
173.085, 0.0198059
173.145, 0.0198059
173.206, 0.0198059
173.266, 0.0198059
173.328, 0.0198059
173.388, 0.0198059
173.449, 0.0198059
173.509, 0.0198059
173.571, 0.0198059
173.631, 0.0198059
173.692, 0.0198059
173.752, 0.0198059
173.814, 0.0198059
173.874, 0.0198059
173.935, 0.0198059
173.995, 0.0198059
174.057, 0.0198059
174.12, 0.0198059
174.185, 0.0198059
174.245, 0.0198059
174.306, 0.0198059
174.369, 0.0198059
174.434, 0.0198059
174.494, 0.0198059
174.554, 0.0198059
174.615, 0.0198059
174.675, 0.0198059
174.737, 0.0198059
174.8, 0.0198059
174.86, 0.0198059
174.921, 0.0198059
174.981, 0.0198059
175.041, 0.0198059
175.103, 0.0198059
175.163, 0.0198059
175.224, 0.0198059
175.287, 0.0198059
175.347, 0.0198059
175.409, 0.0198059
175.469, 0.0198059
175.53, 0.0198059
175.593, 0.0198059
175.653, 0.0198059
175.715, 0.0198059
175.778, 0.0198059
175.838, 0.0198059
175.899, 0.0198059
175.962, 0.0198059
176.022, 0.0198059
176.084, 0.0198059
176.147, 0.0198059
176.207, 0.0198059
176.268, 0.0198059
176.331, 0.0198059
176.396, 0.0198059
176.456, 0.0198059
176.518, 0.0198059
176.581, 0.0198059
176.645, 0.0198059
176.711, 0.0198059
176.779, 0.0198059
176.839, 0.0198059
176.899, 0.0198059
176.961, 0.0198059
177.021, 0.0198059
177.082, 0.0198059
177.142, 0.0198059
177.204, 0.0198059
177.267, 0.0198059
177.327, 0.0198059
177.388, 0.0198059
177.448, 0.0198059
177.51, 0.0198059
177.57, 0.0198059
177.631, 0.0198059
177.691, 0.0198059
177.753, 0.0198059
177.816, 0.0198059
177.876, 0.0198059
177.937, 0.0198059
178, 0.0198059
178.06, 0.0198059
178.12, 0.0198059
178.18, 0.0198059
178.242, 0.0198059
178.305, 0.0198059
178.37, 0.0198059
178.43, 0.0198059
178.491, 0.0198059
178.554, 0.0198059
178.619, 0.0198059
178.685, 0.0198059
178.753, 0.0198059
178.822, 0.0198059
178.894, 0.0198059
178.954, 0.0198059
179.015, 0.0198059
179.075, 0.0198059
179.137, 0.0198059
179.2, 0.0198059
179.26, 0.0198059
179.321, 0.0198059
179.381, 0.0198059
179.443, 0.0198059
179.506, 0.0198059
179.566, 0.0198059
179.627, 0.0198059
179.69, 0.0198059
179.75, 0.0198059
179.812, 0.0198059
179.875, 0.0198059
179.935, 0.0198059
179.996, 0.0198059
180.056, 0.0198059
180.118, 0.0198059
180.181, 0.0198059
180.241, 0.0198059
180.302, 0.0198059
180.365, 0.0198059
180.43, 0.0198059
180.496, 0.0198059
180.556, 0.0198059
180.618, 0.0198059
180.681, 0.0198059
180.741, 0.0198059
180.802, 0.0198059
180.862, 0.0198059
180.924, 0.0198059
180.984, 0.0198059
181.045, 0.0198059
181.105, 0.0198059
181.167, 0.0198059
181.227, 0.0198059
181.287, 0.0198059
181.348, 0.0198059
181.411, 0.0198059
181.476, 0.0198059
181.536, 0.0198059
181.597, 0.0198059
181.657, 0.0198059
181.719, 0.0198059
181.782, 0.0198059
181.847, 0.0198059
181.907, 0.0198059
181.968, 0.0198059
182.031, 0.0198059
182.091, 0.0198059
182.153, 0.0198059
182.213, 0.0198059
182.273, 0.0198059
182.334, 0.0198059
182.394, 0.0198059
182.456, 0.0198059
182.516, 0.0198059
182.577, 0.0198059
182.637, 0.0198059
182.699, 0.0198059
182.759, 0.0198059
182.82, 0.0198059
182.88, 0.0198059
182.942, 0.0198059
183.002, 0.0198059
183.063, 0.0198059
183.123, 0.0198059
183.185, 0.0198059
183.245, 0.0198059
183.306, 0.0198059
183.366, 0.0198059
183.428, 0.0198059
183.488, 0.0198059
183.549, 0.0198059
183.609, 0.0198059
183.671, 0.0198059
183.731, 0.0198059
183.792, 0.0198059
183.852, 0.0198059
183.914, 0.0198059
183.974, 0.0198059
184.035, 0.0198059
184.098, 0.0198059
184.163, 0.0198059
184.229, 0.0198059
184.297, 0.0198059
184.367, 0.0198059
184.438, 0.0198059
184.498, 0.0198059
184.559, 0.0198059
184.622, 0.0198059
184.682, 0.0198059
184.744, 0.0198059
184.807, 0.0198059
184.867, 0.0198059
184.928, 0.0198059
184.988, 0.0198059
185.05, 0.0198059
185.11, 0.0198059
185.171, 0.0198059
185.234, 0.0198059
185.299, 0.0198059
185.359, 0.0198059
185.421, 0.0198059
185.484, 0.0198059
185.548, 0.0198059
185.608, 0.0198059
185.67, 0.0198059
185.733, 0.0198059
185.793, 0.0198059
185.854, 0.0198059
185.917, 0.0198059
185.982, 0.0198059
186.048, 0.0198059
186.108, 0.0198059
186.17, 0.0198059
186.23, 0.0198059
186.291, 0.0198059
186.351, 0.0198059
186.413, 0.0198059
186.473, 0.0198059
186.534, 0.0198059
186.597, 0.0198059
186.662, 0.0198059
186.728, 0.0198059
186.796, 0.0198059
186.856, 0.0198059
186.917, 0.0198059
186.977, 0.0198059
187.039, 0.0198059
187.099, 0.0198059
187.16, 0.0198059
187.22, 0.0198059
187.282, 0.0198059
187.342, 0.0198059
187.403, 0.0198059
187.463, 0.0198059
187.525, 0.0198059
187.588, 0.0198059
187.648, 0.0198059
187.709, 0.0198059
187.769, 0.0198059
187.831, 0.0198059
187.891, 0.0198059
187.952, 0.0198059
188.012, 0.0198059
188.074, 0.0198059
188.134, 0.0198059
188.195, 0.0198059
188.258, 0.0198059
188.318, 0.0198059
188.38, 0.0198059
188.44, 0.0198059
188.501, 0.0198059
188.561, 0.0198059
188.623, 0.0198059
188.686, 0.0198059
188.746, 0.0198059
188.808, 0.0198059
188.871, 0.0198059
188.935, 0.0198059
189.001, 0.0198059
189.061, 0.0198059
189.123, 0.0198059
189.186, 0.0198059
189.251, 0.0198059
189.311, 0.0198059
189.372, 0.0198059
189.435, 0.0198059
189.5, 0.0198059
189.566, 0.0198059
189.626, 0.0198059
189.687, 0.0198059
189.75, 0.0198059
189.81, 0.0198059
189.87, 0.0198059
189.932, 0.0198059
189.995, 0.0198059
190.06, 0.0198059
190.126, 0.0198059
190.194, 0.0198059
190.263, 0.0198059
190.323, 0.0198059
190.385, 0.0198059
190.445, 0.0198059
190.506, 0.0198059
190.569, 0.0198059
190.634, 0.0198059
190.694, 0.0198059
190.755, 0.0198059
190.818, 0.0198059
190.878, 0.0198059
190.938, 0.0198059
191, 0.0198059
191.063, 0.0198059
191.123, 0.0198059
191.185, 0.0198059
191.245, 0.0198059
191.306, 0.0198059
191.366, 0.0198059
191.428, 0.0198059
191.488, 0.0198059
191.549, 0.0198059
191.609, 0.0198059
191.671, 0.0198059
191.731, 0.0198059
191.792, 0.0198059
191.852, 0.0198059
191.914, 0.0198059
191.977, 0.0198059
192.041, 0.0198059
192.107, 0.0198059
192.175, 0.0198059
192.235, 0.0198059
192.297, 0.0198059
192.357, 0.0198059
192.418, 0.0198059
192.481, 0.0198059
192.546, 0.0198059
192.606, 0.0198059
192.667, 0.0198059
192.73, 0.0198059
192.795, 0.0198059
192.855, 0.0198059
192.915, 0.0198059
192.977, 0.0198059
193.04, 0.0198059
193.1, 0.0198059
193.161, 0.0198059
193.224, 0.0198059
193.284, 0.0198059
193.346, 0.0198059
193.409, 0.0198059
193.473, 0.0198059
193.533, 0.0198059
193.595, 0.0198059
193.655, 0.0198059
193.716, 0.0198059
193.779, 0.0198059
193.839, 0.0198059
193.901, 0.0198059
193.964, 0.0198059
194.029, 0.0198059
194.095, 0.0198059
194.155, 0.0198059
194.216, 0.0198059
194.279, 0.0198059
194.339, 0.0198059
194.401, 0.0198059
194.461, 0.0198059
194.522, 0.0198059
194.582, 0.0198059
194.644, 0.0198059
194.704, 0.0198059
194.765, 0.0198059
194.828, 0.0198059
194.888, 0.0198059
194.95, 0.0198059
195.013, 0.0198059
195.073, 0.0198059
195.134, 0.0198059
195.197, 0.0198059
195.257, 0.0198059
195.319, 0.0198059
195.382, 0.0198059
195.442, 0.0198059
195.503, 0.0198059
195.566, 0.0198059
195.626, 0.0198059
195.688, 0.0198059
195.751, 0.0198059
195.816, 0.0198059
195.876, 0.0198059
195.937, 0.0198059
196, 0.0198059
196.06, 0.0198059
196.122, 0.0198059
196.185, 0.0198059
196.245, 0.0198059
196.305, 0.0198059
196.366, 0.0198059
196.426, 0.0198059
196.488, 0.0198059
196.551, 0.0198059
196.615, 0.0198059
196.675, 0.0198059
196.737, 0.0198059
196.797, 0.0198059
196.858, 0.0198059
196.921, 0.0198059
196.981, 0.0198059
197.043, 0.0198059
197.103, 0.0198059
197.164, 0.0198059
197.224, 0.0198059
197.284, 0.0198059
197.346, 0.0198059
197.409, 0.0198059
197.469, 0.0198059
197.53, 0.0198059
197.59, 0.0198059
197.652, 0.0198059
197.712, 0.0198059
197.773, 0.0198059
197.836, 0.0198059
197.896, 0.0198059
197.958, 0.0198059
198.018, 0.0198059
198.079, 0.0198059
198.142, 0.0198059
198.202, 0.0198059
198.264, 0.0198059
198.327, 0.0198059
198.387, 0.0198059
198.449, 0.0198059
198.509, 0.0198059
198.57, 0.0198059
198.63, 0.0198059
198.692, 0.0198059
198.752, 0.0198059
198.813, 0.0198059
198.876, 0.0198059
198.936, 0.0198059
198.998, 0.0198059
199.061, 0.0198059
199.121, 0.0198059
199.182, 0.0198059
199.245, 0.0198059
199.305, 0.0198059
199.367, 0.0198059
199.43, 0.0198059
199.49, 0.0198059
199.551, 0.0198059
199.614, 0.0198059
199.674, 0.0198059
199.736, 0.0198059
199.799, 0.0198059
199.859, 0.0198059
199.92, 0.0198059
199.983, 0.0198059
200.043, 0.0198059
200.105, 0.0198059
200.165, 0.0198059
200.226, 0.0198059
200.286, 0.0198059
200.348, 0.0198059
200.411, 0.0198059
200.471, 0.0198059
200.532, 0.0198059
200.595, 0.0198059
200.655, 0.0198059
200.717, 0.0198059
200.78, 0.0198059
200.84, 0.0198059
200.901, 0.0198059
200.961, 0.0198059
201.023, 0.0198059
201.083, 0.0198059
201.144, 0.0198059
201.204, 0.0198059
201.266, 0.0198059
201.329, 0.0198059
201.389, 0.0198059
201.449, 0.0198059
201.51, 0.0198059
201.573, 0.0198059
201.638, 0.0198059
201.704, 0.0198059
201.772, 0.0198059
201.832, 0.0198059
201.894, 0.0198059
201.954, 0.0198059
202.015, 0.0198059
202.078, 0.0198059
202.138, 0.0198059
202.2, 0.0198059
202.26, 0.0198059
202.321, 0.0198059
202.384, 0.0198059
202.444, 0.0198059
202.504, 0.0198059
202.566, 0.0198059
202.629, 0.0198059
202.689, 0.0198059
202.75, 0.0198059
202.81, 0.0198059
202.872, 0.0198059
202.932, 0.0198059
202.992, 0.0198059
203.053, 0.0198059
203.113, 0.0198059
203.175, 0.0198059
203.235, 0.0198059
203.296, 0.0198059
203.356, 0.0198059
203.418, 0.0198059
203.478, 0.0198059
203.539, 0.0198059
203.599, 0.0198059
203.661, 0.0198059
203.721, 0.0198059
203.782, 0.0198059
203.845, 0.0198059
203.905, 0.0198059
203.967, 0.0198059
204.027, 0.0198059
204.088, 0.0198059
204.148, 0.0198059
204.21, 0.0198059
204.27, 0.0198059
204.331, 0.0198059
204.391, 0.0198059
204.453, 0.0198059
204.513, 0.0198059
204.574, 0.0198059
204.634, 0.0198059
204.696, 0.0198059
204.759, 0.0198059
204.824, 0.0198059
204.89, 0.0198059
204.95, 0.0198059
205.011, 0.0198059
205.071, 0.0198059
205.133, 0.0198059
205.196, 0.0198059
205.256, 0.0198059
205.317, 0.0198059
205.377, 0.0198059
205.439, 0.0198059
205.502, 0.0198059
205.562, 0.0198059
205.622, 0.0198059
205.683, 0.0198059
205.743, 0.0198059
205.805, 0.0198059
205.868, 0.0198059
205.932, 0.0198059
205.992, 0.0198059
206.054, 0.0198059
206.117, 0.0198059
206.177, 0.0198059
206.238, 0.0198059
206.298, 0.0198059
206.36, 0.0198059
206.42, 0.0198059
206.481, 0.0198059
206.541, 0.0198059
206.603, 0.0198059
206.666, 0.0198059
206.726, 0.0198059
206.788, 0.0198059
206.848, 0.0198059
206.909, 0.0198059
206.972, 0.0198059
207.037, 0.0198059
207.097, 0.0198059
207.158, 0.0198059
207.218, 0.0198059
207.28, 0.0198059
207.34, 0.0198059
207.401, 0.0198059
207.464, 0.0198059
207.524, 0.0198059
207.586, 0.0198059
207.646, 0.0198059
207.707, 0.0198059
207.77, 0.0198059
207.83, 0.0198059
207.892, 0.0198059
207.952, 0.0198059
208.013, 0.0198059
208.073, 0.0198059
208.133, 0.0198059
208.195, 0.0198059
208.258, 0.0198059
208.322, 0.0198059
208.389, 0.0198059
208.457, 0.0198059
208.517, 0.0198059
208.578, 0.0198059
208.641, 0.0198059
208.701, 0.0198059
208.763, 0.0198059
208.823, 0.0198059
208.884, 0.0198059
208.944, 0.0198059
209.006, 0.0198059
209.066, 0.0198059
209.127, 0.0198059
209.187, 0.0198059
209.249, 0.0198059
209.309, 0.0198059
209.37, 0.0198059
209.43, 0.0198059
209.492, 0.0198059
209.552, 0.0198059
209.613, 0.0198059
209.673, 0.0198059
209.735, 0.0198059
209.795, 0.0198059
209.856, 0.0198059
209.916, 0.0198059
209.978, 0.0198059
210.038, 0.0198059
210.099, 0.0198059
210.159, 0.0198059
210.221, 0.0198059
210.284, 0.0198059
210.344, 0.0198059
210.405, 0.0198059
210.465, 0.0198059
210.525, 0.0198059
210.585, 0.0198059
210.647, 0.0198059
210.707, 0.0198059
210.768, 0.0198059
210.828, 0.0198059
210.89, 0.0198059
210.95, 0.0198059
211.011, 0.0198059
211.071, 0.0198059
211.133, 0.0198059
211.196, 0.0198059
211.26, 0.0198059
211.326, 0.0198059
211.394, 0.0198059
211.454, 0.0198059
211.516, 0.0198059
211.579, 0.0198059
211.639, 0.0198059
211.7, 0.0198059
211.763, 0.0198059
211.823, 0.0198059
211.885, 0.0198059
211.945, 0.0198059
212.006, 0.0198059
212.069, 0.0198059
212.134, 0.0198059
212.194, 0.0198059
212.256, 0.0198059
212.316, 0.0198059
212.377, 0.0198059
212.44, 0.0198059
212.5, 0.0198059
212.562, 0.0198059
212.625, 0.0198059
212.685, 0.0198059
212.746, 0.0198059
212.809, 0.0198059
212.869, 0.0198059
212.931, 0.0198059
212.994, 0.0198059
213.054, 0.0198059
213.115, 0.0198059
213.178, 0.0198059
213.243, 0.0198059
213.303, 0.0198059
213.364, 0.0198059
213.427, 0.0198059
213.492, 0.0198059
213.558, 0.0198059
213.626, 0.0198059
213.686, 0.0198059
213.748, 0.0198059
213.808, 0.0198059
213.869, 0.0198059
213.932, 0.0198059
213.992, 0.0198059
214.054, 0.0198059
214.117, 0.0198059
214.177, 0.0198059
214.238, 0.0198059
214.298, 0.0198059
214.36, 0.0198059
214.42, 0.0198059
214.481, 0.0198059
214.541, 0.0198059
214.603, 0.0198059
214.663, 0.0198059
214.724, 0.0198059
214.784, 0.0198059
214.846, 0.0198059
214.909, 0.0198059
214.969, 0.0198059
215.03, 0.0198059
215.09, 0.0198059
215.152, 0.0198059
215.215, 0.0198059
215.275, 0.0198059
215.336, 0.0198059
215.396, 0.0198059
215.458, 0.0198059
215.518, 0.0198059
215.579, 0.0198059
215.639, 0.0198059
215.701, 0.0198059
215.761, 0.0198059
215.822, 0.0198059
215.882, 0.0198059
215.944, 0.0198059
216.004, 0.0198059
216.065, 0.0198059
216.125, 0.0198059
216.187, 0.0198059
216.247, 0.0198059
216.308, 0.0198059
216.368, 0.0198059
216.43, 0.0198059
216.49, 0.0198059
216.551, 0.0198059
216.611, 0.0198059
216.673, 0.0198059
216.733, 0.0198059
216.794, 0.0198059
216.854, 0.0198059
216.916, 0.0198059
216.976, 0.0198059
217.037, 0.0198059
217.1, 0.0198059
217.16, 0.0198059
217.222, 0.0198059
217.282, 0.0198059
217.343, 0.0198059
217.406, 0.0198059
217.466, 0.0198059
217.528, 0.0198059
217.591, 0.0198059
217.651, 0.0198059
217.712, 0.0198059
217.772, 0.0198059
217.834, 0.0198059
217.897, 0.0198059
217.957, 0.0198059
218.017, 0.0198059
218.078, 0.0198059
218.141, 0.0198059
218.201, 0.0198059
218.263, 0.0198059
218.326, 0.0198059
218.386, 0.0198059
218.448, 0.0198059
218.508, 0.0198059
218.568, 0.0198059
218.629, 0.0198059
218.689, 0.0198059
218.749, 0.0198059
218.811, 0.0198059
218.874, 0.0198059
218.934, 0.0198059
218.995, 0.0198059
219.055, 0.0198059
219.117, 0.0198059
219.177, 0.0198059
219.238, 0.0198059
219.298, 0.0198059
219.36, 0.0198059
219.423, 0.0198059
219.487, 0.0198059
219.553, 0.0198059
219.621, 0.0198059
219.691, 0.0198059
219.762, 0.0198059
219.835, 0.0198059
219.91, 0.0198059
219.97, 0.0198059
220.032, 0.0198059
220.092, 0.0198059
220.153, 0.0198059
220.213, 0.0198059
220.275, 0.0198059
220.335, 0.0198059
220.396, 0.0198059
220.456, 0.0198059
220.518, 0.0198059
220.578, 0.0198059
220.639, 0.0198059
220.699, 0.0198059
220.761, 0.0198059
220.821, 0.0198059
220.882, 0.0198059
220.942, 0.0198059
221.004, 0.0198059
221.067, 0.0198059
221.131, 0.0198059
221.198, 0.0198059
221.258, 0.0198059
221.319, 0.0198059
221.379, 0.0198059
221.441, 0.0198059
221.501, 0.0198059
221.562, 0.0198059
221.622, 0.0198059
221.684, 0.0198059
221.744, 0.0198059
221.805, 0.0198059
221.865, 0.0198059
221.927, 0.0198059
221.99, 0.0198059
222.054, 0.0198059
222.121, 0.0198059
222.188, 0.0198059
222.248, 0.0198059
222.31, 0.0198059
222.37, 0.0198059
222.431, 0.0198059
222.494, 0.0198059
222.559, 0.0198059
222.625, 0.0198059
222.693, 0.0198059
222.763, 0.0198059
222.823, 0.0198059
222.884, 0.0198059
222.944, 0.0198059
223.006, 0.0198059
223.066, 0.0198059
223.127, 0.0198059
223.187, 0.0198059
223.249, 0.0198059
223.312, 0.0198059
223.376, 0.0198059
223.436, 0.0198059
223.498, 0.0198059
223.558, 0.0198059
223.618, 0.0198059
223.679, 0.0198059
223.739, 0.0198059
223.801, 0.0198059
223.864, 0.0198059
223.924, 0.0198059
223.985, 0.0198059
224.045, 0.0198059
224.107, 0.0198059
224.167, 0.0198059
224.228, 0.0198059
224.288, 0.0198059
224.35, 0.0198059
224.41, 0.0198059
224.47, 0.0198059
224.531, 0.0198059
224.591, 0.0198059
224.651, 0.0198059
224.713, 0.0198059
224.773, 0.0198059
224.834, 0.0198059
224.894, 0.0198059
224.954, 0.0198059
225.016, 0.0198059
225.076, 0.0198059
225.137, 0.0198059
225.2, 0.0198059
225.26, 0.0198059
225.322, 0.0198059
225.385, 0.0198059
225.445, 0.0198059
225.507, 0.0198059
225.567, 0.0198059
225.628, 0.0198059
225.688, 0.0198059
225.748, 0.0198059
225.81, 0.0198059
225.87, 0.0198059
225.931, 0.0198059
225.994, 0.0198059
226.054, 0.0198059
226.116, 0.0198059
226.176, 0.0198059
226.237, 0.0198059
226.3, 0.0198059
226.36, 0.0198059
226.422, 0.0198059
226.482, 0.0198059
226.543, 0.0198059
226.603, 0.0198059
226.665, 0.0198059
226.728, 0.0198059
226.788, 0.0198059
226.849, 0.0198059
226.912, 0.0198059
226.972, 0.0198059
227.034, 0.0198059
227.097, 0.0198059
227.161, 0.0198059
227.228, 0.0198059
227.288, 0.0198059
227.349, 0.0198059
227.409, 0.0198059
227.471, 0.0198059
227.531, 0.0198059
227.591, 0.0198059
227.651, 0.0198059
227.712, 0.0198059
227.772, 0.0198059
227.834, 0.0198059
227.897, 0.0198059
227.957, 0.0198059
228.018, 0.0198059
228.081, 0.0198059
228.141, 0.0198059
228.203, 0.0198059
228.263, 0.0198059
228.324, 0.0198059
228.387, 0.0198059
228.452, 0.0198059
228.512, 0.0198059
228.573, 0.0198059
228.636, 0.0198059
228.701, 0.0198059
228.767, 0.0198059
228.827, 0.0198059
228.889, 0.0198059
228.952, 0.0198059
229.012, 0.0198059
229.073, 0.0198059
229.136, 0.0198059
229.196, 0.0198059
229.258, 0.0198059
229.318, 0.0198059
229.379, 0.0198059
229.442, 0.0198059
229.502, 0.0198059
229.564, 0.0198059
229.624, 0.0198059
229.685, 0.0198059
229.745, 0.0198059
229.807, 0.0198059
229.867, 0.0198059
229.928, 0.0198059
229.991, 0.0198059
230.051, 0.0198059
230.113, 0.0198059
230.173, 0.0198059
230.234, 0.0198059
230.297, 0.0198059
230.362, 0.0198059
230.422, 0.0198059
230.483, 0.0198059
230.543, 0.0198059
230.605, 0.0198059
230.665, 0.0198059
230.726, 0.0198059
230.789, 0.0198059
230.849, 0.0198059
230.911, 0.0198059
230.974, 0.0198059
231.034, 0.0198059
231.096, 0.0198059
231.159, 0.0198059
231.219, 0.0198059
231.28, 0.0198059
231.343, 0.0198059
231.408, 0.0198059
231.468, 0.0198059
231.529, 0.0198059
231.589, 0.0198059
231.651, 0.0198059
231.714, 0.0198059
231.774, 0.0198059
231.835, 0.0198059
231.898, 0.0198059
231.963, 0.0198059
232.029, 0.0198059
232.089, 0.0198059
232.151, 0.0198059
232.214, 0.0198059
232.274, 0.0198059
232.335, 0.0198059
232.398, 0.0198059
232.458, 0.0198059
232.52, 0.0198059
232.58, 0.0198059
232.641, 0.0198059
232.704, 0.0198059
232.769, 0.0198059
232.829, 0.0198059
232.89, 0.0198059
232.95, 0.0198059
233.012, 0.0198059
233.072, 0.0198059
233.133, 0.0198059
233.193, 0.0198059
233.255, 0.0198059
233.318, 0.0198059
233.383, 0.0198059
233.443, 0.0198059
233.504, 0.0198059
233.564, 0.0198059
233.626, 0.0198059
233.686, 0.0198059
233.747, 0.0198059
233.807, 0.0198059
233.869, 0.0198059
233.932, 0.0198059
233.996, 0.0198059
234.062, 0.0198059
234.122, 0.0198059
234.184, 0.0198059
234.247, 0.0198059
234.307, 0.0198059
234.368, 0.0198059
234.428, 0.0198059
234.49, 0.0198059
234.55, 0.0198059
234.611, 0.0198059
234.674, 0.0198059
234.739, 0.0198059
234.805, 0.0198059
234.865, 0.0198059
234.927, 0.0198059
234.99, 0.0198059
235.054, 0.0198059
235.121, 0.0198059
235.189, 0.0198059
235.258, 0.0198059
235.318, 0.0198059
235.38, 0.0198059
235.443, 0.0198059
235.503, 0.0198059
235.564, 0.0198059
235.624, 0.0198059
235.684, 0.0198059
235.746, 0.0198059
235.809, 0.0198059
235.869, 0.0198059
235.93, 0.0198059
235.993, 0.0198059
236.058, 0.0198059
236.118, 0.0198059
236.179, 0.0198059
236.239, 0.0198059
236.301, 0.0198059
236.364, 0.0198059
236.429, 0.0198059
236.489, 0.0198059
236.55, 0.0198059
236.61, 0.0198059
236.672, 0.0198059
236.735, 0.0198059
236.795, 0.0198059
236.856, 0.0198059
236.916, 0.0198059
236.978, 0.0198059
237.041, 0.0198059
237.101, 0.0198059
237.162, 0.0198059
237.225, 0.0198059
237.285, 0.0198059
237.347, 0.0198059
237.41, 0.0198059
237.47, 0.0198059
237.531, 0.0198059
237.594, 0.0198059
237.659, 0.0198059
237.725, 0.0198059
237.785, 0.0198059
237.847, 0.0198059
237.91, 0.0198059
237.974, 0.0198059
238.04, 0.0198059
238.108, 0.0198059
238.168, 0.0198059
238.23, 0.0198059
238.293, 0.0198059
238.353, 0.0198059
238.414, 0.0198059
238.477, 0.0198059
238.537, 0.0198059
238.599, 0.0198059
238.659, 0.0198059
238.719, 0.0198059
238.779, 0.0198059
238.84, 0.0198059
238.903, 0.0198059
238.968, 0.0198059
239.028, 0.0198059
239.09, 0.0198059
239.153, 0.0198059
239.217, 0.0198059
239.277, 0.0198059
239.339, 0.0198059
239.402, 0.0198059
239.466, 0.0198059
239.526, 0.0198059
239.588, 0.0198059
239.651, 0.0198059
239.711, 0.0198059
239.772, 0.0198059
239.832, 0.0198059
239.894, 0.0198059
239.957, 0.0198059
240.017, 0.0198059
240.078, 0.0198059
240.138, 0.0198059
240.2, 0.0198059
240.263, 0.0198059
240.323, 0.0198059
240.384, 0.0198059
240.448, 0.0198059
240.508, 0.0198059
240.569, 0.0198059
240.632, 0.0198059
240.697, 0.0198059
240.763, 0.0198059
240.831, 0.0198059
240.9, 0.0198059
240.972, 0.0198059
241.045, 0.0198059
241.105, 0.0198059
241.165, 0.0198059
241.226, 0.0198059
241.286, 0.0198059
241.348, 0.0198059
241.411, 0.0198059
241.471, 0.0198059
241.532, 0.0198059
241.592, 0.0198059
241.654, 0.0198059
241.717, 0.0198059
241.777, 0.0198059
241.838, 0.0198059
241.901, 0.0198059
241.961, 0.0198059
242.021, 0.0198059
242.083, 0.0198059
242.143, 0.0198059
242.204, 0.0198059
242.264, 0.0198059
242.326, 0.0198059
242.386, 0.0198059
242.447, 0.0198059
242.51, 0.0198059
242.575, 0.0198059
242.635, 0.0198059
242.697, 0.0198059
242.757, 0.0198059
242.818, 0.0198059
242.878, 0.0198059
242.94, 0.0198059
243.003, 0.0198059
243.063, 0.0198059
243.124, 0.0198059
243.184, 0.0198059
243.246, 0.0198059
243.309, 0.0198059
243.369, 0.0198059
243.43, 0.0198059
243.493, 0.0198059
243.553, 0.0198059
243.615, 0.0198059
243.678, 0.0198059
243.738, 0.0198059
243.799, 0.0198059
243.862, 0.0198059
243.922, 0.0198059
243.984, 0.0198059
244.047, 0.0198059
244.107, 0.0198059
244.168, 0.0198059
244.228, 0.0198059
244.29, 0.0198059
244.353, 0.0198059
244.417, 0.0198059
244.484, 0.0198059
244.544, 0.0198059
244.605, 0.0198059
244.668, 0.0198059
244.728, 0.0198059
244.79, 0.0198059
244.853, 0.0198059
244.913, 0.0198059
244.974, 0.0198059
245.034, 0.0198059
245.096, 0.0198059
245.159, 0.0198059
245.219, 0.0198059
245.28, 0.0198059
245.34, 0.0198059
245.402, 0.0198059
245.462, 0.0198059
245.523, 0.0198059
245.583, 0.0198059
245.645, 0.0198059
245.708, 0.0198059
245.772, 0.0198059
245.832, 0.0198059
245.894, 0.0198059
245.954, 0.0198059
246.015, 0.0198059
246.075, 0.0198059
246.137, 0.0198059
246.197, 0.0198059
246.258, 0.0198059
246.318, 0.0198059
246.38, 0.0198059
246.44, 0.0198059
246.501, 0.0198059
246.564, 0.0198059
246.629, 0.0198059
246.689, 0.0198059
246.751, 0.0198059
246.811, 0.0198059
246.872, 0.0198059
246.932, 0.0198059
246.994, 0.0198059
247.054, 0.0198059
247.115, 0.0198059
247.178, 0.0198059
247.238, 0.0198059
247.3, 0.0198059
247.36, 0.0198059
247.42, 0.0198059
247.481, 0.0198059
247.541, 0.0198059
247.603, 0.0198059
247.663, 0.0198059
247.724, 0.0198059
247.784, 0.0198059
247.846, 0.0198059
247.909, 0.0198059
247.969, 0.0198059
248.03, 0.0198059
248.093, 0.0198059
