0.06, 0.0169983
0.12, 0.0170288
0.18, 0.0170288
0.2415, 0.0170288
0.304538, 0.0170288
0.369151, 0.0170288
0.43538, 0.0170288
0.503264, 0.0170288
0.572846, 0.0170288
0.644167, 0.0170288
0.717271, 0.0170288
0.792203, 0.0170288
0.869008, 0.0170288
0.947733, 0.0170288
1.02843, 0.0170288
1.11114, 0.0170288
1.19592, 0.0170288
1.28281, 0.0170288
1.37188, 0.0169983
1.46318, 0.0169983
1.55676, 0.0169983
1.61676, 0.0169983
1.67826, 0.0169983
1.7413, 0.0169983
1.8013, 0.0169983
1.8628, 0.0169983
1.9228, 0.0169983
1.9843, 0.0169983
2.0443, 0.0169983
2.1043, 0.0169983
2.1658, 0.0169983
2.22884, 0.0169983
2.28884, 0.0169983
2.35034, 0.0169983
2.41337, 0.0169983
2.47799, 0.0169983
2.53799, 0.0169983
2.59949, 0.0169983
2.66252, 0.0169983
2.72714, 0.0169983
2.78714, 0.0169983
2.84864, 0.0169983
2.91167, 0.0169983
2.97167, 0.0169983
3.03317, 0.0169983
3.09317, 0.0169983
3.15467, 0.0169983
3.21771, 0.0169983
3.27771, 0.0169983
3.33921, 0.0169983
3.40225, 0.0169983
3.46686, 0.0169983
3.53309, 0.0169983
3.60098, 0.0169983
3.66098, 0.0169983
3.72248, 0.0169983
3.78551, 0.0169983
3.85013, 0.0169983
3.91013, 0.0169983
3.97163, 0.0169983
4.03163, 0.0169983
4.09163, 0.0169983
4.15313, 0.0169983
4.21616, 0.0169983
4.28078, 0.0169983
4.34701, 0.0169983
4.41489, 0.0169983
4.47489, 0.0169983
4.53639, 0.0169983
4.59943, 0.0169983
4.66404, 0.0169983
4.72404, 0.0169983
4.78554, 0.0169983
4.84858, 0.0169983
4.91319, 0.0169983
4.97942, 0.0169983
5.03942, 0.0169983
5.10092, 0.0169983
5.16396, 0.0169983
5.22857, 0.0169983
5.2948, 0.0169983
5.36269, 0.0169983
5.43227, 0.0169983
5.49227, 0.0169983
5.55377, 0.0169983
5.61681, 0.0169983
5.68142, 0.0169983
5.74765, 0.0169983
5.81553, 0.0169983
5.88511, 0.0169983
5.95644, 0.0169983
6.02954, 0.0169983
6.08954, 0.0169983
6.15104, 0.0169983
6.21408, 0.0169983
6.27869, 0.0169983
6.34492, 0.0169983
6.4128, 0.0169983
6.48239, 0.0169983
6.55371, 0.0169983
6.61371, 0.0169983
6.67521, 0.0169983
6.73521, 0.0169983
6.79671, 0.0169983
6.85974, 0.0169983
6.91974, 0.0169983
6.98124, 0.0169983
7.04428, 0.0169983
7.10889, 0.0169983
7.16889, 0.0169983
7.22889, 0.0169983
7.29039, 0.0169983
7.35039, 0.0169983
7.41189, 0.0169983
7.47493, 0.0169983
7.53955, 0.0169983
7.59955, 0.0169983
7.66105, 0.0169983
7.72105, 0.0169983
7.78255, 0.0169983
7.84255, 0.0169983
7.90405, 0.0169983
7.96405, 0.0169983
8.02555, 0.0169983
8.08858, 0.0169983
8.14858, 0.0169983
8.20858, 0.0169983
8.27008, 0.0169983
8.33312, 0.0169983
8.39312, 0.0169983
8.45312, 0.0169983
8.51462, 0.0169983
8.57766, 0.0169983
8.64227, 0.0169983
8.70227, 0.0169983
8.76377, 0.0169983
8.82681, 0.0169983
8.88681, 0.0169983
8.94831, 0.0169983
9.01135, 0.0169983
9.07135, 0.0169983
9.13285, 0.0169983
9.19588, 0.0169983
9.2605, 0.0169983
9.3205, 0.0169983
9.3805, 0.0169983
9.442, 0.0169983
9.50503, 0.0169983
9.56503, 0.0169983
9.62653, 0.0169983
9.68957, 0.0169983
9.74957, 0.0169983
9.80957, 0.0169983
9.87107, 0.0169983
9.93411, 0.0169983
9.99872, 0.0169983
10.0587, 0.0169983
10.1202, 0.0169983
10.1802, 0.0169983
10.2417, 0.0169983
10.3048, 0.0169983
10.3648, 0.0169983
10.4248, 0.0169983
10.4863, 0.0169983
10.5463, 0.0169983
10.6078, 0.0169983
10.6708, 0.0169983
10.7354, 0.0169983
10.8016, 0.0169983
10.8695, 0.0169983
10.9295, 0.0169983
10.991, 0.0169983
11.0541, 0.0169983
11.1141, 0.0169983
11.1741, 0.0169983
11.2356, 0.0169983
11.2986, 0.0169983
11.3632, 0.0169983
11.4232, 0.0169983
11.4847, 0.0169983
11.5478, 0.0169983
11.6124, 0.0169983
11.6786, 0.0169983
11.7386, 0.0169983
11.8001, 0.0169983
11.8631, 0.0169983
11.9277, 0.0169983
11.9877, 0.0169983
12.0492, 0.0169983
12.1123, 0.0169983
12.1723, 0.0169983
12.2338, 0.0169983
12.2968, 0.0169983
12.3614, 0.0169983
12.4277, 0.0169983
12.4955, 0.0169983
12.5555, 0.0169983
12.617, 0.0169983
12.6801, 0.0169983
12.7447, 0.0169983
12.8109, 0.0169983
12.8788, 0.0169983
12.9388, 0.0169983
12.9988, 0.0169983
13.0603, 0.0169983
13.1233, 0.0169983
13.188, 0.0169983
13.248, 0.0169983
13.3095, 0.0169983
13.3725, 0.0169983
13.4325, 0.0169983
13.494, 0.0169983
13.557, 0.0169983
13.6216, 0.0169983
13.6879, 0.0169983
13.7479, 0.0169983
13.8079, 0.0169983
13.8694, 0.0169983
13.9324, 0.0169983
13.9924, 0.0169983
14.0539, 0.0169983
14.117, 0.0169983
14.177, 0.0169983
14.237, 0.0169983
14.2985, 0.0169983
14.3615, 0.0169983
14.4215, 0.0169983
14.483, 0.0169983
14.546, 0.0169983
14.606, 0.0169983
14.6675, 0.0169983
14.7306, 0.0169983
14.7952, 0.0169983
14.8552, 0.0169983
14.9167, 0.0169983
14.9797, 0.0169983
15.0443, 0.0169983
15.1106, 0.0169983
15.1706, 0.0169983
15.2306, 0.0169983
15.2906, 0.0169983
15.3521, 0.0169983
15.4151, 0.0169983
15.4751, 0.0169983
15.5366, 0.0169983
15.5996, 0.0169983
15.6642, 0.0169983
15.7305, 0.0169983
15.7984, 0.0169983
15.8679, 0.0169983
15.9279, 0.0169983
15.9894, 0.0169983
16.0525, 0.0169983
16.1125, 0.0169983
16.174, 0.0169983
16.237, 0.0169983
16.297, 0.0169983
16.3585, 0.0169983
16.4185, 0.0169983
16.4785, 0.0169983
16.54, 0.0169983
16.6031, 0.0169983
16.6631, 0.0169983
16.7231, 0.0169983
16.7846, 0.0169983
16.8476, 0.0169983
16.9076, 0.0169983
16.9691, 0.0169983
17.0321, 0.0169983
17.0967, 0.0169983
17.1567, 0.0169983
17.2182, 0.0169983
17.2813, 0.0169983
17.3413, 0.0169983
17.4028, 0.0169983
17.4628, 0.0169983
17.5228, 0.0169983
17.5843, 0.0169983
17.6473, 0.0169983
17.7119, 0.0169983
17.7782, 0.0169983
17.8382, 0.0169983
17.8997, 0.0169983
17.9627, 0.0169983
18.0273, 0.0169983
18.0873, 0.0169983
18.1488, 0.0169983
18.2118, 0.0169983
18.2765, 0.0169983
18.3427, 0.0169983
18.4106, 0.0169983
18.4706, 0.0169983
18.5321, 0.0169983
18.5951, 0.0169983
18.6597, 0.0169983
18.726, 0.0169983
18.7938, 0.0169983
18.8538, 0.0169983
18.9153, 0.0169983
18.9784, 0.0169983
19.0384, 0.0169983
19.0999, 0.0169983
19.1629, 0.0169983
19.2275, 0.0169983
19.2938, 0.0169983
19.3616, 0.0169983
19.4216, 0.0169983
19.4831, 0.0169983
19.5431, 0.0169983
19.6046, 0.0169983
19.6677, 0.0169983
19.7323, 0.0169983
19.7923, 0.0169983
19.8538, 0.0169983
19.9168, 0.0169983
19.9814, 0.0169983
20.0414, 0.0169983
20.1029, 0.0169983
20.1629, 0.0169983
20.2244, 0.0169983
20.2875, 0.0169983
20.3521, 0.0169983
20.4183, 0.0169983
20.4862, 0.0169983
20.5558, 0.0169983
20.6158, 0.0169983
20.6773, 0.0169983
20.7403, 0.0169983
20.8049, 0.0169983
20.8712, 0.0169983
20.9312, 0.0169983
20.9927, 0.0169983
21.0557, 0.0169983
21.1203, 0.0169983
21.1803, 0.0169983
21.2418, 0.0169983
21.3049, 0.0169983
21.3649, 0.0169983
21.4264, 0.0169983
21.4894, 0.0169983
21.554, 0.0169983
21.6202, 0.0169983
21.6881, 0.0169983
21.7577, 0.0169983
21.829, 0.0169983
21.889, 0.0169983
21.9505, 0.0169983
22.0105, 0.0169983
22.072, 0.0169983
22.1351, 0.0169983
22.1997, 0.0169983
22.2597, 0.0169983
22.3212, 0.0169983
22.3842, 0.0169983
22.4488, 0.0169983
22.5151, 0.0169983
22.5829, 0.0169983
22.6429, 0.0169983
22.7044, 0.0169983
22.7675, 0.0169983
22.8321, 0.0169983
22.8983, 0.0169983
22.9662, 0.0169983
23.0262, 0.0169983
23.0877, 0.0169983
23.1507, 0.0169983
23.2154, 0.0169983
23.2754, 0.0169983
23.3354, 0.0169983
23.3969, 0.0169983
23.4599, 0.0169983
23.5199, 0.0169983
23.5799, 0.0169983
23.6414, 0.0169983
23.7014, 0.0169983
23.7629, 0.0169983
23.8229, 0.0169983
23.8844, 0.0169983
23.9474, 0.0169983
24.0074, 0.0169983
24.0689, 0.0169983
24.132, 0.0169983
24.192, 0.0169983
24.2535, 0.0169983
24.3165, 0.0169983
24.3811, 0.0169983
24.4411, 0.0169983
24.5026, 0.0169983
24.5657, 0.0169983
24.6257, 0.0169983
24.6872, 0.0169983
24.7502, 0.0169983
24.8102, 0.0169983
24.8717, 0.0169983
24.9347, 0.0169983
24.9993, 0.0169983
25.0593, 0.0169983
25.1208, 0.0169983
25.1839, 0.0169983
25.2439, 0.0169983
25.3039, 0.0169983
25.3654, 0.0169983
25.4284, 0.0169983
25.493, 0.0169983
25.553, 0.0169983
25.6145, 0.0169983
25.6776, 0.0169983
25.7376, 0.0169983
25.7991, 0.0169983
25.8621, 0.0169983
25.9221, 0.0169983
25.9836, 0.0169983
26.0436, 0.0169983
26.1051, 0.0169983
26.1651, 0.0169983
26.2251, 0.0169983
26.2866, 0.0169983
26.3496, 0.0169983
26.4143, 0.0169983
26.4805, 0.0169983
26.5484, 0.0169983
26.6084, 0.0169983
26.6699, 0.0169983
26.7329, 0.0169983
26.7975, 0.0169983
26.8575, 0.0169983
26.919, 0.0169983
26.979, 0.0169983
27.0405, 0.0169983
27.1036, 0.0169983
27.1636, 0.0169983
27.2236, 0.0169983
27.2851, 0.0169983
27.3481, 0.0169983
27.4127, 0.0169983
27.4789, 0.0169983
27.5468, 0.0169983
27.6068, 0.0169983
27.6683, 0.0169983
27.7314, 0.0169983
27.796, 0.0169983
27.856, 0.0169983
27.916, 0.0169983
27.9775, 0.0169983
28.0375, 0.0169983
28.099, 0.0169983
28.162, 0.0169983
28.2266, 0.0169983
28.2866, 0.0169983
28.3481, 0.0169983
28.4081, 0.0169983
28.4696, 0.0169983
28.5327, 0.0169983
28.5973, 0.0169983
28.6635, 0.0169983
28.7314, 0.0169983
28.7914, 0.0169983
28.8514, 0.0169983
28.9129, 0.0169983
28.9729, 0.0169983
29.0344, 0.0169983
29.0974, 0.0169983
29.1574, 0.0169983
29.2189, 0.0169983
29.282, 0.0169983
29.342, 0.0169983
29.4035, 0.0169983
29.4665, 0.0169983
29.5265, 0.0169983
29.588, 0.0169983
29.651, 0.0169983
29.7157, 0.0169983
29.7757, 0.0169983
29.8372, 0.0169983
29.9002, 0.0169983
29.9648, 0.0169983
30.0248, 0.0169983
30.0863, 0.0169983
30.1493, 0.0169983
30.214, 0.0169983
30.2802, 0.0169983
30.3481, 0.0169983
30.4081, 0.0169983
30.4681, 0.0169983
30.5296, 0.0169983
30.5926, 0.0169983
30.6572, 0.0169983
30.7172, 0.0169983
30.7772, 0.0169983
30.8387, 0.0169983
30.9018, 0.0169983
30.9618, 0.0169983
31.0218, 0.0169983
31.0833, 0.0169983
31.1463, 0.0169983
31.2063, 0.0169983
31.2678, 0.0169983
31.3308, 0.0169983
31.3908, 0.0169983
31.4523, 0.0169983
31.5154, 0.0169983
31.58, 0.0169983
31.64, 0.0169983
31.7015, 0.0169983
31.7645, 0.0169983
31.8291, 0.0169983
31.8954, 0.0169983
31.9554, 0.0169983
32.0169, 0.0169983
32.0799, 0.0169983
32.1399, 0.0169983
32.2014, 0.0169983
32.2644, 0.0169983
32.3244, 0.0169983
32.3844, 0.0169983
32.4444, 0.0169983
32.5059, 0.0169983
32.569, 0.0169983
32.6336, 0.0169983
32.6998, 0.0169983
32.7677, 0.0169983
32.8277, 0.0169983
32.8877, 0.0169983
32.9492, 0.0169983
33.0122, 0.0169983
33.0722, 0.0169983
33.1322, 0.0169983
33.1937, 0.0169983
33.2568, 0.0169983
33.3214, 0.0169983
33.3814, 0.0169983
33.4429, 0.0169983
33.5059, 0.0169983
33.5659, 0.0169983
33.6274, 0.0169983
33.6874, 0.0169983
33.7474, 0.0169983
33.8089, 0.0169983
33.872, 0.0169983
33.932, 0.0169983
33.992, 0.0169983
34.0535, 0.0169983
34.1135, 0.0169983
34.175, 0.0169983
34.235, 0.0169983
34.2965, 0.0169983
34.3565, 0.0169983
34.4165, 0.0169983
34.4765, 0.0169983
34.538, 0.0169983
34.601, 0.0169983
34.6656, 0.0169983
34.7256, 0.0169983
34.7871, 0.0169983
34.8502, 0.0169983
34.9102, 0.0169983
34.9717, 0.0169983
35.0347, 0.0169983
35.0947, 0.0169983
35.1562, 0.0169983
35.2192, 0.0169983
35.2838, 0.0169983
35.3501, 0.0169983
35.418, 0.0169983
35.4875, 0.0169983
35.5589, 0.0169983
35.6189, 0.0169983
35.6789, 0.0169983
35.7404, 0.0169983
35.8034, 0.0169983
35.868, 0.0169983
35.928, 0.0169983
35.9895, 0.0169983
36.0525, 0.0169983
36.1125, 0.0169983
36.174, 0.0169983
36.234, 0.0169983
36.294, 0.0169983
36.3555, 0.0169983
36.4186, 0.0169983
36.4786, 0.0169983
36.5401, 0.0169983
36.6031, 0.0169983
36.6677, 0.0169983
36.734, 0.0169983
36.8018, 0.0169983
36.8714, 0.0169983
36.9314, 0.0169983
36.9929, 0.0169983
37.056, 0.0169983
37.1206, 0.0169983
37.1868, 0.0169983
37.2547, 0.0169983
37.3147, 0.0169983
37.3762, 0.0169983
37.4362, 0.0169983
37.4977, 0.0169983
37.5607, 0.0169983
37.6253, 0.0169983
37.6853, 0.0169983
37.7468, 0.0169983
37.8099, 0.0169983
37.8699, 0.0169983
37.9314, 0.0169983
37.9914, 0.0169983
38.0529, 0.0169983
38.1159, 0.0169983
38.1759, 0.0169983
38.2374, 0.0169983
38.3005, 0.0169983
38.3605, 0.0169983
38.422, 0.0169983
38.485, 0.0169983
38.545, 0.0169983
38.6065, 0.0169983
38.6695, 0.0169983
38.7295, 0.0169983
38.791, 0.0169983
38.8541, 0.0169983
38.9187, 0.0169983
38.9787, 0.0169983
39.0402, 0.0169983
39.1002, 0.0169983
39.1617, 0.0169983
39.2247, 0.0169983
39.2893, 0.0169983
39.3556, 0.0169983
39.4156, 0.0169983
39.4771, 0.0169983
39.5401, 0.0169983
39.6047, 0.0169983
39.6647, 0.0169983
39.7262, 0.0169983
39.7893, 0.0169983
39.8539, 0.0169983
39.9201, 0.0169983
39.988, 0.0169983
40.048, 0.0169983
40.1095, 0.0169983
40.1725, 0.0169983
40.2371, 0.0169983
40.2971, 0.0169983
40.3586, 0.0169983
40.4217, 0.0169983
40.4863, 0.0169983
40.5525, 0.0169983
40.6204, 0.0169983
40.6804, 0.0169983
40.7419, 0.0169983
40.8049, 0.0169983
40.8695, 0.0169983
40.9295, 0.0169983
40.991, 0.0169983
41.0541, 0.0169983
41.1141, 0.0169983
41.1756, 0.0169983
41.2386, 0.0169983
41.2986, 0.0169983
41.3586, 0.0169983
41.4201, 0.0169983
41.4832, 0.0169983
41.5478, 0.0169983
41.6078, 0.0169983
41.6693, 0.0169983
41.7323, 0.0169983
41.7923, 0.0169983
41.8538, 0.0169983
41.9168, 0.0169983
41.9815, 0.0169983
42.0415, 0.0169983
42.103, 0.0169983
42.166, 0.0169983
42.2306, 0.0169983
42.2906, 0.0169983
42.3506, 0.0169983
42.4121, 0.0169983
42.4751, 0.0169983
42.5351, 0.0169983
42.5966, 0.0169983
42.6566, 0.0169983
42.7181, 0.0169983
42.7812, 0.0169983
42.8412, 0.0169983
42.9027, 0.0169983
42.9627, 0.0169983
43.0242, 0.0169983
43.0872, 0.0169983
43.1518, 0.0169983
43.2118, 0.0169983
43.2733, 0.0169983
43.3333, 0.0169983
43.3948, 0.0169983
43.4579, 0.0169983
43.5179, 0.0169983
43.5794, 0.0169983
43.6424, 0.0169983
43.707, 0.0169983
43.7733, 0.0169983
43.8411, 0.0169983
43.9011, 0.0169983
43.9626, 0.0169983
44.0257, 0.0169983
44.0903, 0.0169983
44.1565, 0.0169983
44.2244, 0.0169983
44.294, 0.0169983
44.3653, 0.0169983
44.4253, 0.0169983
44.4868, 0.0169983
44.5468, 0.0169983
44.6083, 0.0169983
44.6713, 0.0169983
44.736, 0.0169983
44.796, 0.0169983
44.8575, 0.0169983
44.9175, 0.0169983
44.9775, 0.0169983
45.0375, 0.0169983
45.099, 0.0169983
45.162, 0.0169983
45.2266, 0.0169983
45.2928, 0.0169983
45.3528, 0.0169983
45.4143, 0.0169983
45.4743, 0.0169983
45.5343, 0.0169983
45.5958, 0.0169983
45.6589, 0.0169983
45.7189, 0.0169983
45.7804, 0.0169983
45.8434, 0.0169983
45.908, 0.0169983
45.968, 0.0169983
46.028, 0.0169983
46.0895, 0.0169983
46.1526, 0.0169983
46.2126, 0.0169983
46.2741, 0.0169983
46.3371, 0.0169983
46.3971, 0.0169983
46.4586, 0.0169983
46.5216, 0.0169983
46.5816, 0.0169983
46.6416, 0.0169983
46.7031, 0.0169983
46.7662, 0.0169983
46.8308, 0.0169983
46.897, 0.0169983
46.9649, 0.0169983
47.0249, 0.0169983
47.0864, 0.0169983
47.1464, 0.0169983
47.2079, 0.0169983
47.2709, 0.0169983
47.3356, 0.0169983
47.4018, 0.0169983
47.4697, 0.0169983
47.5392, 0.0169983
47.6106, 0.0169983
47.6837, 0.0169983
47.7437, 0.0169983
47.8052, 0.0169983
47.8682, 0.0169983
47.9328, 0.0169983
47.9928, 0.0169983
48.0528, 0.0169983
48.1143, 0.0169983
48.1774, 0.0169983
48.2374, 0.0169983
48.2989, 0.0169983
48.3619, 0.0169983
48.4265, 0.0169983
48.4865, 0.0169983
48.548, 0.0169983
48.611, 0.0169983
48.671, 0.0169983
48.7325, 0.0169983
48.7956, 0.0169983
48.8602, 0.0169983
48.9264, 0.0169983
48.9943, 0.0169983
49.0639, 0.0169983
49.1239, 0.0169983
49.1854, 0.0169983
49.2484, 0.0169983
49.3084, 0.0169983
49.3699, 0.0169983
49.433, 0.0169983
49.493, 0.0169983
49.5545, 0.0169983
49.6175, 0.0169983
49.6821, 0.0169983
49.7421, 0.0169983
49.8036, 0.0169983
49.8636, 0.0169983
49.9251, 0.0169983
49.9882, 0.0169983
50.0528, 0.0169983
50.119, 0.0169983
50.179, 0.0169983
50.2405, 0.0169983
50.3035, 0.0169983
50.3635, 0.0170288
50.425, 0.0170288
50.4881, 0.0170288
50.5527, 0.0170288
50.6127, 0.0170288
50.6742, 0.0170288
50.7372, 0.0170288
50.8018, 0.0170288
50.8618, 0.0170288
50.9233, 0.0170288
50.9864, 0.0170288
51.0464, 0.0170288
51.1079, 0.0170288
51.1709, 0.0170288
51.2355, 0.0170288
51.3018, 0.0170288
51.3696, 0.0170288
51.4392, 0.0170288
51.5105, 0.0170288
51.5705, 0.0170288
51.632, 0.0170288
51.6951, 0.0170288
51.7551, 0.0170288
51.8151, 0.0170288
51.8751, 0.0170288
51.9366, 0.0170288
51.9966, 0.0170288
52.0581, 0.0170288
52.1211, 0.0170288
52.1811, 0.0170288
52.2426, 0.0170288
52.3057, 0.0170288
52.3703, 0.0170288
52.4365, 0.0170288
52.4965, 0.0170288
52.558, 0.0170288
52.618, 0.0170288
52.6795, 0.0170288
52.7395, 0.0170288
52.801, 0.0170288
52.861, 0.0170288
52.9225, 0.0170288
52.9855, 0.0170288
53.0501, 0.0170288
53.1101, 0.0170288
53.1716, 0.0170288
53.2316, 0.0170288
53.2931, 0.0170288
53.3562, 0.0170288
53.4208, 0.0170288
53.4808, 0.0170288
53.5423, 0.0170288
53.6053, 0.0170288
53.67, 0.0170288
53.73, 0.0170288
53.7915, 0.0170288
53.8545, 0.0170288
53.9191, 0.0170288
53.9791, 0.0170288
54.0406, 0.0170288
54.1036, 0.0170288
54.1683, 0.0170288
54.2345, 0.0170288
54.3024, 0.0170288
54.3719, 0.0170288
54.4319, 0.0170288
54.4919, 0.0170288
54.5534, 0.0170288
54.6165, 0.0170288
54.6811, 0.0170288
54.7473, 0.0170288
54.8073, 0.0170288
54.8688, 0.0170288
54.9319, 0.0170288
54.9919, 0.0170288
55.0534, 0.0170288
55.1164, 0.0170288
55.181, 0.0170288
55.2472, 0.0170288
55.3151, 0.0170288
55.3751, 0.0170288
55.4366, 0.0170288
55.4997, 0.0170288
55.5643, 0.0170288
55.6243, 0.0170288
55.6858, 0.0170288
55.7488, 0.0170288
55.8134, 0.0170288
55.8734, 0.0170288
55.9349, 0.0170288
55.9949, 0.0170288
56.0564, 0.0170288
56.1195, 0.0170288
56.1841, 0.0170288
56.2503, 0.0170288
56.3182, 0.0170288
56.3878, 0.0170288
56.4478, 0.0170288
56.5093, 0.0170288
56.5723, 0.0170288
56.6369, 0.0170288
56.6969, 0.0170288
56.7584, 0.0170288
56.8215, 0.0170288
56.8861, 0.0170288
56.9523, 0.0170288
57.0123, 0.0170288
57.0738, 0.0170288
57.1368, 0.0170288
57.2015, 0.0170288
57.2677, 0.0170288
57.3356, 0.0170288
57.3956, 0.0170288
57.4571, 0.0170288
57.5201, 0.0170288
57.5801, 0.0170288
57.6416, 0.0170288
57.7046, 0.0170288
57.7693, 0.0170288
57.8293, 0.0170288
57.8893, 0.0170288
57.9508, 0.0170288
58.0138, 0.0170288
58.0738, 0.0170288
58.1353, 0.0170288
58.1983, 0.0170288
58.2583, 0.0170288
58.3198, 0.0170288
58.3829, 0.0170288
58.4429, 0.0170288
58.5044, 0.0170288
58.5674, 0.0170288
58.6274, 0.0170288
58.6889, 0.0170288
58.7519, 0.0170288
58.8166, 0.0170288
58.8766, 0.0170288
58.9381, 0.0170288
59.0011, 0.0170288
59.0611, 0.0170288
59.1226, 0.0170288
59.1856, 0.0170288
59.2502, 0.0170288
59.3165, 0.0170288
59.3844, 0.0170288
59.4539, 0.0170288
59.5139, 0.0170288
59.5754, 0.0170288
59.6354, 0.0170288
59.6969, 0.0170288
59.7569, 0.0170288
59.8184, 0.0170288
59.8815, 0.0170288
59.9461, 0.0170288
60.0061, 0.0170288
60.0676, 0.0170288
60.1306, 0.0170288
60.1906, 0.0170288
60.2521, 0.0170288
60.3152, 0.0170288
60.3798, 0.0170288
60.446, 0.0170288
60.5139, 0.0170288
60.5835, 0.0170288
60.6435, 0.0170288
60.705, 0.0170288
60.765, 0.0170288
60.8265, 0.0170288
60.8865, 0.0170288
60.948, 0.0170288
61.008, 0.0170288
61.0695, 0.0170288
61.1325, 0.0170288
61.1971, 0.0170288
61.2571, 0.0170288
61.3186, 0.0170288
61.3817, 0.0170288
61.4417, 0.0170288
61.5032, 0.0170288
61.5662, 0.0170288
61.6262, 0.0170288
61.6877, 0.0170288
61.7477, 0.0170288
61.8092, 0.0170288
61.8722, 0.0170288
61.9369, 0.0170288
62.0031, 0.0170288
62.071, 0.0170288
62.1406, 0.0170288
62.2119, 0.0170288
62.285, 0.0170288
62.3599, 0.0170288
62.4199, 0.0170288
62.4814, 0.0170288
62.5414, 0.0170288
62.6029, 0.0170288
62.6659, 0.0170288
62.7259, 0.0170288
62.7874, 0.0170288
62.8474, 0.0170288
62.9089, 0.0170288
62.972, 0.0170288
63.032, 0.0170288
63.0935, 0.0170288
63.1565, 0.0170288
63.2211, 0.0170288
63.2874, 0.0170288
63.3552, 0.0170288
63.4152, 0.0170288
63.4767, 0.0170288
63.5398, 0.0170288
63.5998, 0.0170288
63.6613, 0.0170288
63.7243, 0.0170288
63.7889, 0.0170288
63.8489, 0.0170288
63.9104, 0.0170288
63.9735, 0.0170288
64.0381, 0.0170288
64.0981, 0.0170288
64.1596, 0.0170288
64.2226, 0.0170288
64.2872, 0.0170288
64.3472, 0.0170288
64.4087, 0.0170288
64.4718, 0.0170288
64.5364, 0.0170288
64.6026, 0.0170288
64.6705, 0.0170288
64.7401, 0.0170288
64.8114, 0.0170288
64.8845, 0.0170288
64.9594, 0.0170288
65.0362, 0.0170288
65.115, 0.0170288
65.175, 0.0170288
65.235, 0.0170288
65.2965, 0.0170288
65.3595, 0.0170288
65.4241, 0.0170288
65.4841, 0.0170288
65.5456, 0.0170288
65.6056, 0.0170288
65.6671, 0.0170288
65.7302, 0.0170288
65.7948, 0.0170288
65.861, 0.0170288
65.921, 0.0170288
65.9825, 0.0170288
66.0455, 0.0170288
66.1055, 0.0170288
66.167, 0.0170288
66.227, 0.0170288
66.2885, 0.0170288
66.3485, 0.0170288
66.41, 0.0170288
66.47, 0.0170288
66.5315, 0.0170288
66.5915, 0.0170288
66.653, 0.0170288
66.7161, 0.0170288
66.7807, 0.0170288
66.8469, 0.0170288
66.9069, 0.0170288
66.9684, 0.0170288
67.0315, 0.0170288
67.0961, 0.0170288
67.1561, 0.0170288
67.2176, 0.0170288
67.2806, 0.0170288
67.3452, 0.0170288
67.4052, 0.0170288
67.4652, 0.0170288
67.5267, 0.0170288
67.5898, 0.0170288
67.6544, 0.0170288
67.7206, 0.0170288
67.7806, 0.0170288
67.8421, 0.0170288
67.9051, 0.0170288
67.9651, 0.0170288
68.0266, 0.0170288
68.0897, 0.0170288
68.1543, 0.0170288
68.2143, 0.0170288
68.2758, 0.0170288
68.3388, 0.0170288
68.4034, 0.0170288
68.4634, 0.0170288
68.5249, 0.0170288
68.588, 0.0170288
68.6526, 0.0170288
68.7188, 0.0170288
68.7788, 0.0170288
68.8403, 0.0170288
68.9034, 0.0170288
68.968, 0.0170288
69.0342, 0.0170288
69.0942, 0.0170288
69.1557, 0.0170288
69.2157, 0.0170288
69.2772, 0.0170288
69.3402, 0.0170288
69.4048, 0.0170288
69.4648, 0.0170288
69.5263, 0.0170288
69.5863, 0.0170288
69.6478, 0.0170288
69.7109, 0.0170288
69.7755, 0.0170288
69.8355, 0.0170288
69.897, 0.0170288
69.957, 0.0170288
70.017, 0.0170288
70.077, 0.0170288
70.1385, 0.0170288
70.2015, 0.0170288
70.2662, 0.0170288
70.3262, 0.0170288
70.3862, 0.0170288
70.4477, 0.0170288
70.5107, 0.0170288
70.5753, 0.0170288
70.6415, 0.0170288
70.7094, 0.0170288
70.7694, 0.0170288
70.8309, 0.0170288
70.8909, 0.0170288
70.9524, 0.0170288
71.0155, 0.0170288
71.0801, 0.0170288
71.1463, 0.0170288
71.2142, 0.0170288
71.2838, 0.0170288
71.3551, 0.0170288
71.4151, 0.0170288
71.4766, 0.0170288
71.5396, 0.0170288
71.6042, 0.0170288
71.6705, 0.0170288
71.7305, 0.0170288
71.7905, 0.0170288
71.852, 0.0170288
71.915, 0.0170288
71.9796, 0.0170288
72.0458, 0.0170288
72.1058, 0.0170288
72.1673, 0.0170288
72.2304, 0.0170288
72.295, 0.0170288
72.355, 0.0170288
72.4165, 0.0170288
72.4795, 0.0170288
72.5395, 0.0170288
72.601, 0.0170288
72.6641, 0.0170288
72.7287, 0.0170288
72.7887, 0.0170288
72.8502, 0.0170288
72.9132, 0.0170288
72.9778, 0.0170288
73.0378, 0.0170288
73.0993, 0.0170288
73.1624, 0.0170288
73.2224, 0.0170288
73.2839, 0.0170288
73.3439, 0.0170288
73.4054, 0.0170288
73.4684, 0.0170288
73.533, 0.0170288
73.5992, 0.0170288
73.6671, 0.0170288
73.7367, 0.0170288
73.808, 0.0170288
73.868, 0.0170288
73.928, 0.0170288
73.9895, 0.0170288
74.0526, 0.0170288
74.1172, 0.0170288
74.1772, 0.0170288
74.2387, 0.0170288
74.2987, 0.0170288
74.3602, 0.0170288
74.4232, 0.0170288
74.4832, 0.0170288
74.5447, 0.0170288
74.6078, 0.0170288
74.6724, 0.0170288
74.7324, 0.0170288
74.7939, 0.0170288
74.8569, 0.0170288
74.9215, 0.0170288
74.9815, 0.0170288
75.043, 0.0170288
75.103, 0.0170288
75.1645, 0.0170288
75.2276, 0.0170288
75.2922, 0.0170288
75.3584, 0.0170288
75.4263, 0.0170288
75.4959, 0.0170288
75.5672, 0.0170288
75.6403, 0.0170288
75.7152, 0.0170288
75.792, 0.0170288
75.852, 0.0170288
75.912, 0.0170288
75.972, 0.0170288
76.032, 0.0170288
76.0935, 0.0170288
76.1566, 0.0170288
76.2166, 0.0170288
76.2781, 0.0170288
76.3381, 0.0170288
76.3981, 0.0170288
76.4596, 0.0170288
76.5226, 0.0170288
76.5872, 0.0170288
76.6535, 0.0170288
76.7213, 0.0170288
76.7909, 0.0170288
76.8509, 0.0170288
76.9124, 0.0170288
76.9755, 0.0170288
77.0401, 0.0170288
77.1001, 0.0170288
77.1616, 0.0170288
77.2246, 0.0170288
77.2846, 0.0170288
77.3446, 0.0170288
77.4061, 0.0170288
77.4691, 0.0170288
77.5338, 0.0170288
77.6, 0.0170288
77.66, 0.0170288
77.7215, 0.0170288
77.7845, 0.0170288
77.8491, 0.0170288
77.9091, 0.0170288
77.9706, 0.0170288
78.0306, 0.0170288
78.0921, 0.0170288
78.1552, 0.0170288
78.2152, 0.0170288
78.2752, 0.0170288
78.3367, 0.0170288
78.3997, 0.0170288
78.4597, 0.0170288
78.5212, 0.0170288
78.5843, 0.0170288
78.6489, 0.0170288
78.7089, 0.0170288
78.7704, 0.0170288
78.8304, 0.0170288
78.8919, 0.0170288
78.9549, 0.0170288
79.0195, 0.0170288
79.0795, 0.0170288
79.141, 0.0170288
79.2041, 0.0170288
79.2687, 0.0170288
79.3349, 0.0170288
79.3949, 0.0170288
79.4564, 0.0170288
79.5194, 0.0170288
79.584, 0.0170288
79.6503, 0.0170288
79.7103, 0.0170288
79.7703, 0.0170288
79.8318, 0.0170288
79.8918, 0.0170288
79.9518, 0.0170288
80.0133, 0.0170288
80.0763, 0.0170288
80.1363, 0.0170288
80.1978, 0.0170288
80.2608, 0.0170288
80.3255, 0.0170288
80.3855, 0.0170288
80.447, 0.0170288
80.51, 0.0170288
80.57, 0.0170288
80.6315, 0.0170288
80.6945, 0.0170288
80.7545, 0.0170288
80.816, 0.0170288
80.876, 0.0170288
80.9375, 0.0170288
81.0006, 0.0170288
81.0652, 0.0170288
81.1252, 0.0170288
81.1867, 0.0170288
81.2497, 0.0170288
81.3143, 0.0170288
81.3743, 0.0170288
81.4358, 0.0170288
81.4989, 0.0170288
81.5635, 0.0170288
81.6297, 0.0170288
81.6976, 0.0170288
81.7576, 0.0170288
81.8191, 0.0170288
81.8791, 0.0170288
81.9391, 0.0170288
82.0006, 0.0170288
82.0636, 0.0170288
82.1236, 0.0170288
82.1851, 0.0170288
82.2451, 0.0170288
82.3066, 0.0170288
82.3697, 0.0170288
82.4297, 0.0170288
82.4912, 0.0170288
82.5542, 0.0170288
82.6142, 0.0170288
82.6757, 0.0170288
82.7357, 0.0170288
82.7972, 0.0170288
82.8572, 0.0170288
82.9172, 0.0170288
82.9787, 0.0170288
83.0387, 0.0170288
83.1002, 0.0170288
83.1633, 0.0170288
83.2233, 0.0170288
83.2848, 0.0170288
83.3478, 0.0170288
83.4124, 0.0170288
83.4724, 0.0170288
83.5339, 0.0170288
83.5969, 0.0170288
83.6616, 0.0170288
83.7216, 0.0170288
83.7831, 0.0170288
83.8461, 0.0170288
83.9061, 0.0170288
83.9676, 0.0170288
84.0306, 0.0170288
84.0952, 0.0170288
84.1615, 0.0170288
84.2215, 0.0170288
84.283, 0.0170288
84.346, 0.0170288
84.406, 0.0170288
84.466, 0.0170288
84.5275, 0.0170288
84.5905, 0.0170288
84.6552, 0.0170288
84.7152, 0.0170288
84.7767, 0.0170288
84.8397, 0.0170288
84.9043, 0.0170288
84.9705, 0.0170288
85.0305, 0.0170288
85.092, 0.0170288
85.152, 0.0170288
85.212, 0.0170288
85.2735, 0.0170288
85.3366, 0.0170288
85.4012, 0.0170288
85.4612, 0.0170288
85.5227, 0.0170288
85.5827, 0.0170288
85.6442, 0.0170288
85.7072, 0.0170288
85.7718, 0.0170288
85.8318, 0.0170288
85.8933, 0.0170288
85.9533, 0.0170288
86.0133, 0.0170288
86.0733, 0.0170288
86.1348, 0.0170288
86.1948, 0.0170288
86.2563, 0.0170288
86.3194, 0.0170288
86.3794, 0.0170288
86.4394, 0.0170288
86.4994, 0.0170288
86.5594, 0.0170288
86.6209, 0.0170288
86.6839, 0.0170288
86.7439, 0.0170288
86.8039, 0.0170288
86.8639, 0.0170288
86.9254, 0.0170288
86.9885, 0.0170288
87.0531, 0.0170288
87.1131, 0.0170288
87.1746, 0.0170288
87.2376, 0.0170288
87.3022, 0.0170288
87.3622, 0.0170288
87.4237, 0.0170288
87.4868, 0.0170288
87.5514, 0.0170288
87.6114, 0.0170288
87.6729, 0.0170288
87.7359, 0.0170288
87.7959, 0.0170288
87.8574, 0.0170288
87.9204, 0.0170288
87.9851, 0.0170288
88.0451, 0.0170288
88.1066, 0.0170288
88.1666, 0.0170288
88.2281, 0.0170288
88.2881, 0.0170288
88.3496, 0.0170288
88.4096, 0.0170288
88.4711, 0.0170288
88.5341, 0.0170288
88.5987, 0.0170288
88.6587, 0.0170288
88.7202, 0.0170288
88.7802, 0.0170288
88.8417, 0.0170288
88.9017, 0.0170288
88.9632, 0.0170288
89.0262, 0.0170288
89.0909, 0.0170288
89.1571, 0.0170288
89.225, 0.0170288
89.2946, 0.0170288
89.3546, 0.0170288
89.4161, 0.0170288
89.4791, 0.0170288
89.5391, 0.0170288
89.6006, 0.0170288
89.6606, 0.0170288
89.7221, 0.0170288
89.7851, 0.0170288
89.8497, 0.0170288
89.9097, 0.0170288
89.9697, 0.0170288
90.0312, 0.0170288
90.0943, 0.0170288
90.1543, 0.0170288
90.2158, 0.0170288
90.2758, 0.0170288
90.3373, 0.0170288
90.4003, 0.0170288
90.4603, 0.0170288
90.5218, 0.0170288
90.5849, 0.0170288
90.6495, 0.0170288
90.7157, 0.0170288
90.7757, 0.0170288
90.8372, 0.0170288
90.9002, 0.0170288
90.9648, 0.0170288
91.0248, 0.0170288
91.0863, 0.0170288
91.1463, 0.0170288
91.2078, 0.0170288
91.2709, 0.0170288
91.3355, 0.0170288
91.4017, 0.0170288
91.4696, 0.0170288
91.5296, 0.0170288
91.5911, 0.0170288
91.6542, 0.0170288
91.7142, 0.0170288
91.7757, 0.0170288
91.8357, 0.0170288
91.8957, 0.0170288
91.9557, 0.0170288
92.0172, 0.0170288
92.0802, 0.0170288
92.1448, 0.0170288
92.211, 0.0170288
92.2789, 0.0170288
92.3389, 0.0170288
92.4004, 0.0170288
92.4635, 0.0170288
92.5281, 0.0170288
92.5943, 0.0170288
92.6622, 0.0170288
92.7318, 0.0170288
92.8031, 0.0170288
92.8762, 0.0170288
92.9511, 0.0170288
93.0111, 0.0170288
93.0726, 0.0170288
93.1326, 0.0170288
93.1926, 0.0170288
93.2541, 0.0170288
93.3172, 0.0170288
93.3818, 0.0170288
93.448, 0.0170288
93.5159, 0.0170288
93.5759, 0.0170288
93.6374, 0.0170288
93.6974, 0.0170288
93.7589, 0.0170288
93.8219, 0.0170288
93.8865, 0.0170288
93.9465, 0.0170288
94.008, 0.0170288
94.0711, 0.0170288
94.1357, 0.0170288
94.1957, 0.0170288
94.2557, 0.0170288
94.3172, 0.0170288
94.3802, 0.0170288
94.4448, 0.0170288
94.5048, 0.0170288
94.5663, 0.0170288
94.6263, 0.0170288
94.6878, 0.0170288
94.7509, 0.0170288
94.8109, 0.0170288
94.8724, 0.0170288
94.9324, 0.0170288
94.9939, 0.0170288
95.0569, 0.0170288
95.1215, 0.0170288
95.1815, 0.0170288
95.243, 0.0170288
95.303, 0.0170288
95.3645, 0.0170288
95.4245, 0.0170288
95.486, 0.0170288
95.5491, 0.0170288
95.6137, 0.0170288
95.6737, 0.0170288
95.7352, 0.0170288
95.7982, 0.0170288
95.8582, 0.0170288
95.9182, 0.0170288
95.9782, 0.0170288
96.0397, 0.0170288
96.1027, 0.0170288
96.1627, 0.0170288
96.2227, 0.0170288
96.2842, 0.0170288
96.3442, 0.0170288
96.4057, 0.0170288
96.4688, 0.0170288
96.5334, 0.0170288
96.5996, 0.0170288
96.6675, 0.0170288
96.7371, 0.0170288
96.8084, 0.0170288
96.8815, 0.0170288
96.9415, 0.0170288
97.0015, 0.0170288
97.063, 0.0170288
97.123, 0.0170288
97.1845, 0.0170288
97.2445, 0.0170288
97.306, 0.0170288
97.3691, 0.0170288
97.4337, 0.0170288
97.4937, 0.0170288
97.5552, 0.0170288
97.6152, 0.0170288
97.6767, 0.0170288
97.7397, 0.0170288
97.8043, 0.0170288
97.8643, 0.0170288
97.9258, 0.0170288
97.9889, 0.0170288
98.0535, 0.0170288
98.1135, 0.0170288
98.175, 0.0170288
98.235, 0.0170288
98.2965, 0.0170288
98.3595, 0.0170288
98.4241, 0.0170288
98.4904, 0.0170288
98.5504, 0.0170288
98.6119, 0.0170288
98.6749, 0.0170288
98.7349, 0.0170288
98.7964, 0.0170288
98.8594, 0.0170288
98.924, 0.0170288
98.9903, 0.0170288
99.0582, 0.0170288
99.1182, 0.0170288
99.1797, 0.0170288
99.2427, 0.0170288
99.3073, 0.0170288
99.3673, 0.0170288
99.4273, 0.0170288
99.4888, 0.0170288
99.5518, 0.0170288
99.6165, 0.0170288
99.6827, 0.0170288
99.7506, 0.0170288
99.8202, 0.0170288
99.8915, 0.0170288
99.9646, 0.0170288
100.04, 0.0170288
100.116, 0.0170288
100.176, 0.0170288
100.238, 0.0170288
100.301, 0.0170288
100.365, 0.0170288
100.425, 0.0170288
100.487, 0.0170288
100.55, 0.0170288
100.615, 0.0170288
100.675, 0.0170288
100.736, 0.0170288
100.799, 0.0170288
100.864, 0.0170288
100.924, 0.0170288
100.985, 0.0170288
101.048, 0.0170288
101.108, 0.0170288
101.168, 0.0170288
101.23, 0.0170288
101.293, 0.0170288
101.353, 0.0170288
101.414, 0.0170288
101.477, 0.0170288
101.537, 0.0170288
101.599, 0.0170288
101.662, 0.0170288
101.727, 0.0170288
101.787, 0.0170288
101.848, 0.0170288
101.908, 0.0170288
101.968, 0.0170288
102.03, 0.0170288
102.09, 0.0170288
102.151, 0.0170288
102.214, 0.0170288
102.279, 0.0170288
102.345, 0.0170288
102.405, 0.0170288
102.466, 0.0170288
102.529, 0.0170288
102.594, 0.0170288
102.654, 0.0170288
102.714, 0.0170288
102.776, 0.0170288
102.836, 0.0170288
102.897, 0.0170288
102.96, 0.0170288
103.025, 0.0170288
103.085, 0.0170288
103.146, 0.0170288
103.209, 0.0170288
103.269, 0.0170288
103.331, 0.0170288
103.391, 0.0170288
103.452, 0.0170288
103.512, 0.0170288
103.574, 0.0170288
103.637, 0.0170288
103.701, 0.0170288
103.761, 0.0170288
103.821, 0.0170288
103.883, 0.0170288
103.946, 0.0170288
104.011, 0.0170288
104.071, 0.0170288
104.131, 0.0170288
104.192, 0.0170288
104.252, 0.0170288
104.314, 0.0170288
104.377, 0.0170288
104.441, 0.0170288
104.507, 0.0170288
104.567, 0.0170288
104.627, 0.0170288
104.689, 0.0170288
104.752, 0.0170288
104.817, 0.0170288
104.877, 0.0170288
104.938, 0.0170288
105.001, 0.0170288
105.061, 0.0170288
105.123, 0.0170288
105.186, 0.0170288
105.25, 0.0170288
105.31, 0.0170288
105.37, 0.0170288
105.432, 0.0170288
105.492, 0.0170288
105.553, 0.0170288
105.616, 0.0170288
105.676, 0.0170288
105.736, 0.0170288
105.798, 0.0170288
105.861, 0.0170288
105.925, 0.0170288
105.992, 0.0170288
106.052, 0.0170288
106.113, 0.0170288
106.176, 0.0170288
106.241, 0.0170288
106.301, 0.0170288
106.362, 0.0170288
106.422, 0.0170288
106.484, 0.0170288
106.544, 0.0170288
106.605, 0.0170288
106.668, 0.0170288
106.733, 0.0170288
106.793, 0.0170288
106.854, 0.0170288
106.914, 0.0170288
106.976, 0.0170288
107.039, 0.0170288
107.104, 0.0170288
107.164, 0.0170288
107.224, 0.0170288
107.285, 0.0170288
107.348, 0.0170288
107.413, 0.0170288
107.473, 0.0170288
107.534, 0.0170288
107.597, 0.0170288
107.657, 0.0170288
107.719, 0.0170288
107.779, 0.0170288
107.84, 0.0170288
107.903, 0.0170288
107.968, 0.0170288
108.034, 0.0170288
108.102, 0.0170288
108.172, 0.0170288
108.243, 0.0170288
108.316, 0.0170288
108.376, 0.0170288
108.438, 0.0170288
108.498, 0.0170288
108.559, 0.0170288
108.619, 0.0170288
108.681, 0.0170288
108.744, 0.0170288
108.808, 0.0170288
108.868, 0.0170288
108.93, 0.0170288
108.993, 0.0170288
109.057, 0.0170288
109.117, 0.0170288
109.177, 0.0170288
109.237, 0.0170288
109.299, 0.0170288
109.362, 0.0170288
109.427, 0.0170288
109.493, 0.0170288
109.553, 0.0170288
109.614, 0.0170288
109.677, 0.0170288
109.737, 0.0170288
109.799, 0.0170288
109.862, 0.0170288
109.926, 0.0170288
109.993, 0.0170288
110.061, 0.0170288
110.121, 0.0170288
110.182, 0.0170288
110.245, 0.0170288
110.31, 0.0170288
110.376, 0.0170288
110.444, 0.0170288
110.504, 0.0170288
110.565, 0.0170288
110.628, 0.0170288
110.688, 0.0170288
110.75, 0.0170288
110.813, 0.0170288
110.878, 0.0170288
110.944, 0.0170288
111.012, 0.0170288
111.081, 0.0170288
111.141, 0.0170288
111.203, 0.0170288
111.266, 0.0170288
111.33, 0.0170288
111.397, 0.0170288
111.457, 0.0170288
111.518, 0.0170288
111.581, 0.0170288
111.646, 0.0170288
111.706, 0.0170288
111.767, 0.0170288
111.83, 0.0170288
111.895, 0.0170288
111.961, 0.0170288
112.021, 0.0170288
112.081, 0.0170288
112.143, 0.0170288
112.206, 0.0170288
112.266, 0.0170288
112.327, 0.0170288
112.39, 0.0170288
112.45, 0.0170288
112.512, 0.0170288
112.572, 0.0170288
112.633, 0.0170288
112.696, 0.0170288
112.761, 0.0170288
112.821, 0.0170288
112.881, 0.0170288
112.942, 0.0170288
113.002, 0.0170288
113.064, 0.0170288
113.127, 0.0170288
113.192, 0.0170288
113.252, 0.0170288
113.313, 0.0170288
113.373, 0.0170288
113.435, 0.0170288
113.498, 0.0170288
113.562, 0.0170288
113.622, 0.0170288
113.684, 0.0170288
113.747, 0.0170288
113.811, 0.0170288
113.871, 0.0170288
113.933, 0.0170288
113.993, 0.0170288
114.054, 0.0170288
114.117, 0.0170288
114.182, 0.0170288
114.248, 0.0170288
114.316, 0.0170288
114.386, 0.0170288
114.457, 0.0170288
114.517, 0.0170288
114.578, 0.0170288
114.642, 0.0170288
114.702, 0.0170288
114.763, 0.0170288
114.823, 0.0170288
114.885, 0.0170288
114.948, 0.0170288
115.012, 0.0170288
115.072, 0.0170288
115.132, 0.0170288
115.194, 0.0170288
115.257, 0.0170288
115.317, 0.0170288
115.378, 0.0170288
115.441, 0.0170288
115.506, 0.0170288
115.566, 0.0170288
115.626, 0.0170288
115.687, 0.0170288
115.75, 0.0170288
115.815, 0.0170288
115.881, 0.0170288
115.949, 0.0170288
116.019, 0.0170288
116.09, 0.0170288
116.163, 0.0170288
116.238, 0.0170288
116.315, 0.0170288
116.394, 0.0170288
116.474, 0.0170288
116.534, 0.0170288
116.596, 0.0170288
116.659, 0.0170288
116.723, 0.0170288
116.79, 0.0170288
116.858, 0.0170288
116.927, 0.0170288
116.998, 0.0170288
117.072, 0.0170288
117.132, 0.0170288
117.193, 0.0170288
117.253, 0.0170288
117.315, 0.0170288
117.378, 0.0170288
117.442, 0.0170288
117.508, 0.0170288
117.576, 0.0170288
117.646, 0.0170288
117.717, 0.0170288
117.79, 0.0170288
117.865, 0.0170288
117.925, 0.0170288
117.985, 0.0170288
118.047, 0.0170288
118.11, 0.0170288
118.17, 0.0170288
118.231, 0.0170288
118.294, 0.0170288
118.354, 0.0170288
118.416, 0.0170288
118.476, 0.0170288
118.536, 0.0170288
118.597, 0.0170288
118.66, 0.0170288
118.725, 0.0170288
118.791, 0.0170288
118.851, 0.0170288
118.913, 0.0170288
118.976, 0.0170288
119.04, 0.0170288
119.1, 0.0170288
119.162, 0.0170288
119.225, 0.0170288
119.29, 0.0170288
119.356, 0.0170288
119.416, 0.0170288
119.477, 0.0170288
119.54, 0.0170288
119.605, 0.0170288
119.665, 0.0170288
119.726, 0.0170288
119.789, 0.0170288
119.849, 0.0170288
119.911, 0.0170288
119.974, 0.0170288
120.039, 0.0170288
120.099, 0.0170288
120.16, 0.0170288
120.223, 0.0170288
120.288, 0.0170288
120.348, 0.0170288
120.409, 0.0170288
120.472, 0.0170288
120.532, 0.0170288
120.592, 0.0170288
120.654, 0.0170288
120.717, 0.0170288
120.781, 0.0170288
120.848, 0.0170288
120.916, 0.0170288
120.976, 0.0170288
121.036, 0.0170288
121.097, 0.0170288
121.16, 0.0170288
121.22, 0.0170288
121.282, 0.0170288
121.345, 0.0170288
121.409, 0.0170288
121.469, 0.0170288
121.531, 0.0170288
121.594, 0.0170288
121.658, 0.0170288
121.718, 0.0170288
121.78, 0.0170288
121.843, 0.0170288
121.903, 0.0170288
121.964, 0.0170288
122.024, 0.0170288
122.086, 0.0170288
122.149, 0.0170288
122.209, 0.0170288
122.27, 0.0170288
122.333, 0.0170288
122.398, 0.0170288
122.458, 0.0170288
122.52, 0.0170288
122.583, 0.0170288
122.647, 0.0170288
122.713, 0.0170288
122.781, 0.0170288
122.841, 0.0170288
122.903, 0.0170288
122.966, 0.0170288
123.031, 0.0170288
123.091, 0.0170288
123.152, 0.0170288
123.215, 0.0170288
123.28, 0.0170288
123.346, 0.0170288
123.414, 0.0170288
123.474, 0.0170288
123.535, 0.0170288
123.598, 0.0170288
123.663, 0.0170288
123.723, 0.0170288
123.784, 0.0170288
123.847, 0.0170288
123.912, 0.0170288
123.978, 0.0170288
124.046, 0.0170288
124.106, 0.0170288
124.168, 0.0170288
124.231, 0.0170288
124.295, 0.0170288
124.355, 0.0170288
124.417, 0.0170288
124.48, 0.0170288
124.54, 0.0170288
124.601, 0.0170288
124.664, 0.0170288
124.729, 0.0170288
124.795, 0.0170288
124.863, 0.0170288
124.923, 0.0170288
124.985, 0.0170288
125.048, 0.0170288
125.112, 0.0170288
125.179, 0.0170288
125.246, 0.0170288
125.306, 0.0170288
125.368, 0.0170288
125.431, 0.0170288
125.491, 0.0170288
125.552, 0.0170288
125.615, 0.0170288
125.675, 0.0170288
125.737, 0.0170288
125.8, 0.0170288
125.865, 0.0170288
125.931, 0.0170288
125.991, 0.0170288
126.051, 0.0170288
126.112, 0.0170288
126.175, 0.0170288
126.24, 0.0170288
126.3, 0.0170288
126.362, 0.0170288
126.425, 0.0170288
126.485, 0.0170288
126.546, 0.0170288
126.609, 0.0170288
126.674, 0.0170288
126.74, 0.0170288
126.8, 0.0170288
126.861, 0.0170288
126.921, 0.0170288
126.983, 0.0170288
127.046, 0.0170288
127.111, 0.0170288
127.177, 0.0170288
127.245, 0.0170288
127.314, 0.0170288
127.386, 0.0170288
127.446, 0.0170288
127.507, 0.0170288
127.57, 0.0170288
127.635, 0.0170288
127.701, 0.0170288
127.761, 0.0170288
127.822, 0.0170288
127.886, 0.0170288
127.95, 0.0170288
128.01, 0.0170288
128.072, 0.0170288
128.135, 0.0170288
128.199, 0.0170288
128.266, 0.0170288
128.326, 0.0170288
128.387, 0.0170288
128.45, 0.0170288
128.51, 0.0170288
128.572, 0.0170288
128.635, 0.0170288
128.699, 0.0170288
128.759, 0.0170288
128.821, 0.0170288
128.884, 0.0170288
128.948, 0.0170288
129.008, 0.0170288
129.068, 0.0170288
129.13, 0.0170288
129.193, 0.0170288
129.258, 0.0170288
129.318, 0.0170288
129.379, 0.0170288
129.442, 0.0170288
129.502, 0.0170288
129.564, 0.0170288
129.627, 0.0170288
129.687, 0.0170288
129.748, 0.0170288
129.811, 0.0170288
129.871, 0.0170288
129.931, 0.0170288
129.993, 0.0170288
130.056, 0.0170288
130.116, 0.0170288
130.176, 0.0170288
130.237, 0.0170288
130.3, 0.0170288
130.365, 0.0170288
130.431, 0.0170288
130.491, 0.0170288
130.551, 0.0170288
130.613, 0.0170288
130.676, 0.0170288
130.736, 0.0170288
130.797, 0.0170288
130.857, 0.0170288
130.919, 0.0170288
130.982, 0.0170288
131.042, 0.0170288
131.103, 0.0170288
131.166, 0.0170288
131.231, 0.0170288
131.297, 0.0170288
131.357, 0.0170288
131.418, 0.0170288
131.482, 0.0170288
131.546, 0.0170288
131.606, 0.0170288
131.666, 0.0170288
131.728, 0.0170288
131.791, 0.0170288
131.855, 0.0170288
131.915, 0.0170288
131.977, 0.0170288
132.037, 0.0170288
132.098, 0.0170288
132.158, 0.0170288
132.22, 0.0170288
132.283, 0.0170288
132.343, 0.0170288
132.403, 0.0170288
132.463, 0.0170288
132.524, 0.0170288
132.587, 0.0170288
132.652, 0.0170288
132.712, 0.0170288
132.773, 0.0170288
132.837, 0.0170288
132.897, 0.0170288
132.958, 0.0170288
133.018, 0.0170288
133.08, 0.0170288
133.143, 0.0170288
133.207, 0.0170288
133.267, 0.0170288
133.327, 0.0170288
133.389, 0.0170288
133.452, 0.0170288
133.512, 0.0170288
133.573, 0.0170288
133.636, 0.0170288
133.701, 0.0170288
133.761, 0.0170288
133.822, 0.0170288
133.882, 0.0170288
133.944, 0.0170288
134.007, 0.0170288
134.067, 0.0170288
134.128, 0.0170288
134.188, 0.0170288
134.248, 0.0170288
134.31, 0.0170288
134.373, 0.0170288
134.433, 0.0170288
134.494, 0.0170288
134.557, 0.0170288
134.622, 0.0170288
134.682, 0.0170288
134.744, 0.0170288
134.807, 0.0170288
134.871, 0.0170288
134.931, 0.0170288
134.993, 0.0170288
135.056, 0.0170288
135.12, 0.0170288
135.187, 0.0170288
135.255, 0.0170288
135.324, 0.0170288
135.384, 0.0170288
135.446, 0.0170288
135.509, 0.0170288
135.569, 0.0170288
135.63, 0.0170288
135.693, 0.0170288
135.753, 0.0170288
135.813, 0.0170288
135.875, 0.0170288
135.935, 0.0170288
135.995, 0.0170288
136.056, 0.0170288
136.119, 0.0170288
136.184, 0.0170288
136.25, 0.0170288
136.318, 0.0170288
136.388, 0.0170288
136.448, 0.0170288
136.509, 0.0170288
136.572, 0.0170288
136.637, 0.0170288
136.703, 0.0170288
136.771, 0.0170288
136.84, 0.0170288
136.912, 0.0170288
136.985, 0.0170288
137.045, 0.0170288
137.106, 0.0170288
137.169, 0.0170288
137.229, 0.0170288
137.291, 0.0170288
137.354, 0.0170288
137.418, 0.0170288
137.485, 0.0170288
137.553, 0.0170288
137.622, 0.0170288
137.693, 0.0170288
137.753, 0.0170288
137.815, 0.0170288
137.878, 0.0170288
137.938, 0.0170288
138, 0.0170288
138.063, 0.0170288
138.127, 0.0170288
138.187, 0.0170288
138.249, 0.0170288
138.309, 0.0170288
138.37, 0.0170288
138.433, 0.0170288
138.498, 0.0170288
138.564, 0.0170288
138.632, 0.0170288
138.702, 0.0170288
138.773, 0.0170288
138.846, 0.0170288
138.921, 0.0170288
138.981, 0.0170288
139.041, 0.0170288
139.102, 0.0170288
139.165, 0.0170288
139.23, 0.0170288
139.29, 0.0170288
139.352, 0.0170288
139.412, 0.0170288
139.472, 0.0170288
139.533, 0.0170288
139.596, 0.0170288
139.656, 0.0170288
139.718, 0.0170288
139.781, 0.0170288
139.845, 0.0170288
139.905, 0.0170288
139.967, 0.0170288
140.03, 0.0170288
140.094, 0.0170288
140.161, 0.0170288
140.221, 0.0170288
140.282, 0.0170288
140.342, 0.0170288
140.404, 0.0170288
140.467, 0.0170288
140.531, 0.0170288
140.597, 0.0170288
140.657, 0.0170288
140.717, 0.0170288
140.779, 0.0170288
140.839, 0.0170288
140.9, 0.0170288
140.964, 0.0170288
141.024, 0.0170288
141.085, 0.0170288
141.148, 0.0170288
141.213, 0.0170288
141.273, 0.0170288
141.333, 0.0170288
141.394, 0.0170288
141.457, 0.0170288
141.522, 0.0170288
141.588, 0.0170288
141.648, 0.0170288
141.71, 0.0170288
141.77, 0.0170288
141.831, 0.0170288
141.894, 0.0170288
141.959, 0.0170288
142.019, 0.0170288
142.08, 0.0170288
142.143, 0.0170288
142.208, 0.0170288
142.268, 0.0170288
142.328, 0.0170288
142.389, 0.0170288
142.452, 0.0170288
142.512, 0.0170288
142.574, 0.0170288
142.637, 0.0170288
142.697, 0.0170288
142.758, 0.0170288
142.821, 0.0170288
142.881, 0.0170288
142.941, 0.0170288
143.003, 0.0170288
143.066, 0.0170288
143.131, 0.0170288
143.197, 0.0170288
143.257, 0.0170288
143.318, 0.0170288
143.381, 0.0170288
143.446, 0.0170288
143.506, 0.0170288
143.567, 0.0170288
143.631, 0.0170288
143.695, 0.0170288
143.755, 0.0170288
143.817, 0.0170288
143.88, 0.0170288
143.944, 0.0170288
144.011, 0.0170288
144.078, 0.0170288
144.148, 0.0170288
144.208, 0.0170288
144.268, 0.0170288
144.329, 0.0170288
144.389, 0.0170288
144.451, 0.0170288
144.514, 0.0170288
144.579, 0.0170288
144.639, 0.0170288
144.699, 0.0170288
144.76, 0.0170288
144.823, 0.0170288
144.888, 0.0170288
144.954, 0.0170288
145.022, 0.0170288
145.082, 0.0170288
145.143, 0.0170288
145.206, 0.0170288
145.271, 0.0170288
145.337, 0.0170288
145.405, 0.0170288
145.465, 0.0170288
145.527, 0.0170288
145.587, 0.0170288
145.647, 0.0170288
145.708, 0.0170288
145.771, 0.0170288
145.836, 0.0170288
145.896, 0.0170288
145.957, 0.0170288
146.02, 0.0170288
146.085, 0.0170288
146.151, 0.0170288
146.219, 0.0170288
146.289, 0.0170288
146.349, 0.0170288
146.41, 0.0170288
146.47, 0.0170288
146.532, 0.0170288
146.595, 0.0170288
146.659, 0.0170288
146.719, 0.0170288
146.781, 0.0170288
146.841, 0.0170288
146.902, 0.0170288
146.965, 0.0170288
147.025, 0.0170288
147.087, 0.0170288
147.147, 0.0170288
147.208, 0.0170288
147.271, 0.0170288
147.336, 0.0170288
147.402, 0.0170288
147.47, 0.0170288
147.53, 0.0170288
147.592, 0.0170288
147.652, 0.0170288
147.713, 0.0170288
147.776, 0.0170288
147.841, 0.0170288
147.907, 0.0170288
147.975, 0.0170288
148.044, 0.0170288
148.116, 0.0170288
148.176, 0.0170288
148.237, 0.0170288
148.3, 0.0170288
148.365, 0.0170288
148.431, 0.0170288
148.499, 0.0170288
148.569, 0.0170288
148.629, 0.0170288
148.69, 0.0170288
148.753, 0.0170288
148.818, 0.0170288
148.884, 0.0170288
148.944, 0.0170288
149.006, 0.0170288
149.069, 0.0170288
149.129, 0.0170288
149.189, 0.0170288
149.25, 0.0170288
149.313, 0.0170288
149.373, 0.0170288
149.435, 0.0170288
149.495, 0.0170288
149.556, 0.0170288
149.619, 0.0170288
149.684, 0.0170288
149.744, 0.0170288
149.805, 0.0170288
149.865, 0.0170288
149.927, 0.0170288
149.99, 0.0170288
150.054, 0.0170288
150.121, 0.0170288
150.181, 0.0170288
150.242, 0.0170288
150.302, 0.0170288
150.364, 0.0170288
150.424, 0.0170288
150.485, 0.0170288
150.545, 0.0170288
150.607, 0.0170288
150.667, 0.0170288
150.728, 0.0170288
150.788, 0.0170288
150.85, 0.0170288
150.913, 0.0170288
150.977, 0.0170288
151.037, 0.0170288
151.099, 0.0170288
151.162, 0.0170288
151.222, 0.0170288
151.283, 0.0170288
151.346, 0.0170288
151.411, 0.0170288
151.477, 0.0170288
151.537, 0.0170288
151.599, 0.0170288
151.659, 0.0170288
151.72, 0.0170288
151.78, 0.0170288
151.842, 0.0170288
151.905, 0.0170288
151.965, 0.0170288
152.026, 0.0170288
152.089, 0.0170288
152.149, 0.0170288
152.211, 0.0170288
152.271, 0.0170288
152.332, 0.0170288
152.392, 0.0170288
152.454, 0.0170288
152.514, 0.0170288
152.575, 0.0170288
152.635, 0.0170288
152.697, 0.0170288
152.76, 0.0170288
152.824, 0.0170288
152.884, 0.0170288
152.946, 0.0170288
153.009, 0.0170288
153.069, 0.0170288
153.13, 0.0170288
153.193, 0.0170288
153.258, 0.0170288
153.324, 0.0170288
153.392, 0.0170288
153.462, 0.0170288
153.533, 0.0170288
153.593, 0.0170288
153.655, 0.0170288
153.718, 0.0170288
153.782, 0.0170288
153.848, 0.0170288
153.916, 0.0170288
153.986, 0.0170288
154.057, 0.0170288
154.13, 0.0170288
154.205, 0.0170288
154.265, 0.0170288
154.327, 0.0170288
154.387, 0.0170288
154.448, 0.0170288
154.511, 0.0170288
154.576, 0.0170288
154.642, 0.0170288
154.71, 0.0170288
154.77, 0.0170288
154.83, 0.0170288
154.892, 0.0170288
154.955, 0.0170288
155.015, 0.0170288
155.076, 0.0170288
155.139, 0.0170288
155.204, 0.0170288
155.27, 0.0170288
155.338, 0.0170288
155.398, 0.0170288
155.459, 0.0170288
155.519, 0.0170288
155.581, 0.0170288
155.644, 0.0170288
155.704, 0.0170288
155.765, 0.0170288
155.825, 0.0170288
155.887, 0.0170288
155.95, 0.0170288
156.01, 0.0170288
156.071, 0.0170288
156.131, 0.0170288
156.193, 0.0170288
156.253, 0.0170288
156.314, 0.0170288
156.374, 0.0170288
156.436, 0.0170288
156.499, 0.0170288
156.559, 0.0170288
156.62, 0.0170288
156.684, 0.0170288
156.748, 0.0170288
156.808, 0.0170288
156.87, 0.0170288
156.933, 0.0170288
156.997, 0.0170288
157.064, 0.0170288
157.131, 0.0170288
157.191, 0.0170288
157.253, 0.0170288
157.313, 0.0170288
157.374, 0.0170288
157.437, 0.0170288
157.497, 0.0170288
157.559, 0.0170288
157.622, 0.0170288
157.687, 0.0170288
157.747, 0.0170288
157.808, 0.0170288
157.871, 0.0170288
157.936, 0.0170288
157.996, 0.0170288
158.057, 0.0170288
158.12, 0.0170288
158.185, 0.0170288
158.251, 0.0170288
158.311, 0.0170288
158.373, 0.0170288
158.436, 0.0170288
158.496, 0.0170288
158.557, 0.0170288
158.617, 0.0170288
158.677, 0.0170288
158.739, 0.0170288
158.802, 0.0170288
158.866, 0.0170288
158.926, 0.0170288
158.988, 0.0170288
159.048, 0.0170288
159.109, 0.0170288
159.169, 0.0170288
159.231, 0.0170288
159.294, 0.0170288
159.358, 0.0170288
159.418, 0.0170288
159.48, 0.0170288
159.543, 0.0170288
159.608, 0.0170288
159.668, 0.0170288
159.729, 0.0170288
159.789, 0.0170288
159.851, 0.0170288
159.914, 0.0170288
159.974, 0.0170288
160.035, 0.0170288
160.098, 0.0170288
160.163, 0.0170288
160.223, 0.0170288
160.284, 0.0170288
160.347, 0.0170288
160.412, 0.0170288
160.472, 0.0170288
160.533, 0.0170288
160.593, 0.0170288
160.655, 0.0170288
160.718, 0.0170288
160.783, 0.0170288
160.843, 0.0170288
160.904, 0.0170288
160.967, 0.0170288
161.027, 0.0170288
161.089, 0.0170288
161.152, 0.0170288
161.212, 0.0170288
161.273, 0.0170288
161.333, 0.0170288
161.395, 0.0170288
161.458, 0.0170288
161.522, 0.0170288
161.582, 0.0170288
161.644, 0.0170288
161.707, 0.0170288
161.767, 0.0170288
161.828, 0.0170288
161.888, 0.0170288
161.95, 0.0170288
162.01, 0.0170288
162.071, 0.0170288
162.134, 0.0170288
162.199, 0.0170288
162.265, 0.0170288
162.325, 0.0170288
162.387, 0.0170288
162.45, 0.0170288
162.514, 0.0170288
162.581, 0.0170288
162.641, 0.0170288
162.702, 0.0170288
162.765, 0.0170288
162.825, 0.0170288
162.887, 0.0170288
162.95, 0.0170288
163.014, 0.0170288
163.074, 0.0170288
163.136, 0.0170288
163.199, 0.0170288
163.263, 0.0170288
163.323, 0.0170288
163.385, 0.0170288
163.448, 0.0170288
163.513, 0.0170288
163.579, 0.0170288
163.639, 0.0170288
163.7, 0.0170288
163.763, 0.0170288
163.828, 0.0170288
163.894, 0.0170288
163.962, 0.0170288
164.032, 0.0170288
164.103, 0.0170288
164.176, 0.0170288
164.251, 0.0170288
164.311, 0.0170288
164.373, 0.0170288
164.436, 0.0170288
164.5, 0.0170288
164.56, 0.0170288
164.622, 0.0170288
164.682, 0.0170288
164.743, 0.0170288
164.806, 0.0170288
164.871, 0.0170288
164.931, 0.0170288
164.992, 0.0170288
165.055, 0.0170288
165.12, 0.0170288
165.186, 0.0170288
165.254, 0.0170288
165.324, 0.0170288
165.384, 0.0170288
165.445, 0.0170288
165.505, 0.0170288
165.567, 0.0170288
165.63, 0.0170288
165.694, 0.0170288
165.761, 0.0170288
165.828, 0.0170288
165.888, 0.0170288
165.95, 0.0170288
166.01, 0.0170288
166.071, 0.0170288
166.131, 0.0170288
166.193, 0.0170288
166.256, 0.0170288
166.321, 0.0170288
166.387, 0.0170288
166.447, 0.0170288
166.508, 0.0170288
166.568, 0.0170288
166.628, 0.0170288
166.69, 0.0170288
166.753, 0.0170288
166.813, 0.0170288
166.874, 0.0170288
166.937, 0.0170288
167.002, 0.0170288
167.068, 0.0170288
167.128, 0.0170288
167.19, 0.0170288
167.253, 0.0170288
167.313, 0.0170288
167.373, 0.0170288
167.434, 0.0170288
167.494, 0.0170288
167.556, 0.0170288
167.619, 0.0170288
167.679, 0.0170288
167.739, 0.0170288
167.8, 0.0170288
167.86, 0.0170288
167.922, 0.0170288
167.985, 0.0170288
168.045, 0.0170288
168.105, 0.0170288
168.166, 0.0170288
168.226, 0.0170288
168.288, 0.0170288
168.351, 0.0170288
168.411, 0.0170288
168.472, 0.0170288
168.535, 0.0170288
168.6, 0.0170288
168.666, 0.0170288
168.726, 0.0170288
168.788, 0.0170288
168.851, 0.0170288
168.911, 0.0170288
168.972, 0.0170288
169.035, 0.0170288
169.095, 0.0170288
169.157, 0.0170288
169.217, 0.0170288
169.278, 0.0170288
169.341, 0.0170288
169.406, 0.0170288
169.466, 0.0170288
169.528, 0.0170288
169.591, 0.0170288
169.655, 0.0170288
169.721, 0.0170288
169.781, 0.0170288
169.843, 0.0170288
169.906, 0.0170288
169.971, 0.0170288
170.037, 0.0170288
170.105, 0.0170288
170.165, 0.0170288
170.226, 0.0170288
170.289, 0.0170288
170.354, 0.0170288
170.42, 0.0170288
170.488, 0.0170288
170.558, 0.0170288
170.629, 0.0170288
170.702, 0.0170288
170.777, 0.0170288
170.854, 0.0170288
170.932, 0.0170288
171.013, 0.0170288
171.073, 0.0170288
171.135, 0.0170288
171.198, 0.0170288
171.258, 0.0170288
171.319, 0.0170288
171.382, 0.0170288
171.442, 0.0170288
171.504, 0.0170288
171.567, 0.0170288
171.627, 0.0170288
171.688, 0.0170288
171.751, 0.0170288
171.816, 0.0170288
171.882, 0.0170288
171.95, 0.0170288
172.02, 0.0170288
172.08, 0.0170288
172.141, 0.0170288
172.201, 0.0170288
172.263, 0.0170288
172.323, 0.0170288
172.384, 0.0170288
172.447, 0.0170288
172.507, 0.0170288
172.569, 0.0170288
172.629, 0.0170288
172.69, 0.0170288
172.75, 0.0170288
172.812, 0.0170288
172.875, 0.0170288
172.939, 0.0170288
173.005, 0.0170288
173.073, 0.0170288
173.143, 0.0170288
173.214, 0.0170288
173.287, 0.0170288
173.362, 0.0170288
173.422, 0.0170288
173.484, 0.0170288
173.547, 0.0170288
173.611, 0.0170288
173.678, 0.0170288
173.738, 0.0170288
173.799, 0.0170288
173.859, 0.0170288
173.919, 0.0170288
173.979, 0.0170288
174.041, 0.0170288
174.104, 0.0170288
174.164, 0.0170288
174.225, 0.0170288
174.288, 0.0170288
174.353, 0.0170288
174.419, 0.0170288
174.487, 0.0170288
174.557, 0.0170288
174.628, 0.0170288
174.688, 0.0170288
174.749, 0.0170288
174.812, 0.0170288
174.877, 0.0170288
174.937, 0.0170288
174.999, 0.0170288
175.062, 0.0170288
175.126, 0.0170288
175.192, 0.0170288
175.26, 0.0170288
175.32, 0.0170288
175.382, 0.0170288
175.445, 0.0170288
175.509, 0.0170288
175.576, 0.0170288
175.644, 0.0170288
175.704, 0.0170288
175.764, 0.0170288
175.825, 0.0170288
175.888, 0.0170288
175.948, 0.0170288
176.01, 0.0170288
176.07, 0.0170288
176.131, 0.0170288
176.194, 0.0170288
176.254, 0.0170288
176.316, 0.0170288
176.376, 0.0170288
176.437, 0.0170288
176.5, 0.0170288
176.565, 0.0170288
176.625, 0.0170288
176.686, 0.0170288
176.749, 0.0170288
176.814, 0.0170288
176.88, 0.0170288
176.94, 0.0170288
177.002, 0.0170288
177.065, 0.0170288
177.129, 0.0170288
177.196, 0.0170288
177.256, 0.0170288
177.317, 0.0170288
177.38, 0.0170288
177.445, 0.0170288
177.511, 0.0170288
177.579, 0.0170288
177.648, 0.0170288
177.708, 0.0170288
177.77, 0.0170288
177.83, 0.0170288
177.891, 0.0170288
177.954, 0.0170288
178.019, 0.0170288
178.079, 0.0170288
178.141, 0.0170288
178.201, 0.0170288
178.262, 0.0170288
178.325, 0.0170288
178.39, 0.0170288
178.456, 0.0170288
178.524, 0.0170288
178.593, 0.0170288
178.665, 0.0170288
178.738, 0.0170288
178.798, 0.0170288
178.859, 0.0170288
178.922, 0.0170288
178.987, 0.0170288
179.053, 0.0170288
179.121, 0.0170288
179.191, 0.0170288
179.262, 0.0170288
179.335, 0.0170288
179.41, 0.0170288
179.47, 0.0170288
179.531, 0.0170288
179.595, 0.0170288
179.659, 0.0170288
179.719, 0.0170288
179.781, 0.0170288
179.841, 0.0170288
179.902, 0.0170288
179.962, 0.0170288
180.024, 0.0170288
180.087, 0.0170288
180.151, 0.0170288
180.218, 0.0170288
180.285, 0.0170288
180.355, 0.0170288
180.426, 0.0170288
180.499, 0.0170288
180.574, 0.0170288
180.634, 0.0170288
180.696, 0.0170288
180.756, 0.0170288
180.817, 0.0170288
180.88, 0.0170288
180.945, 0.0170288
181.011, 0.0170288
181.079, 0.0170288
181.149, 0.0170288
181.209, 0.0170288
181.27, 0.0170288
181.333, 0.0170288
181.398, 0.0170288
181.464, 0.0170288
181.532, 0.0170288
181.602, 0.0170288
181.673, 0.0170288
181.746, 0.0170288
181.821, 0.0170288
181.898, 0.0170288
181.958, 0.0170288
182.019, 0.0170288
182.082, 0.0170288
182.142, 0.0170288
182.204, 0.0170288
182.264, 0.0170288
182.325, 0.0170288
182.385, 0.0170288
182.447, 0.0170288
182.51, 0.0170288
182.57, 0.0170288
182.631, 0.0170288
182.694, 0.0170288
182.759, 0.0170288
182.819, 0.0170288
182.88, 0.0170288
182.94, 0.0170288
183.002, 0.0170288
183.062, 0.0170288
183.123, 0.0170288
183.186, 0.0170288
183.246, 0.0170288
183.308, 0.0170288
183.368, 0.0170288
183.429, 0.0170288
183.493, 0.0170288
183.557, 0.0170288
183.623, 0.0170288
183.683, 0.0170288
183.745, 0.0170288
183.805, 0.0170288
183.866, 0.0170288
183.926, 0.0170288
183.986, 0.0170288
184.048, 0.0170288
184.111, 0.0170288
184.171, 0.0170288
184.232, 0.0170288
184.292, 0.0170288
184.354, 0.0170288
184.414, 0.0170288
184.475, 0.0170288
184.538, 0.0170288
184.598, 0.0170288
184.66, 0.0170288
184.72, 0.0170288
184.781, 0.0170288
184.844, 0.0170288
184.904, 0.0170288
184.966, 0.0170288
185.026, 0.0170288
185.087, 0.0170288
185.151, 0.0170288
185.215, 0.0170288
185.281, 0.0170288
185.349, 0.0170288
185.409, 0.0170288
185.471, 0.0170288
185.534, 0.0170288
185.598, 0.0170288
185.658, 0.0170288
185.72, 0.0170288
185.78, 0.0170288
185.841, 0.0170288
185.901, 0.0170288
185.963, 0.0170288
186.023, 0.0170288
186.084, 0.0170288
186.147, 0.0170288
186.212, 0.0170288
186.278, 0.0170288
186.346, 0.0170288
186.406, 0.0170288
186.468, 0.0170288
186.531, 0.0170288
186.595, 0.0170288
186.662, 0.0170288
186.729, 0.0170288
186.799, 0.0170288
186.87, 0.0170288
186.93, 0.0170288
186.992, 0.0170288
187.052, 0.0170288
187.113, 0.0170288
187.176, 0.0170288
187.241, 0.0170288
187.301, 0.0170288
187.362, 0.0170288
187.425, 0.0170288
187.485, 0.0170288
187.547, 0.0170288
187.61, 0.0170288
187.675, 0.0170288
187.741, 0.0170288
187.809, 0.0170288
187.878, 0.0170288
187.95, 0.0170288
188.023, 0.0170288
188.083, 0.0170288
188.144, 0.0170288
188.207, 0.0170288
188.272, 0.0170288
188.338, 0.0170288
188.406, 0.0170288
188.466, 0.0170288
188.528, 0.0170288
188.591, 0.0170288
188.655, 0.0170288
188.715, 0.0170288
188.777, 0.0170288
188.84, 0.0170288
188.904, 0.0170288
188.971, 0.0170288
189.038, 0.0170288
189.098, 0.0170288
189.16, 0.0170288
189.223, 0.0170288
189.288, 0.0170288
189.348, 0.0170288
189.409, 0.0170288
189.472, 0.0170288
189.532, 0.0170288
189.594, 0.0170288
189.657, 0.0170288
189.717, 0.0170288
189.778, 0.0170288
189.841, 0.0170288
189.906, 0.0170288
189.972, 0.0170288
190.04, 0.0170288
190.1, 0.0170288
190.161, 0.0170288
190.224, 0.0170288
190.289, 0.0170288
190.355, 0.0170288
190.415, 0.0170288
190.477, 0.0170288
190.537, 0.0170288
190.598, 0.0170288
190.661, 0.0170288
190.721, 0.0170288
190.783, 0.0170288
190.843, 0.0170288
190.904, 0.0170288
190.964, 0.0170288
191.026, 0.0170288
191.089, 0.0170288
191.154, 0.0170288
191.214, 0.0170288
191.275, 0.0170288
191.335, 0.0170288
191.397, 0.0170288
191.457, 0.0170288
191.518, 0.0170288
191.581, 0.0170288
191.641, 0.0170288
191.703, 0.0170288
191.766, 0.0170288
191.826, 0.0170288
191.887, 0.0170288
191.95, 0.0170288
192.01, 0.0170288
192.07, 0.0170288
192.132, 0.0170288
192.195, 0.0170288
192.259, 0.0170288
192.325, 0.0170288
192.393, 0.0170288
192.453, 0.0170288
192.515, 0.0170288
192.575, 0.0170288
192.636, 0.0170288
192.699, 0.0170288
192.759, 0.0170288
192.819, 0.0170288
192.881, 0.0170288
192.944, 0.0170288
193.009, 0.0170288
193.075, 0.0170288
193.143, 0.0170288
193.212, 0.0170288
193.284, 0.0170288
193.357, 0.0170288
193.432, 0.0170288
193.492, 0.0170288
193.553, 0.0170288
193.613, 0.0170288
193.675, 0.0170288
193.735, 0.0170288
193.796, 0.0170288
193.856, 0.0170288
193.918, 0.0170288
193.978, 0.0170288
194.039, 0.0170288
194.102, 0.0170288
194.162, 0.0170288
194.224, 0.0170288
194.287, 0.0170288
194.351, 0.0170288
194.411, 0.0170288
194.473, 0.0170288
194.533, 0.0170288
194.594, 0.0170288
194.657, 0.0170288
194.722, 0.0170288
194.788, 0.0170288
194.856, 0.0170288
194.926, 0.0170288
194.986, 0.0170288
195.047, 0.0170288
195.11, 0.0170288
195.175, 0.0170288
195.235, 0.0170288
195.296, 0.0170288
195.356, 0.0170288
195.418, 0.0170288
195.478, 0.0170288
195.539, 0.0170288
195.599, 0.0170288
195.661, 0.0170288
195.721, 0.0170288
195.782, 0.0170288
195.845, 0.0170288
195.91, 0.0170288
195.976, 0.0170288
196.036, 0.0170288
196.098, 0.0170288
196.161, 0.0170288
196.225, 0.0170288
196.292, 0.0170288
196.352, 0.0170288
196.413, 0.0170288
196.473, 0.0170288
196.535, 0.0170288
196.595, 0.0170288
196.656, 0.0170288
196.719, 0.0170288
196.784, 0.0170288
196.85, 0.0170288
196.91, 0.0170288
196.97, 0.0170288
197.031, 0.0170288
197.091, 0.0170288
197.153, 0.0170288
197.213, 0.0170288
197.274, 0.0170288
197.337, 0.0170288
197.402, 0.0170288
197.462, 0.0170288
197.524, 0.0170288
197.587, 0.0170288
197.651, 0.0170288
197.717, 0.0170288
197.785, 0.0170288
197.855, 0.0170288
197.926, 0.0170288
197.999, 0.0170288
198.059, 0.0170288
198.119, 0.0170288
198.181, 0.0170288
198.241, 0.0170288
198.302, 0.0170288
198.362, 0.0170288
198.424, 0.0170288
198.484, 0.0170288
198.545, 0.0170288
198.608, 0.0170288
198.668, 0.0170288
198.73, 0.0170288
198.79, 0.0170288
198.851, 0.0170288
198.914, 0.0170288
198.979, 0.0170288
199.045, 0.0170288
199.113, 0.0170288
199.183, 0.0170288
199.254, 0.0170288
199.327, 0.0170288
199.387, 0.0170288
199.449, 0.0170288
199.512, 0.0170288
199.572, 0.0170288
199.633, 0.0170288
199.696, 0.0170288
199.761, 0.0170288
199.827, 0.0170288
199.887, 0.0170288
199.947, 0.0170288
200.009, 0.0170288
200.072, 0.0170288
200.132, 0.0170288
200.193, 0.0170288
200.256, 0.0170288
200.316, 0.0170288
200.378, 0.0170288
200.441, 0.0170288
200.501, 0.0170288
200.562, 0.0170288
200.625, 0.0170288
200.685, 0.0170288
200.747, 0.0170288
200.81, 0.0170288
200.874, 0.0170288
200.934, 0.0170288
200.994, 0.0170288
201.056, 0.0170288
201.116, 0.0170288
201.177, 0.0170288
201.24, 0.0170288
201.305, 0.0170288
201.371, 0.0170288
201.439, 0.0170288
201.499, 0.0170288
201.561, 0.0170288
201.624, 0.0170288
201.688, 0.0170288
201.748, 0.0170288
201.81, 0.0170288
201.87, 0.0170288
201.931, 0.0170288
201.991, 0.0170288
202.053, 0.0170288
202.113, 0.0170288
202.174, 0.0170288
202.234, 0.0170288
202.296, 0.0170288
202.359, 0.0170288
202.419, 0.0170288
202.48, 0.0170288
202.54, 0.0170288
202.602, 0.0170288
202.665, 0.0170288
202.729, 0.0170288
202.789, 0.0170288
202.851, 0.0170288
202.911, 0.0170288
202.972, 0.0170288
203.036, 0.0170288
203.096, 0.0170288
203.157, 0.0170288
203.22, 0.0170288
203.28, 0.0170288
203.342, 0.0170288
203.405, 0.0170288
203.465, 0.0170288
203.526, 0.0170288
203.589, 0.0170288
203.649, 0.0170288
203.711, 0.0170288
203.771, 0.0170288
203.832, 0.0170288
203.895, 0.0170288
203.955, 0.0170288
204.017, 0.0170288
204.077, 0.0170288
204.137, 0.0170288
204.198, 0.0170288
204.261, 0.0170288
204.326, 0.0170288
204.386, 0.0170288
204.447, 0.0170288
204.51, 0.0170288
204.57, 0.0170288
204.632, 0.0170288
204.695, 0.0170288
204.755, 0.0170288
204.816, 0.0170288
204.876, 0.0170288
204.938, 0.0170288
205.001, 0.0170288
205.061, 0.0170288
205.122, 0.0170288
205.185, 0.0170288
205.245, 0.0170288
205.307, 0.0170288
205.37, 0.0170288
205.43, 0.0170288
205.492, 0.0170288
205.555, 0.0170288
205.619, 0.0170288
205.685, 0.0170288
205.753, 0.0170288
205.813, 0.0170288
205.875, 0.0170288
205.938, 0.0170288
206.002, 0.0170288
206.069, 0.0170288
206.137, 0.0170288
206.206, 0.0170288
206.277, 0.0170288
206.351, 0.0170288
206.411, 0.0170288
206.471, 0.0170288
206.532, 0.0170288
206.595, 0.0170288
206.655, 0.0170288
206.717, 0.0170288
206.78, 0.0170288
206.844, 0.0170288
206.904, 0.0170288
206.966, 0.0170288
207.029, 0.0170288
207.093, 0.0170288
207.153, 0.0170288
207.215, 0.0170288
207.278, 0.0170288
207.338, 0.0170288
207.399, 0.0170288
207.462, 0.0170288
207.522, 0.0170288
207.584, 0.0170288
207.644, 0.0170288
207.705, 0.0170288
207.765, 0.0170288
207.825, 0.0170288
207.887, 0.0170288
207.947, 0.0170288
208.008, 0.0170288
208.072, 0.0170288
208.136, 0.0170288
208.202, 0.0170288
208.27, 0.0170288
208.33, 0.0170288
208.392, 0.0170288
208.455, 0.0170288
208.519, 0.0170288
208.586, 0.0170288
208.654, 0.0170288
208.723, 0.0170288
208.783, 0.0170288
208.843, 0.0170288
208.905, 0.0170288
208.968, 0.0170288
209.032, 0.0170288
209.098, 0.0170288
209.166, 0.0170288
209.236, 0.0170288
209.307, 0.0170288
209.38, 0.0170288
209.455, 0.0170288
209.515, 0.0170288
209.575, 0.0170288
209.637, 0.0170288
209.7, 0.0170288
209.76, 0.0170288
209.821, 0.0170288
209.884, 0.0170288
209.949, 0.0170288
210.009, 0.0170288
210.07, 0.0170288
210.13, 0.0170288
210.192, 0.0170288
210.255, 0.0170288
210.32, 0.0170288
210.386, 0.0170288
210.454, 0.0170288
210.514, 0.0170288
210.575, 0.0170288
210.638, 0.0170288
210.703, 0.0170288
210.763, 0.0170288
210.824, 0.0170288
210.884, 0.0170288
210.944, 0.0170288
211.006, 0.0170288
211.069, 0.0170288
211.134, 0.0170288
211.2, 0.0170288
211.268, 0.0170288
211.337, 0.0170288
211.409, 0.0170288
211.482, 0.0170288
211.542, 0.0170288
211.603, 0.0170288
211.666, 0.0170288
211.731, 0.0170288
211.791, 0.0170288
211.852, 0.0170288
211.915, 0.0170288
211.975, 0.0170288
212.037, 0.0170288
212.1, 0.0170288
212.165, 0.0170288
212.231, 0.0170288
212.291, 0.0170288
212.352, 0.0170288
212.412, 0.0170288
212.474, 0.0170288
212.534, 0.0170288
212.595, 0.0170288
212.658, 0.0170288
212.723, 0.0170288
212.789, 0.0170288
212.849, 0.0170288
212.911, 0.0170288
212.974, 0.0170288
213.034, 0.0170288
213.095, 0.0170288
213.155, 0.0170288
213.217, 0.0170288
213.277, 0.0170288
213.338, 0.0170288
213.398, 0.0170288
213.46, 0.0170288
213.523, 0.0170288
213.587, 0.0170288
213.654, 0.0170288
213.714, 0.0170288
213.775, 0.0170288
213.835, 0.0170288
213.897, 0.0170288
213.957, 0.0170288
214.018, 0.0170288
214.081, 0.0170288
214.146, 0.0170288
214.212, 0.0170288
214.272, 0.0170288
214.333, 0.0170288
214.396, 0.0170288
214.456, 0.0170288
214.518, 0.0170288
214.581, 0.0170288
214.641, 0.0170288
214.702, 0.0170288
214.766, 0.0170288
214.83, 0.0170288
214.896, 0.0170288
214.956, 0.0170288
215.016, 0.0170288
215.078, 0.0170288
215.138, 0.0170288
215.199, 0.0170288
215.262, 0.0170288
215.322, 0.0170288
215.384, 0.0170288
215.447, 0.0170288
215.512, 0.0170288
215.572, 0.0170288
215.632, 0.0170288
215.693, 0.0170288
215.756, 0.0170288
215.816, 0.0170288
215.878, 0.0170288
215.941, 0.0170288
216.005, 0.0170288
216.071, 0.0170288
216.131, 0.0170288
216.193, 0.0170288
216.253, 0.0170288
216.314, 0.0170288
216.374, 0.0170288
216.436, 0.0170288
216.499, 0.0170288
216.559, 0.0170288
216.621, 0.0170288
216.684, 0.0170288
216.748, 0.0170288
216.814, 0.0170288
216.874, 0.0170288
216.934, 0.0170288
216.996, 0.0170288
217.059, 0.0170288
217.119, 0.0170288
217.18, 0.0170288
217.24, 0.0170288
217.302, 0.0170288
217.362, 0.0170288
217.423, 0.0170288
217.486, 0.0170288
217.551, 0.0170288
217.611, 0.0170288
217.673, 0.0170288
217.736, 0.0170288
217.796, 0.0170288
217.857, 0.0170288
217.92, 0.0170288
217.98, 0.0170288
218.042, 0.0170288
218.105, 0.0170288
218.169, 0.0170288
218.236, 0.0170288
218.303, 0.0170288
218.363, 0.0170288
218.425, 0.0170288
218.488, 0.0170288
218.548, 0.0170288
218.608, 0.0170288
218.669, 0.0170288
218.729, 0.0170288
218.791, 0.0170288
218.851, 0.0170288
218.912, 0.0170288
218.972, 0.0170288
219.034, 0.0170288
219.094, 0.0170288
219.154, 0.0170288
219.214, 0.0170288
219.275, 0.0170288
219.335, 0.0170288
219.397, 0.0170288
219.46, 0.0170288
219.52, 0.0170288
219.581, 0.0170288
219.645, 0.0170288
219.705, 0.0170288
219.766, 0.0170288
219.829, 0.0170288
219.894, 0.0170288
219.96, 0.0170288
220.02, 0.0170288
220.081, 0.0170288
220.141, 0.0170288
220.203, 0.0170288
220.266, 0.0170288
220.331, 0.0170288
220.397, 0.0170288
220.457, 0.0170288
220.517, 0.0170288
220.578, 0.0170288
220.641, 0.0170288
220.706, 0.0170288
220.772, 0.0170288
220.84, 0.0170288
220.91, 0.0170288
220.981, 0.0170288
221.041, 0.0170288
221.102, 0.0170288
221.165, 0.0170288
221.23, 0.0170288
221.296, 0.0170288
221.364, 0.0170288
221.434, 0.0170288
221.494, 0.0170288
221.555, 0.0170288
221.618, 0.0170288
221.683, 0.0170288
221.743, 0.0170288
221.804, 0.0170288
221.867, 0.0170288
221.932, 0.0170288
221.992, 0.0170288
222.054, 0.0170288
222.117, 0.0170288
222.181, 0.0170288
222.247, 0.0170288
222.307, 0.0170288
222.367, 0.0170288
222.429, 0.0170288
222.489, 0.0170288
222.55, 0.0170288
222.614, 0.0170288
222.678, 0.0170288
222.744, 0.0170288
222.804, 0.0170288
222.864, 0.0170288
222.926, 0.0170288
222.986, 0.0170288
223.047, 0.0170288
223.11, 0.0170288
223.175, 0.0170288
223.241, 0.0170288
223.301, 0.0170288
223.363, 0.0170288
223.423, 0.0170288
223.484, 0.0170288
223.547, 0.0170288
223.612, 0.0170288
223.678, 0.0170288
223.746, 0.0170288
223.816, 0.0170288
223.876, 0.0170288
223.936, 0.0170288
223.997, 0.0170288
224.06, 0.0170288
224.125, 0.0170288
224.191, 0.0170288
224.251, 0.0170288
224.312, 0.0170288
224.376, 0.0170288
224.44, 0.0170288
224.506, 0.0170288
224.574, 0.0170288
224.644, 0.0170288
224.715, 0.0170288
224.788, 0.0170288
224.863, 0.0170288
224.923, 0.0170288
224.985, 0.0170288
225.048, 0.0170288
225.108, 0.0170288
225.169, 0.0170288
225.232, 0.0170288
225.297, 0.0170288
225.363, 0.0170288
225.431, 0.0170288
225.501, 0.0170288
225.561, 0.0170288
225.622, 0.0170288
225.685, 0.0170288
225.745, 0.0170288
225.807, 0.0170288
225.867, 0.0170288
225.928, 0.0170288
225.988, 0.0170288
226.05, 0.0170288
226.113, 0.0170288
226.173, 0.0170288
226.234, 0.0170288
226.294, 0.0170288
226.356, 0.0170288
226.416, 0.0170288
226.477, 0.0170288
226.54, 0.0170288
226.6, 0.0170288
226.662, 0.0170288
226.722, 0.0170288
226.783, 0.0170288
226.846, 0.0170288
226.906, 0.0170288
226.966, 0.0170288
227.026, 0.0170288
227.088, 0.0170288
227.151, 0.0170288
227.215, 0.0170288
227.282, 0.0170288
227.342, 0.0170288
227.402, 0.0170288
227.463, 0.0170288
227.523, 0.0170288
227.585, 0.0170288
227.648, 0.0170288
227.708, 0.0170288
227.769, 0.0170288
227.832, 0.0170288
227.897, 0.0170288
227.957, 0.0170288
228.017, 0.0170288
228.078, 0.0170288
228.141, 0.0170288
228.206, 0.0170288
228.272, 0.0170288
228.34, 0.0170288
228.41, 0.0170288
228.47, 0.0170288
228.531, 0.0170288
228.594, 0.0170288
228.654, 0.0170288
228.716, 0.0170288
228.779, 0.0170288
228.843, 0.0170288
228.903, 0.0170288
228.965, 0.0170288
229.028, 0.0170288
229.092, 0.0170288
229.152, 0.0170288
229.212, 0.0170288
229.274, 0.0170288
229.334, 0.0170288
229.394, 0.0170288
229.455, 0.0170288
229.518, 0.0170288
229.583, 0.0170288
229.643, 0.0170288
229.705, 0.0170288
229.765, 0.0170288
229.826, 0.0170288
229.889, 0.0170288
229.949, 0.0170288
230.011, 0.0170288
230.071, 0.0170288
230.132, 0.0170288
230.195, 0.0170288
230.26, 0.0170288
230.32, 0.0170288
230.381, 0.0170288
230.444, 0.0170288
230.509, 0.0170288
230.575, 0.0170288
230.643, 0.0170288
230.713, 0.0170288
230.784, 0.0170288
230.844, 0.0170288
230.905, 0.0170288
230.968, 0.0170288
231.033, 0.0170288
231.099, 0.0170288
231.167, 0.0170288
231.237, 0.0170288
231.308, 0.0170288
231.368, 0.0170288
231.43, 0.0170288
231.493, 0.0170288
231.553, 0.0170288
231.614, 0.0170288
231.677, 0.0170288
231.737, 0.0170288
231.797, 0.0170288
231.857, 0.0170288
231.919, 0.0170288
231.982, 0.0170288
232.046, 0.0170288
232.113, 0.0170288
232.18, 0.0170288
232.24, 0.0170288
232.3, 0.0170288
232.362, 0.0170288
232.425, 0.0170288
232.485, 0.0170288
232.547, 0.0170288
232.61, 0.0170288
232.674, 0.0170288
232.74, 0.0170288
232.8, 0.0170288
232.86, 0.0170288
232.922, 0.0170288
232.982, 0.0170288
233.043, 0.0170288
233.103, 0.0170288
233.165, 0.0170288
233.228, 0.0170288
233.288, 0.0170288
233.349, 0.0170288
233.409, 0.0170288
233.471, 0.0170288
233.534, 0.0170288
233.599, 0.0170288
233.665, 0.0170288
233.733, 0.0170288
233.802, 0.0170288
233.874, 0.0170288
233.947, 0.0170288
234.022, 0.0170288
234.082, 0.0170288
234.143, 0.0170288
234.206, 0.0170288
234.266, 0.0170288
234.328, 0.0170288
234.388, 0.0170288
234.449, 0.0170288
234.512, 0.0170288
234.572, 0.0170288
234.634, 0.0170288
234.694, 0.0170288
234.754, 0.0170288
234.814, 0.0170288
234.875, 0.0170288
234.938, 0.0170288
234.998, 0.0170288
235.06, 0.0170288
235.123, 0.0170288
235.187, 0.0170288
235.247, 0.0170288
235.307, 0.0170288
235.369, 0.0170288
235.432, 0.0170288
235.492, 0.0170288
235.553, 0.0170288
235.616, 0.0170288
235.681, 0.0170288
235.747, 0.0170288
235.815, 0.0170288
235.885, 0.0170288
235.945, 0.0170288
236.006, 0.0170288
236.069, 0.0170288
236.134, 0.0170288
236.2, 0.0170288
236.268, 0.0170288
236.328, 0.0170288
236.39, 0.0170288
236.45, 0.0170288
236.511, 0.0170288
236.571, 0.0170288
236.633, 0.0170288
236.693, 0.0170288
236.754, 0.0170288
236.814, 0.0170288
236.876, 0.0170288
236.939, 0.0170288
236.999, 0.0170288
237.06, 0.0170288
237.123, 0.0170288
237.188, 0.0170288
237.248, 0.0170288
237.309, 0.0170288
237.372, 0.0170288
237.432, 0.0170288
237.494, 0.0170288
237.557, 0.0170288
237.621, 0.0170288
237.688, 0.0170288
237.756, 0.0170288
237.816, 0.0170288
237.877, 0.0170288
237.94, 0.0170288
238.005, 0.0170288
238.071, 0.0170288
238.131, 0.0170288
238.191, 0.0170288
238.252, 0.0170288
238.312, 0.0170288
238.374, 0.0170288
238.434, 0.0170288
238.495, 0.0170288
238.558, 0.0170288
238.618, 0.0170288
238.678, 0.0170288
238.74, 0.0170288
238.803, 0.0170288
238.868, 0.0170288
238.928, 0.0170288
238.989, 0.0170288
239.052, 0.0170288
239.112, 0.0170288
239.174, 0.0170288
239.234, 0.0170288
239.295, 0.0170288
239.355, 0.0170288
239.417, 0.0170288
239.48, 0.0170288
239.544, 0.0170288
239.611, 0.0170288
239.678, 0.0170288
239.738, 0.0170288
239.798, 0.0170288
239.858, 0.0170288
239.92, 0.0170288
239.983, 0.0170288
240.048, 0.0170288
240.114, 0.0170288
240.174, 0.0170288
240.235, 0.0170288
240.295, 0.0170288
240.357, 0.0170288
240.42, 0.0170288
240.48, 0.0170288
240.541, 0.0170288
240.601, 0.0170288
240.663, 0.0170288
240.723, 0.0170288
240.783, 0.0170288
240.844, 0.0170288
240.907, 0.0170288
240.972, 0.0170288
241.038, 0.0170288
241.098, 0.0170288
241.16, 0.0170288
241.223, 0.0170288
241.283, 0.0170288
241.344, 0.0170288
241.404, 0.0170288
241.466, 0.0170288
241.529, 0.0170288
241.589, 0.0170288
241.649, 0.0170288
241.71, 0.0170288
241.773, 0.0170288
241.838, 0.0170288
241.898, 0.0170288
241.959, 0.0170288
242.022, 0.0170288
242.082, 0.0170288
242.144, 0.0170288
242.207, 0.0170288
242.267, 0.0170288
242.328, 0.0170288
242.392, 0.0170288
242.456, 0.0170288
242.516, 0.0170288
242.576, 0.0170288
242.638, 0.0170288
242.698, 0.0170288
242.759, 0.0170288
242.822, 0.0170288
242.887, 0.0170288
242.947, 0.0170288
243.008, 0.0170288
243.068, 0.0170288
243.13, 0.0170288
243.193, 0.0170288
243.257, 0.0170288
243.324, 0.0170288
243.384, 0.0170288
243.445, 0.0170288
243.505, 0.0170288
243.567, 0.0170288
243.63, 0.0170288
243.694, 0.0170288
243.754, 0.0170288
243.816, 0.0170288
243.876, 0.0170288
243.937, 0.0170288
244, 0.0170288
244.065, 0.0170288
244.125, 0.0170288
244.186, 0.0170288
244.25, 0.0170288
244.31, 0.0170288
244.371, 0.0170288
244.434, 0.0170288
244.499, 0.0170288
244.559, 0.0170288
244.62, 0.0170288
244.683, 0.0170288
244.748, 0.0170288
244.814, 0.0170288
244.882, 0.0170288
244.952, 0.0170288
245.012, 0.0170288
245.073, 0.0170288
245.136, 0.0170288
245.196, 0.0170288
245.258, 0.0170288
245.321, 0.0170288
245.381, 0.0170288
245.442, 0.0170288
245.502, 0.0170288
245.564, 0.0170288
245.627, 0.0170288
245.691, 0.0170288
245.757, 0.0170288
245.817, 0.0170288
245.879, 0.0170288
245.942, 0.0170288
246.002, 0.0170288
246.064, 0.0170288
246.127, 0.0170288
246.187, 0.0170288
246.247, 0.0170288
246.308, 0.0170288
246.371, 0.0170288
246.431, 0.0170288
246.493, 0.0170288
246.556, 0.0170288
246.62, 0.0170288
246.686, 0.0170288
246.754, 0.0170288
246.824, 0.0170288
246.895, 0.0170288
246.968, 0.0170288
247.043, 0.0170288
247.103, 0.0170288
247.165, 0.0170288
247.225, 0.0170288
247.286, 0.0170288
247.346, 0.0170288
247.408, 0.0170288
247.468, 0.0170288
247.529, 0.0170288
247.592, 0.0170288
247.657, 0.0170288
247.717, 0.0170288
247.778, 0.0170288
247.841, 0.0170288
247.906, 0.0170288
247.972, 0.0170288
248.032, 0.0170288
248.094, 0.0170288
248.154, 0.0170288
248.215, 0.0170288
248.275, 0.0170288
248.335, 0.0170288
248.397, 0.0170288
248.46, 0.0170288
248.52, 0.0170288
248.581, 0.0170288
248.644, 0.0170288
248.704, 0.0170288
248.766, 0.0170288
248.829, 0.0170288
248.894, 0.0170288
248.96, 0.0170288
249.02, 0.0170288
249.081, 0.0170288
249.144, 0.0170288
249.204, 0.0170288
249.266, 0.0170288
249.329, 0.0170288
249.393, 0.0170288
249.453, 0.0170288
249.515, 0.0170288
249.575, 0.0170288
249.636, 0.0170288
249.699, 0.0170288
249.764, 0.0170288
249.83, 0.0170288
249.898, 0.0170288
249.968, 0.0170288
250.039, 0.0170288
250.112, 0.0170288
250.187, 0.0170288
250.247, 0.0170288
250.309, 0.0170288
250.372, 0.0170288
250.432, 0.0170288
250.493, 0.0170288
250.553, 0.0170288
250.613, 0.0170288
250.675, 0.0170288
250.738, 0.0170288
250.802, 0.0170288
250.869, 0.0170288
