1, 0
2, 27169
3, 26853
4, 26766
5, 26748
6, 26702
7, 26557
8, 26205
9, 25840
10, 25702
11, 25621
12, 25538
13, 25188
14, 24858
15, 24664
16, 24483
17, 24280
18, 23991
19, 23741
20, 23464
21, 23177
22, 22873
23, 22615
24, 22373
25, 22132
26, 21884
27, 21639
28, 21406
29, 21169
30, 20972
31, 20749
32, 20509
33, 20267
34, 20043
35, 19790
36, 19560
37, 19320
38, 19094
39, 18842
40, 18626
41, 18430
42, 18237
43, 18021
44, 17818
45, 17604
46, 17388
47, 17209
48, 16969
49, 16766
50, 16552
51, 16366
52, 16153
53, 15935
54, 15723
55, 15536
56, 15331
57, 15157
58, 14959
59, 14783
60, 14622
61, 14424
62, 14258
63, 14054
64, 13859
65, 13667
66, 13511
67, 13312
68, 13130
69, 12928
70, 12753
71, 12594
72, 12415
73, 12238
74, 12067
75, 11900
76, 11739
77, 11558
78, 11413
79, 11254
80, 11094
81, 10935
82, 10809
83, 10640
84, 10496
85, 10334
86, 10197
87, 10051
88, 9880
89, 9741
90, 9588
91, 9453
92, 9301
93, 9137
94, 8986
95, 8859
96, 8733
97, 8603
98, 8477
99, 8347
100, 8236
101, 8132
102, 8023
103, 7913
104, 7798
105, 7665
106, 7554
107, 7455
108, 7345
109, 7238
110, 7105
111, 6992
112, 6902
113, 6785
114, 6685
115, 6581
116, 6472
117, 6392
118, 6283
119, 6175
120, 6083
121, 5996
122, 5910
123, 5822
124, 5740
125, 5628
126, 5530
127, 5448
128, 5363
129, 5305
130, 5223
131, 5139
132, 5068
133, 4983
134, 4903
135, 4820
136, 4747
137, 4675
138, 4601
139, 4519
140, 4452
141, 4389
142, 4330
143, 4261
144, 4200
145, 4136
146, 4072
147, 4016
148, 3958
149, 3902
150, 3851
151, 3793
152, 3726
153, 3677
154, 3615
155, 3555
156, 3499
157, 3441
158, 3391
159, 3349
160, 3305
161, 3255
162, 3209
163, 3157
164, 3099
165, 3051
166, 2986
167, 2943
168, 2892
169, 2846
170, 2809
171, 2767
172, 2720
173, 2664
174, 2629
175, 2591
176, 2568
177, 2521
178, 2490
179, 2459
180, 2418
181, 2371
182, 2334
183, 2296
184, 2260
185, 2221
186, 2195
187, 2168
188, 2143
189, 2116
190, 2080
191, 2039
192, 2007
193, 2007
194, 2007
195, 2007
196, 2007
197, 2007
198, 2007
199, 2007
200, 2006
201, 2006
202, 2006
203, 2004
204, 2003
205, 2001
206, 2001
207, 1999
208, 1997
209, 1995
210, 1995
211, 1994
212, 1994
213, 1993
214, 1993
215, 1993
216, 1990
217, 1990
218, 1989
219, 1987
220, 1985
221, 1984
222, 1984
223, 1984
224, 1983
225, 1983
226, 1983
227, 1982
228, 1982
229, 1982
230, 1982
231, 1982
232, 1979
233, 1978
234, 1977
235, 1977
236, 1977
237, 1976
238, 1975
239, 1973
240, 1972
241, 1971
242, 1969
243, 1965
244, 1964
245, 1963
246, 1962
247, 1960
248, 1960
249, 1960
250, 1958
251, 1957
252, 1955
253, 1953
254, 1952
255, 1952
256, 1947
257, 1946
258, 1942
259, 1938
260, 1936
261, 1935
262, 1933
263, 1932
264, 1932
265, 1932
266, 1930
267, 1927
268, 1923
269, 1920
270, 1917
271, 1911
272, 1911
273, 1911
274, 1909
275, 1908
276, 1901
277, 1895
278, 1887
279, 1885
280, 1881
281, 1879
282, 1877
283, 1874
284, 1869
285, 1868
286, 1868
287, 1865
288, 1860
289, 1858
290, 1856
291, 1852
292, 1850
293, 1846
294, 1845
295, 1838
296, 1833
297, 1828
298, 1824
299, 1824
300, 1817
301, 1813
302, 1808
303, 1802
304, 1793
305, 1790
306, 1786
307, 1781
308, 1779
309, 1771
310, 1770
311, 1762
312, 1759
313, 1756
314, 1753
315, 1745
316, 1740
317, 1732
318, 1726
319, 1717
320, 1713
321, 1703
322, 1698
323, 1693
324, 1686
325, 1681
326, 1675
327, 1669
328, 1661
329, 1649
330, 1641
331, 1637
332, 1627
333, 1623
334, 1614
335, 1607
336, 1600
337, 1593
338, 1587
339, 1578
340, 1571
341, 1564
342, 1556
343, 1549
344, 1543
345, 1531
346, 1526
347, 1518
348, 1512
349, 1505
350, 1493
351, 1483
352, 1480
353, 1477
354, 1467
355, 1461
356, 1453
357, 1443
358, 1436
359, 1421
360, 1414
361, 1406
362, 1394
363, 1386
364, 1382
365, 1375
366, 1369
367, 1360
368, 1353
369, 1346
370, 1339
371, 1333
372, 1327
373, 1320
374, 1308
375, 1297
376, 1287
377, 1277
378, 1265
379, 1252
380, 1242
381, 1235
382, 1230
383, 1221
384, 1210
385, 1205
386, 1188
387, 1184
388, 1175
389, 1157
390, 1145
391, 1134
392, 1127
393, 1121
394, 1110
395, 1104
396, 1090
397, 1082
398, 1068
399, 1060
400, 1060
401, 1060
402, 1050
403, 1040
404, 1027
405, 1009
406, 994
407, 984
408, 976
409, 964
410, 956
411, 944
412, 932
413, 922
414, 920
415, 910
416, 898
417, 892
418, 885
419, 877
420, 867
421, 863
422, 854
423, 843
424, 833
425, 828
426, 831
427, 827
428, 822
429, 821
430, 820
431, 831
432, 828
433, 840
434, 850
435, 863
436, 878
437, 887
438, 909
439, 926
440, 954
441, 991
442, 1013
443, 1045
444, 1090
445, 1131
446, 1175
447, 1212
448, 1253
449, 1294
450, 1319
451, 1364
452, 1411
453, 1447
454, 1486
455, 1537
456, 1573
457, 1620
458, 1663
459, 1711
460, 1750
461, 1801
462, 1842
463, 1876
464, 1915
465, 1957
466, 2000
467, 2045
468, 2091
469, 2122
470, 2170
471, 2190
472, 2210
473, 2233
474, 2255
475, 2275
476, 2302
477, 2315
478, 2327
479, 2341
480, 2344
481, 2349
482, 2360
483, 2368
484, 2377
485, 2376
486, 2375
487, 2379
488, 2383
489, 2385
490, 2404
491, 2393
492, 2395
493, 2401
494, 2403
495, 2399
496, 2417
497, 2421
498, 2427
499, 2430
500, 2436
501, 2442
502, 2446
503, 2449
504, 2442
505, 2445
506, 2445
507, 2438
508, 2426
509, 2430
510, 2426
511, 2417
512, 2427
513, 2431
514, 2430
515, 2424
516, 2420
517, 2419
518, 2411
519, 2420
520, 2418
521, 2419
522, 2415
523, 2415
524, 2403
525, 2404
526, 2394
527, 2381
528, 2372
529, 2374
530, 2362
531, 2351
532, 2344
533, 2341
534, 2326
535, 2322
536, 2311
537, 2316
538, 2296
539, 2298
540, 2282
541, 2280
542, 2267
543, 2261
544, 2258
545, 2245
546, 2237
547, 2229
548, 2223
549, 2212
550, 2200
551, 2197
552, 2183
553, 2167
554, 2156
555, 2137
556, 2133
557, 2128
558, 2122
559, 2121
560, 2122
561, 2122
562, 2122
563, 2122
564, 2122
565, 2121
566, 2120
567, 2119
568, 2119
569, 2118
570, 2118
571, 2117
572, 2117
573, 2116
574, 2116
575, 2115
576, 2113
577, 2112
578, 2112
579, 2113
580, 2112
581, 2112
582, 2111
583, 2112
584, 2110
585, 2108
586, 2107
587, 2107
588, 2106
589, 2106
590, 2106
591, 2106
592, 2105
593, 2103
594, 2103
595, 2102
596, 2098
597, 2098
598, 2099
599, 2099
600, 2099
601, 2099
602, 2095
603, 2095
604, 2094
605, 2091
606, 2089
607, 2089
608, 2084
609, 2083
610, 2084
611, 2082
612, 2078
613, 2078
614, 2073
615, 2073
616, 2073
617, 2072
618, 2070
619, 2069
620, 2068
621, 2066
622, 2063
623, 2060
624, 2060
625, 2057
626, 2054
627, 2050
628, 2049
629, 2049
630, 2048
631, 2047
632, 2047
633, 2047
634, 2047
635, 2046
636, 2045
637, 2044
638, 2043
639, 2039
640, 2039
641, 2036
642, 2035
643, 2037
644, 2034
645, 2032
646, 2030
647, 2027
648, 2027
649, 2025
650, 2022
651, 2017
652, 2014
653, 2013
654, 2013
655, 2009
656, 2007
657, 2005
658, 2004
659, 2001
660, 1995
661, 1991
662, 1985
663, 1985
664, 1980
665, 1976
666, 1976
667, 1974
668, 1972
669, 1970
670, 1970
671, 1966
672, 1966
673, 1961
674, 1955
675, 1952
676, 1946
677, 1936
678, 1934
679, 1927
680, 1919
681, 1910
682, 1904
683, 1898
684, 1891
685, 1888
686, 1885
687, 1878
688, 1877
689, 1876
690, 1873
691, 1865
692, 1861
693, 1854
694, 1844
695, 1839
696, 1835
697, 1826
698, 1818
699, 1809
700, 1807
701, 1802
702, 1791
703, 1776
704, 1771
705, 1757
706, 1749
707, 1745
708, 1738
709, 1724
710, 1716
711, 1705
712, 1700
713, 1691
714, 1689
715, 1682
716, 1672
717, 1658
718, 1653
719, 1649
720, 1638
721, 1633
722, 1628
723, 1628
724, 1628
725, 1628
726, 1628
727, 1628
728, 1628
729, 1628
730, 1628
731, 1627
732, 1627
733, 1627
734, 1627
735, 1626
736, 1625
737, 1625
738, 1625
739, 1625
740, 1625
741, 1625
742, 1624
743, 1624
744, 1624
745, 1624
746, 1624
747, 1622
748, 1622
749, 1622
750, 1621
751, 1621
752, 1621
753, 1621
754, 1621
755, 1620
756, 1619
757, 1619
758, 1619
759, 1619
760, 1617
761, 1617
762, 1617
763, 1616
764, 1615
765, 1615
766, 1615
767, 1615
768, 1615
769, 1615
770, 1615
771, 1615
772, 1615
773, 1615
774, 1613
775, 1613
776, 1612
777, 1612
778, 1611
779, 1611
780, 1611
781, 1609
782, 1608
783, 1607
784, 1608
785, 1609
786, 1609
787, 1609
788, 1608
789, 1608
790, 1607
791, 1606
792, 1606
793, 1605
794, 1605
795, 1603
796, 1603
797, 1603
798, 1603
799, 1603
800, 1601
801, 1601
802, 1579
803, 1549
804, 1514
805, 1488
806, 1468
807, 1447
808, 1429
809, 1409
810, 1385
811, 1367
812, 1353
813, 1332
814, 1311
815, 1288
816, 1272
817, 1249
818, 1237
819, 1226
820, 1209
821, 1195
822, 1179
823, 1173
824, 1168
825, 1160
826, 1153
827, 1146
828, 1140
829, 1133
830, 1130
831, 1119
832, 1121
833, 1114
834, 1116
835, 1111
836, 1105
837, 1101
838, 1103
839, 1103
840, 1109
841, 1108
842, 1114
843, 1120
844, 1123
845, 1132
846, 1137
847, 1136
848, 1139
849, 1144
850, 1170
851, 1189
852, 1216
853, 1233
854, 1251
855, 1270
856, 1299
857, 1323
858, 1351
859, 1379
860, 1411
861, 1432
862, 1456
863, 1486
864, 1508
865, 1532
866, 1556
867, 1576
868, 1607
869, 1640
870, 1665
871, 1695
872, 1713
873, 1736
874, 1758
875, 1776
876, 1809
877, 1830
878, 1864
879, 1897
880, 1931
881, 1959
882, 1981
883, 2002
884, 2030
885, 2053
886, 2070
887, 2083
888, 2080
889, 2097
890, 2097
891, 2111
892, 2120
893, 2125
894, 2136
895, 2149
896, 2160
897, 2167
898, 2172
899, 2184
900, 2199
901, 2204
902, 2206
903, 2220
904, 2220
905, 2220
906, 2226
907, 2232
908, 2228
909, 2225
910, 2226
911, 2225
912, 2220
913, 2218
914, 2212
915, 2204
916, 2216
917, 2214
918, 2208
919, 2191
920, 2193
921, 2183
922, 2181
923, 2186
924, 2193
925, 2196
926, 2192
927, 2198
928, 2187
929, 2192
930, 2188
931, 2191
932, 2182
933, 2182
934, 2182
935, 2182
936, 2184
937, 2182
938, 2181
939, 2181
940, 2167
941, 2159
942, 2153
943, 2160
944, 2153
945, 2150
946, 2139
947, 2134
948, 2124
949, 2112
950, 2099
951, 2096
952, 2088
953, 2073
954, 2070
955, 2055
956, 2046
957, 2040
958, 2025
959, 2015
960, 2000
961, 1991
962, 1974
963, 1961
964, 1959
965, 1940
966, 1929
967, 1923
968, 1911
969, 1901
970, 1894
971, 1871
972, 1850
973, 1832
974, 1813
975, 1797
976, 1789
977, 1774
978, 1759
979, 1743
980, 1729
981, 1713
982, 1698
983, 1681
984, 1666
985, 1649
986, 1634
987, 1623
988, 1605
989, 1592
990, 1580
991, 1561
992, 1549
993, 1538
994, 1524
995, 1506
996, 1491
997, 1473
998, 1460
999, 1441
1000, 1424
1001, 1409
1002, 1393
1003, 1378
1004, 1369
1005, 1356
1006, 1340
1007, 1329
1008, 1321
1009, 1321
1010, 1321
1011, 1321
1012, 1321
1013, 1321
1014, 1321
1015, 1321
1016, 1320
1017, 1319
1018, 1319
1019, 1319
1020, 1318
1021, 1318
1022, 1317
1023, 1316
1024, 1316
1025, 1316
1026, 1316
1027, 1316
1028, 1316
1029, 1316
1030, 1316
1031, 1316
1032, 1316
1033, 1316
1034, 1316
1035, 1316
1036, 1316
1037, 1315
1038, 1315
1039, 1314
1040, 1314
1041, 1314
1042, 1312
1043, 1312
1044, 1312
1045, 1312
1046, 1312
1047, 1311
1048, 1311
1049, 1311
1050, 1310
1051, 1310
1052, 1309
1053, 1309
1054, 1309
1055, 1308
1056, 1308
1057, 1307
1058, 1307
1059, 1307
1060, 1307
1061, 1307
1062, 1307
1063, 1307
1064, 1306
1065, 1305
1066, 1304
1067, 1304
1068, 1304
1069, 1304
1070, 1303
1071, 1303
1072, 1303
1073, 1301
1074, 1302
1075, 1302
1076, 1302
1077, 1302
1078, 1302
1079, 1302
1080, 1302
1081, 1302
1082, 1300
1083, 1301
1084, 1301
1085, 1301
1086, 1300
1087, 1299
1088, 1299
1089, 1298
1090, 1298
1091, 1297
1092, 1297
1093, 1295
1094, 1294
1095, 1291
1096, 1289
1097, 1289
1098, 1289
1099, 1288
1100, 1287
1101, 1286
1102, 1286
1103, 1284
1104, 1284
1105, 1282
1106, 1280
1107, 1279
1108, 1279
1109, 1279
1110, 1279
1111, 1279
1112, 1276
1113, 1275
1114, 1275
1115, 1275
1116, 1274
1117, 1273
1118, 1272
1119, 1271
1120, 1268
1121, 1268
1122, 1265
1123, 1263
1124, 1260
1125, 1258
1126, 1255
1127, 1254
1128, 1254
1129, 1252
1130, 1252
1131, 1250
1132, 1249
1133, 1248
1134, 1242
1135, 1241
1136, 1239
1137, 1239
1138, 1238
1139, 1237
1140, 1234
1141, 1230
1142, 1228
1143, 1226
1144, 1221
1145, 1220
1146, 1219
1147, 1219
1148, 1219
1149, 1217
1150, 1216
1151, 1215
1152, 1212
1153, 1212
1154, 1209
1155, 1210
1156, 1203
1157, 1200
1158, 1200
1159, 1200
1160, 1197
1161, 1194
1162, 1194
1163, 1193
1164, 1189
1165, 1187
1166, 1184
1167, 1182
1168, 1178
1169, 1175
1170, 1174
1171, 1171
1172, 1167
1173, 1163
1174, 1162
1175, 1159
1176, 1157
1177, 1155
1178, 1150
1179, 1147
1180, 1145
1181, 1140
1182, 1137
1183, 1134
1184, 1131
1185, 1130
1186, 1122
1187, 1122
1188, 1119
1189, 1113
1190, 1110
1191, 1108
1192, 1098
1193, 1094
1194, 1092
1195, 1085
1196, 1082
1197, 1081
1198, 1079
1199, 1074
1200, 1068
1201, 1062
1202, 1052
1203, 1039
1204, 1037
1205, 1021
1206, 1015
1207, 1000
1208, 992
1209, 988
1210, 978
1211, 971
1212, 957
1213, 948
1214, 943
1215, 928
1216, 921
1217, 911
1218, 900
1219, 888
1220, 878
1221, 872
1222, 866
1223, 857
1224, 850
1225, 836
1226, 829
1227, 816
1228, 814
1229, 807
1230, 796
1231, 796
1232, 794
1233, 797
1234, 795
1235, 800
1236, 812
1237, 818
1238, 827
1239, 825
1240, 834
1241, 850
1242, 859
1243, 879
1244, 888
1245, 913
1246, 948
1247, 991
1248, 1035
1249, 1083
1250, 1136
1251, 1185
1252, 1247
1253, 1288
1254, 1354
1255, 1410
1256, 1464
1257, 1546
1258, 1604
1259, 1641
1260, 1701
1261, 1739
1262, 1783
1263, 1848
1264, 1882
1265, 1913
1266, 1956
1267, 2002
1268, 2033
1269, 2061
1270, 2087
1271, 2116
1272, 2135
1273, 2154
1274, 2173
1275, 2196
1276, 2202
1277, 2229
1278, 2259
1279, 2269
1280, 2275
1281, 2282
1282, 2288
1283, 2294
1284, 2299
1285, 2310
1286, 2318
1287, 2324
1288, 2343
1289, 2361
1290, 2365
1291, 2371
1292, 2380
1293, 2377
1294, 2376
1295, 2384
1296, 2373
1297, 2387
1298, 2400
1299, 2392
1300, 2388
1301, 2379
1302, 2383
1303, 2378
1304, 2369
1305, 2364
1306, 2357
1307, 2359
1308, 2362
1309, 2369
1310, 2365
1311, 2364
1312, 2368
1313, 2375
1314, 2373
1315, 2372
1316, 2366
1317, 2366
1318, 2365
1319, 2362
1320, 2353
1321, 2357
1322, 2347
1323, 2334
1324, 2321
1325, 2315
1326, 2299
1327, 2299
1328, 2284
1329, 2283
1330, 2272
1331, 2276
1332, 2271
1333, 2264
1334, 2253
1335, 2246
1336, 2238
1337, 2239
1338, 2231
1339, 2225
1340, 2213
1341, 2202
1342, 2187
1343, 2170
1344, 2154
1345, 2148
1346, 2143
1347, 2138
1348, 2128
1349, 2119
1350, 2114
1351, 2104
1352, 2088
1353, 2079
1354, 2069
1355, 2051
1356, 2041
1357, 2034
1358, 2021
1359, 2012
1360, 2010
1361, 1998
1362, 1990
1363, 1979
1364, 1965
1365, 1954
1366, 1933
1367, 1923
1368, 1917
1369, 1902
1370, 1881
1371, 1858
1372, 1848
1373, 1847
1374, 1847
1375, 1847
1376, 1846
1377, 1846
1378, 1846
1379, 1845
1380, 1844
1381, 1844
1382, 1842
1383, 1841
1384, 1841
1385, 1841
1386, 1838
1387, 1836
1388, 1836
1389, 1836
1390, 1836
1391, 1835
1392, 1836
1393, 1836
1394, 1836
1395, 1836
1396, 1837
1397, 1837
1398, 1836
1399, 1836
1400, 1836
1401, 1836
1402, 1836
1403, 1836
1404, 1836
1405, 1835
1406, 1834
1407, 1834
1408, 1835
1409, 1833
1410, 1833
1411, 1832
1412, 1832
1413, 1833
1414, 1830
1415, 1829
1416, 1828
1417, 1826
1418, 1826
1419, 1825
1420, 1823
1421, 1822
1422, 1821
1423, 1822
1424, 1822
1425, 1821
1426, 1820
1427, 1820
1428, 1818
1429, 1818
1430, 1820
1431, 1819
1432, 1817
1433, 1816
1434, 1816
1435, 1817
1436, 1817
1437, 1818
1438, 1818
1439, 1817
1440, 1816
1441, 1815
1442, 1814
1443, 1813
1444, 1812
1445, 1809
1446, 1809
1447, 1809
1448, 1808
1449, 1808
1450, 1808
1451, 1805
1452, 1803
1453, 1802
1454, 1800
1455, 1798
1456, 1796
1457, 1794
1458, 1794
1459, 1794
1460, 1794
1461, 1792
1462, 1792
1463, 1789
1464, 1785
1465, 1784
1466, 1781
1467, 1779
1468, 1776
1469, 1775
1470, 1771
1471, 1769
1472, 1769
1473, 1766
1474, 1765
1475, 1763
1476, 1761
1477, 1758
1478, 1756
1479, 1754
1480, 1752
1481, 1749
1482, 1746
1483, 1743
1484, 1741
1485, 1737
1486, 1736
1487, 1735
1488, 1735
1489, 1732
1490, 1728
1491, 1724
1492, 1717
1493, 1715
1494, 1711
1495, 1703
1496, 1701
1497, 1696
1498, 1692
1499, 1689
1500, 1684
1501, 1678
1502, 1675
1503, 1670
1504, 1666
1505, 1660
1506, 1656
1507, 1650
1508, 1643
1509, 1643
1510, 1642
1511, 1633
1512, 1622
1513, 1614
1514, 1607
1515, 1601
1516, 1594
1517, 1590
1518, 1583
1519, 1579
1520, 1572
1521, 1568
1522, 1560
1523, 1552
1524, 1548
1525, 1543
1526, 1536
1527, 1524
1528, 1519
1529, 1507
1530, 1499
1531, 1495
1532, 1483
1533, 1478
1534, 1476
1535, 1468
1536, 1460
1537, 1449
1538, 1442
1539, 1432
1540, 1424
1541, 1421
1542, 1414
1543, 1407
1544, 1401
1545, 1386
1546, 1380
1547, 1376
1548, 1366
1549, 1360
1550, 1354
1551, 1346
1552, 1331
1553, 1325
1554, 1318
1555, 1309
1556, 1302
1557, 1295
1558, 1286
1559, 1276
1560, 1276
1561, 1276
1562, 1275
1563, 1274
1564, 1273
1565, 1273
1566, 1273
1567, 1273
1568, 1273
1569, 1273
1570, 1273
1571, 1273
1572, 1272
1573, 1272
1574, 1272
1575, 1272
1576, 1272
1577, 1271
1578, 1271
1579, 1271
1580, 1271
1581, 1271
1582, 1271
1583, 1271
1584, 1270
1585, 1270
1586, 1269
1587, 1269
1588, 1269
1589, 1268
1590, 1268
1591, 1268
1592, 1268
1593, 1268
1594, 1268
1595, 1267
1596, 1267
1597, 1267
1598, 1267
1599, 1267
1600, 1266
