0.05	0
0.1	0.419662
0.112214	0.414536
0.11559	0.41301
0.119985	0.412689
0.144713	0.412186
0.204713	0.410217
0.263016	0.405685
0.284198	0.400009
0.293258	0.397583
0.305904	0.396683
0.358928	0.395615
0.420428	0.391769
0.466334	0.386963
0.498373	0.38382
0.533071	0.381653
0.596109	0.37915
0.660722	0.374908
0.726951	0.370605
0.794836	0.366898
0.864417	0.362564
0.935738	0.358292
1.00884	0.354935
1.08377	0.35112
1.16058	0.347687
1.2393	0.344147
1.32	0.340485
1.40271	0.336746
1.48749	0.333008
1.57438	0.329514
1.66346	0.325958
1.75475	0.322464
1.84833	0.319077
1.94425	0.315186
2.04257	0.311859
2.14334	0.308411
2.24664	0.304764
2.35251	0.301071
2.46104	0.297806
2.57227	0.294067
2.68629	0.290512
2.80316	0.287109
2.92295	0.283844
3.04573	0.28067
3.17159	0.276932
3.30059	0.273819
3.43281	0.270477
3.56834	0.267426
3.70726	0.264603
3.84966	0.261749
3.99561	0.258698
4.14521	0.255707
4.29855	0.252411
4.45572	0.249496
4.61683	0.246597
4.78196	0.243454
4.95122	0.240204
5.12471	0.237411
5.30254	0.234024
5.48481	0.23111
5.67164	0.228363
5.86315	0.22554
6.05944	0.222397
6.26063	0.219666
6.46686	0.216812
6.67824	0.214294
6.89491	0.211319
7.11699	0.20874
7.34463	0.206146
7.57795	0.203369
7.81711	0.200302
8.06225	0.197617
8.31352	0.194687
8.57107	0.192398
8.83505	0.190247
9.10564	0.187332
9.38299	0.184677
9.66728	0.182236
9.95867	0.180023
10.2573	0.177521
10.5635	0.174957
10.8773	0.172623
11.1989	0.170151
11.5286	0.167801
11.8665	0.165466
12.2129	0.1633
12.568	0.16098
12.9319	0.158875
13.3049	0.15686
13.6872	0.15451
14.0791	0.152542
14.4808	0.15033
14.8925	0.148239
15.3145	0.146347
15.7471	0.144302
16.1905	0.142365
16.645	0.140411
17.1108	0.138168
17.5883	0.136261
18.0777	0.13414
18.5794	0.131973
19.0936	0.130234
19.6206	0.128479
20.1608	0.12677
20.7146	0.12468
21.2821	0.122818
21.8639	0.12114
22.4602	0.119278
23.0714	0.117279
23.6979	0.11554
24.3401	0.113953
24.9983	0.112244
25.673	0.110443
26.3645	0.108948
27.0733	0.107178
27.7999	0.105667
28.5446	0.10405
29.3079	0.102417
30.0903	0.100739
30.8923	0.0993652
31.7143	0.0979767
32.5569	0.0962219
33.4205	0.0942841
34.3057	0.092804
35.2131	0.0911407
36.1431	0.0897064
37.0964	0.088562
38.0735	0.0873718
39.0751	0.085968
40.1016	0.0845032
41.1539	0.0832062
42.2324	0.081665
43.338	0.0803375
44.4711	0.0792694
45.6326	0.078186
46.8231	0.076828
48.0434	0.0755768
49.2942	0.0742035
50.5763	0.0730896
51.8904	0.0719452
53.2374	0.0708313
54.618	0.0698395
56.0332	0.0689392
57.4837	0.0678558
58.9705	0.0666351
60.4945	0.0655365
62.0566	0.0645599
63.6577	0.0635986
65.2989	0.0625458
66.981	0.0614471
68.7053	0.0605011
70.4726	0.0596161
72.2842	0.0585785
74.141	0.0576324
76.0442	0.0569763
77.995	0.0559387
79.9946	0.055069
82.0442	0.0542755
84.145	0.0530701
86.2983	0.0523987
88.5055	0.0514984
90.7679	0.050766
93.0868	0.0496826
95.4636	0.0487823
97.8999	0.048111
100.397	0.0471802
102.957	0.0462646
105.58	0.0455475
108.27	0.0449066
111.026	0.0441895
113.851	0.043335
116.747	0.0426331
119.716	0.04216
122.758	0.0413971
125.877	0.040863
129.074	0.0403137
132.35	0.0397797
135.709	0.0393066
139.151	0.038559
142.68	0.0380402
146.296	0.0375671
150.004	0.0370483
153.803	0.0365448
157.698	0.0361786
161.69	0.0353851
165.782	0.0348206
169.977	0.0342407
174.276	0.0337982
178.682	0.0332336
183.199	0.0326691
187.829	0.0323029
192.574	0.0319519
197.438	0.0313873
202.424	0.0309601
207.534	0.0304413
212.772	0.0298004
218.141	0.0293884
223.644	0.0291138
229.285	0.0287933
235.067	0.0284271
240.994	0.0280914
241.044	0.0277557
241.104	0.0277557
241.165	0.0277405
241.228	0.0277405
241.293	0.0277252
241.359	0.0277252
241.427	0.0277252
241.496	0.02771
241.568	0.02771
241.641	0.02771
241.716	0.02771
241.793	0.0276794
241.871	0.0276642
241.952	0.0276642
242.035	0.0276489
242.119	0.0276337
242.206	0.0276337
242.295	0.0276184
242.387	0.0276184
242.48	0.0276184
242.576	0.0276184
242.675	0.0276184
242.775	0.0276184
242.879	0.0276184
242.984	0.0276184
243.093	0.0276184
243.204	0.0276031
243.318	0.0275879
243.435	0.0275726
243.555	0.0275726
243.678	0.0275726
243.804	0.0275726
243.933	0.0275726
244.065	0.0275574
244.2	0.0275269
244.339	0.0275269
244.482	0.0275269
244.628	0.0275269
244.777	0.0275116
244.931	0.0274963
245.088	0.0274963
245.249	0.0274963
245.414	0.0274963
245.583	0.0274811
245.757	0.0274811
245.935	0.0274811
246.117	0.0274658
246.304	0.0274506
246.495	0.0274506
246.691	0.0274353
246.893	0.0274353
247.099	0.0274353
247.31	0.02742
247.527	0.02742
247.749	0.02742
247.977	0.0274048
248.21	0.0273895
248.449	0.0273438
248.694	0.0273438
248.945	0.0273132
249.203	0.0272827
249.467	0.0272827
249.738	0.0272522
250.015	0.0271912
250.299	0.0271759
250.591	0.0271759
250.889	0.0271759
251.195	0.0271301
251.509	0.0270691
251.831	0.0270386
252.161	0.0269928
252.499	0.0269928
252.845	0.0269623
253.2	0.0269318
253.564	0.0269165
253.937	0.026886
254.319	0.0268402
254.711	0.026825
255.113	0.026825
255.524	0.0268097
255.947	0.0267639
256.379	0.0267334
256.822	0.0267181
257.277	0.0266876
257.743	0.0266876
258.22	0.0266876
258.71	0.0266876
259.211	0.0266876
259.726	0.0266876
260.253	0.0266571
260.793	0.0266418
261.347	0.0266113
261.914	0.0265808
262.496	0.0265045
263.092	0.0264587
263.703	0.0264282
264.33	0.0263519
264.972	0.0263367
265.63	0.0263062
266.305	0.0262909
266.996	0.0262451
267.705	0.0262299
268.432	0.0261993
269.177	0.0260773
269.94	0.0260315
270.722	0.0259705
271.524	0.0259094
272.346	0.0258636
273.189	0.0257874
274.052	0.0257416
274.938	0.0257263
275.845	0.02565
276.775	0.0256042
277.728	0.0254974
278.705	0.0254517
279.707	0.0253601
280.734	0.0252991
281.786	0.0252838
282.864	0.0252228
283.97	0.025177
285.103	0.025177
286.265	0.0251465
287.455	0.0251312
288.675	0.0251007
289.926	0.0250092
291.208	0.0249329
292.522	0.0248413
293.869	0.0247955
295.25	0.024704
296.665	0.0246429
298.116	0.0245667
299.603	0.0244751
301.126	0.0243988
302.689	0.0243683
304.29	0.0243225
305.931	0.024292
307.613	0.0242157
309.337	0.0240936
311.105	0.0240021
312.916	0.0238037
314.773	0.0237579
316.676	0.0236664
318.627	0.0235596
320.627	0.0234222
322.676	0.0233612
324.777	0.0232239
326.93	0.0231018
329.137	0.0230255
331.4	0.0229797
333.719	0.0229034
336.096	0.0228271
338.532	0.0227203
341.029	0.022583
343.589	0.022522
346.212	0.0224457
348.902	0.0223083
351.658	0.0222626
354.483	0.0222168
357.379	0.0220947
360.348	0.0218811
363.39	0.0218201
366.509	0.021637
369.706	0.0215607
372.982	0.0214996
376.341	0.0214081
379.783	0.0212708
383.312	0.021225
386.928	0.0211334
390.636	0.0210876
394.435	0.0210114
398.33	0.0209656
402.322	0.0208282
406.414	0.0207214
410.609	0.0205688
414.908	0.0204773
419.314	0.0203857
423.831	0.02034
428.461	0.0202789
433.206	0.0200806
438.07	0.0198669
443.056	0.0197296
448.166	0.0195923
453.404	0.019516
458.773	0.0193939
464.276	0.0193024
469.917	0.0191345
475.699	0.0190887
481.626	0.0189514
487.7	0.0187836
493.926	0.0187225
500.309	0.0185852
506.85	0.0184784
513.555	0.0183411
520.428	0.0181732
527.473	0.0179901
534.694	0.0179138
542.095	0.0178528
549.681	0.0177917
557.457	0.0176544
